-0.87393
-0.87070
-0.86975
-0.81658
-0.83049
-0.76716
-0.76965
-0.85179
-0.84921
-0.85540
-0.82235
-0.84189
-0.92998
-0.82823
-0.80436
-0.86752
-0.92467
-0.97935
-0.64879
-1.03543
-0.88826
-0.71225
-0.91124
-0.86965
-0.90002
-0.87094
-1.00072
-0.82427
-0.85327
-0.84279
-0.94483
-0.98870
-0.84886
-0.88222
-0.92310
-0.91747
-0.86684
-0.99021
-0.99576
-0.80971
-0.89787
-0.88766
-0.78055
-0.72761
-0.79591
-0.69566
-0.77427
-0.87769
-0.79722
-0.94623
-0.77386
-0.97676
-1.02358
-0.80256
-0.90445
-0.91797
-0.85860
-0.91246
-0.76159
-0.89438
-0.92588
-0.84413
-0.87306
-0.89091
-0.87627
-0.76564
-0.93403
-0.90287
-0.92522
-0.86343
-0.81863
-0.85180
-0.80565
-0.67726
-0.87742
-0.81218
-0.96504
-0.96416
-0.72249
-0.93915
-0.96284
-0.71863
-0.87375
-0.86103
-0.83330
-0.86000
-0.73655
-0.91664
-0.88643
-0.85433
-0.90584
-0.93123
-0.68020
-0.91524
-0.85721
-0.89033
-0.89439
-0.85973
-0.82898
-0.81081
-0.88788
-0.82840
-0.91139
-0.88456
-0.76283
-0.84908
-0.79896
-0.77844
-0.85655
-1.06107
-0.88557
-0.79740
-0.77576
-0.93444
-0.84445
-0.98980
-0.99166
-0.77277
-0.72229
-1.01323
-0.94386
-0.79818
-0.91055
-0.88033
-0.91460
-0.92161
-0.89447
-0.78972
-0.81627
-0.78700
-0.92535
-0.80636
-0.84612
-0.74418
-1.00253
-0.76160
-0.84180
-0.80461
-0.90404
-0.76360
-0.84801
-0.69161
-0.94302
-0.89607
-0.81377
-0.83784
-0.94692
-0.81211
-0.95741
-0.77840
-0.93569
-0.82412
-0.89406
-0.71587
-0.70645
-0.95639
-0.83450
-0.80553
-0.94697
-0.79171
-0.89946
-0.86888
-0.95888
-0.77518
-0.91697
-0.83444
-0.91775
-0.83728
-0.89612
-0.91093
-0.83454
-0.80864
-0.87481
-0.85501
-0.82607
-0.87095
-0.82723
-0.79247
-0.81571
-0.80066
-0.90452
-0.80341
-0.84016
-0.97387
-0.93846
-0.97252
-0.78437
-0.89113
-0.79847
-0.77085
-0.86012
-0.72292
-0.86757
-0.92099
-0.72447
-0.88033
-0.89139
-0.86627
-0.88455
-0.92059
-0.84277
-0.87965
-0.78356
-0.86138
-0.85844
-0.93497
-0.89270
-0.94506
-0.96918
-0.78327
-0.85303
-0.84049
-0.70414
-0.86978
-0.88953
-0.74954
-0.88175
-0.75046
-0.77429
-0.81201
-0.90684
-0.85920
-0.85434
-0.85565
-0.94924
-0.86811
-0.91900
-0.70385
-0.90111
-0.86572
-0.73834
-0.92937
-0.84615
-0.87560
-1.04085
-0.89010
-0.77558
-0.80994
-0.64921
-0.86519
-0.95603
-0.89305
-0.93592
-0.84905
-0.94733
-0.88778
-0.93812
-0.78337
-0.83701
-0.86683
-0.83289
-0.78093
-0.91435
-0.82686
-1.03144
-0.93996
-0.92812
-0.81824
-0.80984
-0.77870
-0.97456
-0.88256
-0.84631
-0.78862
-0.90807
-0.87099
-0.86078
-0.82315
-0.90716
-0.88976
-0.90856
-0.92346
-0.79848
-0.81467
-0.96509
-0.93558
-0.80006
-0.95154
-0.94950
-0.82648
-0.79594
-0.84148
-0.83627
-0.83385
-0.86565
-0.96954
-0.96359
-0.87852
-0.82160
-0.85832
-0.94567
-0.67384
-1.00018
-0.96258
-0.78848
-0.82124
-0.78438
-0.79145
-0.80056
-0.76746
-0.83012
-0.77807
-0.73344
-0.89588
-0.87791
-0.81430
-0.82317
-0.87724
-0.96316
-0.83735
-0.91728
-0.77076
-0.83941
-0.71587
-0.78742
-0.88591
-0.72863
-0.93917
-0.77695
-1.00107
-0.81004
-0.80933
-0.76360
-0.89865
-0.90881
-1.04582
-0.82762
-0.80169
-0.84828
-0.78129
-0.85240
-0.89627
-0.72312
-0.85418
-0.88661
-0.86700
-0.94504
-0.85334
-0.90835
-0.86996
-0.72907
-0.83855
-0.70289
-0.82084
-0.86257
-0.90606
-0.94293
-0.89420
-0.91553
-0.82593
-0.88210
-0.82516
-0.84703
-0.77381
-0.77482
-0.72959
-0.87329
-0.77893
-0.95810
-0.94828
-0.87235
-0.77245
-0.84350
-0.82560
-0.96734
-0.87178
-0.94265
-0.80849
-0.85503
-0.97415
-0.82748
-0.76359
-0.85586
-0.82730
-0.91911
-0.83368
-0.89048
-0.94460
-0.82172
-0.94692
-0.89710
-0.70239
-0.80096
-0.75650
-0.69250
-0.82516
-0.73428
-0.85998
-0.78581
-0.83823
-0.77331
-0.93436
-0.97652
-0.81235
-0.83098
-0.81990
-0.89143
-0.98168
-0.85618
-0.99453
-0.78472
-0.71855
-0.84315
-0.83414
-0.68980
-0.89130
-0.92756
-0.82770
-0.86203
-0.90397
-0.77617
-0.65969
-0.76173
-0.74369
-0.91945
-0.84456
-0.93524
-0.78944
-0.93823
-0.88355
-0.75468
-0.75155
-0.67887
-0.78362
-0.96251
-0.93889
-0.93039
-0.75227
-0.66576
-0.91028
-0.92721
-0.93610
-0.92392
-0.96786
-0.94663
-0.86593
-0.90490
-0.75951
-0.99513
-0.94009
-0.83757
-0.79268
-0.95258
-0.75505
-0.91804
-0.74143
-0.99637
-0.86864
-0.83502
-0.73031
-0.71833
-0.76022
-0.78823
-0.85969
-0.77753
-0.87581
-0.80637
-0.68525
-0.96588
-0.93156
-0.95997
-0.99149
-0.96614
-0.82825
-0.91518
-0.83410
-0.85778
-0.86806
-0.83194
-0.82489
-0.87304
-0.81578
-0.82632
-0.96006
-0.87119
-0.78587
-0.86109
-0.86581
-0.97200
-0.84415
-0.71970
-0.80702
-0.85477
-0.74038
-0.76382
-0.86966
-0.90385
-0.88448
-1.01183
-0.94676
-0.83780
-0.81368
-0.83127
-0.95975
-0.88896
-0.88710
-1.01543
-0.74171
-0.90570
-0.83992
-0.69716
-0.91537
-0.72888
-0.95403
-0.75231
-0.83683
-0.81549
-0.67976
-0.70780
-0.86171
-0.86500
-0.88953
-0.97954
-0.89113
-0.81576
-0.71523
-0.86621
-0.89631
-0.88097
-0.82937
-0.73629
-0.84528
-0.92371
-0.79322
-0.92240
-0.79062
-0.89625
-0.83225
-0.87260
-0.88853
-0.90794
-0.84533
-0.78802
-0.83643
-0.89499
-0.98541
-0.90854
-0.92097
-0.94114
-0.76341
-0.91744
-0.90383
-0.75487
-0.77433
-0.72442
-0.78839
-0.87199
-0.90979
-0.87689
-0.87873
-0.89975
-0.85727
-0.96028
-0.76188
-0.83462
-0.87460
-0.77371
-0.86375
-0.86832
-0.78855
-0.90971
-0.90261
-0.99443
-0.75586
-0.82906
-0.83024
-0.81748
-0.86587
-0.81941
-0.84003
-0.90680
-0.87146
-0.98835
-1.00592
-0.77272
-0.95819
-1.07459
-0.71329
-0.76602
-0.95621
-0.93658
-0.86512
-0.70075
-0.77506
-0.77307
-0.93530
-0.92768
-0.89672
-0.82986
-0.82003
-0.78450
-0.87381
-0.73584
-0.88771
-0.91776
-0.98398
-0.78835
-0.82298
-0.81592
-0.90206
-0.85860
-0.84157
-0.73652
-0.93965
-1.06852
-0.78386
-0.78381
-0.83359
-0.79230
-0.94022
-0.83166
-0.69665
-0.77689
-0.78815
-1.12784
-0.78597
-0.83914
-0.79584
-0.92934
-0.87191
-0.73692
-0.93387
-0.85436
-0.82649
-0.81934
-0.72772
-0.95719
-0.85624
-0.98100
-0.78918
-0.81403
-0.77921
-0.99390
-0.90382
-0.93421
-0.82207
-0.85619
-0.96305
-0.92923
-0.89111
-0.93177
-0.80289
-0.84732
-0.87620
-0.84392
-0.85463
-0.83205
-0.72307
-0.90983
-0.78352
-0.91468
-0.89349
-0.84517
-1.02636
-0.75978
-0.84610
-0.93771
-0.88118
-0.70106
-0.85067
-0.87093
-0.84509
-0.88384
-0.78361
-0.84983
-0.73457
-0.78379
-0.76598
-0.96506
-0.88323
-1.01968
-0.76990
-0.74844
-0.80916
-0.83989
-0.93906
-0.91840
-0.87862
-0.77465
-0.72804
-0.86637
-0.79031
-0.90254
-0.81214
-0.84515
-0.77700
-0.83030
-0.87985
-0.84301
-0.89748
-0.74197
-1.01499
-0.92769
-0.80041
-0.77128
-0.90741
-0.76107
-0.78611
-0.87169
-0.89192
-0.87718
-0.98953
-0.71152
-0.83105
-0.83073
-1.01339
-0.99629
-0.93368
-0.89104
-0.75739
-0.93301
-0.81076
-0.87399
-0.96534
-0.83074
-0.80433
-0.68983
-0.75017
-0.84141
-0.81815
-0.92366
-0.77991
-0.88140
-0.96113
-0.76084
-0.85473
-0.88090
-0.84119
-0.92806
-1.06242
-0.93340
-0.97382
-0.85301
-0.94821
-0.91094
-0.81027
-0.95793
-0.83126
-0.79108
-0.82066
-0.87625
-0.92405
-0.81057
-0.79719
-0.83745
-0.82626
-0.88087
-0.84351
-0.85230
-0.67887
-0.77609
-0.83147
-0.75457
-0.93910
-0.81931
-0.98442
-0.88040
-0.93728
-0.88360
-0.77997
-0.85686
-0.74254
-0.82161
-0.93772
-0.85489
-0.86248
-0.80982
-0.80923
-0.94717
-0.85094
-1.03552
-0.86460
-0.87263
-0.83102
-0.85459
-0.83918
-0.84072
-0.97381
-0.75682
-0.89738
-0.84448
-0.77951
-0.83351
-0.89399
-0.71369
-0.87134
-0.80332
-0.77431
-0.79053
-0.85035
-0.82714
-1.05631
-0.88838
-0.73129
-0.95718
-0.91350
-0.91897
-0.90055
-0.76404
-0.95806
-0.84728
-0.94440
-0.89828
-0.86511
-0.77830
-0.87154
-0.84207
-0.77797
-0.96955
-0.79173
-0.74018
-0.85387
-0.80949
-0.84255
-0.90825
-0.79339
-0.83656
-0.90850
-0.89022
-0.83688
-0.96076
-0.88385
-0.91772
-0.89326
-0.69880
-0.90769
-0.86099
-0.77835
-0.82507
-0.72992
-0.88998
-0.76911
-0.86826
-0.96337
-0.84868
-0.75000
-0.79723
-0.95679
-0.85877
-0.75676
-0.81112
-0.76540
-0.83833
-0.83628
-0.87250
-0.75939
-0.82271
-0.91954
-0.72371
-0.84836
-0.90918
-0.73100
-0.78953
-0.84273
-0.78146
-0.82196
-0.83213
-0.90243
-0.88734
-0.87527
-0.96340
-0.74583
-0.87752
-0.90498
-0.79419
-0.96768
-0.83813
-0.90747
-0.76723
-0.78774
-0.91223
-0.79460
-0.98184
-0.89142
-0.85190
-0.92447
-0.91612
-0.82001
-0.81040
-0.94712
-0.80050
-0.95733
-0.83250
-0.86851
-0.82790
-0.96172
-0.74859
-0.78647
-0.90193
-0.80036
-0.78377
-0.90668
-0.79305
-0.94264
-0.94651
-0.97218
-0.94410
-0.85052
-0.99722
-0.84413
-0.79927
-0.82450
-0.99366
-0.78100
-0.91099
-0.84310
-0.84807
-0.75526
-0.87520
-0.76304
-0.92603
-0.93812
-0.94357
-0.81840
-0.85083
-0.79489
-0.77867
-0.93483
-0.81255
-0.78756
-0.83259
-0.78214
-0.82024
-0.80060
-0.97899
-0.87661
-0.95183
-0.88584
-0.89191
-0.77090
-1.05108
-0.85698
-0.87281
-0.84759
-0.85942
-0.83757
-0.90729
-1.01817
-0.84907
-0.89820
-0.71038
-0.77500
-0.90034
-0.90679
-0.75753
-1.02835
-0.91653
-0.85151
-0.81428
-0.81451
-0.94918
-0.97517
-0.91919
-0.86780
-0.81230
-0.86153
-0.76040
-0.84799
-0.99236
-0.83969
-0.96841
-0.87182
-0.79186
-0.82279
-0.84045
-0.78389
-0.84886
-0.95448
-0.90774
-0.60603
-0.85171
-0.81840
-0.90090
-0.90334
-0.85486
-0.83910
-0.85201
-0.82200
-0.82936
-0.81547
-0.89000
-0.81645
-0.89518
-0.79871
-0.90403
-0.80425
-0.95379
-0.98750
-0.86129
-0.72898
-0.93592
-0.87863
-0.84078
-0.82542
-0.92831
-0.82225
-0.71543
-0.82554
-0.80002
-0.85737
