-0.59215
-0.62066
-0.57770
-0.65790
-0.69472
-0.63472
-0.67474
-0.60718
-0.64042
-0.68084
-0.65658
-0.59460
-0.63302
-0.67937
-0.61905
-0.59178
-0.67715
-0.62575
-0.64914
-0.53876
-0.63619
-0.63924
-0.62655
-0.68413
-0.55623
-0.63361
-0.59987
-0.60679
-0.62724
-0.66728
-0.62796
-0.59334
-0.64841
-0.62567
-0.62534
-0.61926
-0.66831
-0.64183
-0.62046
-0.65134
-0.62598
-0.61733
-0.64331
-0.60214
-0.68677
-0.67764
-0.61267
-0.63813
-0.64316
-0.62732
-0.61364
-0.64372
-0.62472
-0.60479
-0.62488
-0.58441
-0.63787
-0.61365
-0.64555
-0.64494
-0.56405
-0.64037
-0.61817
-0.56841
-0.56705
-0.64052
-0.60483
-0.62030
-0.66132
-0.68061
-0.59159
-0.67993
-0.59529
-0.66308
-0.62326
-0.74088
-0.58563
-0.58891
-0.63807
-0.64668
-0.64042
-0.61575
-0.68502
-0.69642
-0.67197
-0.67700
-0.73366
-0.63173
-0.60704
-0.58526
-0.62750
-0.56945
-0.67730
-0.67459
-0.66720
-0.64604
-0.65837
-0.58230
-0.63031
-0.76629
-0.69214
-0.63934
-0.61276
-0.58254
-0.73041
-0.64933
-0.65460
-0.67373
-0.60452
-0.63055
-0.59615
-0.57213
-0.67008
-0.56514
-0.62700
-0.62690
-0.65888
-0.64822
-0.58606
-0.59017
-0.64438
-0.71792
-0.57093
-0.65831
-0.53300
-0.68244
-0.61118
-0.64844
-0.68203
-0.61884
-0.57523
-0.68302
-0.58691
-0.72948
-0.58825
-0.63258
-0.56097
-0.65041
-0.64335
-0.60775
-0.63436
-0.65063
-0.60504
-0.66444
-0.62943
-0.65450
-0.55343
-0.67198
-0.62055
-0.64919
-0.60848
-0.62849
-0.66042
-0.67484
-0.66513
-0.63510
-0.64545
-0.60206
-0.60673
-0.58810
-0.67792
-0.58967
-0.56135
-0.70453
-0.62752
-0.61813
-0.57590
-0.59812
-0.58962
-0.60274
-0.63688
-0.57141
-0.65707
-0.54533
-0.64040
-0.55198
-0.60128
-0.63101
-0.53050
-0.67987
-0.72073
-0.69825
-0.63662
-0.61980
-0.62033
-0.63768
-0.60305
-0.64300
-0.75373
-0.60722
-0.59461
-0.71766
-0.66964
-0.65808
-0.65420
-0.66049
-0.64474
-0.66546
-0.60945
-0.61484
-0.58742
-0.60679
-0.64148
-0.63468
-0.62207
-0.63732
-0.59203
-0.64666
-0.61822
-0.64687
-0.62407
-0.64882
-0.66822
-0.63742
-0.63813
-0.63538
-0.66365
-0.72068
-0.64895
-0.68104
-0.61615
-0.64951
-0.72120
-0.64543
-0.61601
-0.59045
-0.61005
-0.64589
-0.59088
-0.56417
-0.71254
-0.63249
-0.68088
-0.62942
-0.55330
-0.62087
-0.65278
-0.66052
-0.66647
-0.68523
-0.61763
-0.66193
-0.65187
-0.63571
-0.56766
-0.59918
-0.59121
-0.62809
-0.58219
-0.63388
-0.62609
-0.68509
-0.61412
-0.69750
-0.59282
-0.55939
-0.62215
-0.62945
-0.61609
-0.70407
-0.61355
-0.61325
-0.64265
-0.65284
-0.67299
-0.67648
-0.63539
-0.59154
-0.60885
-0.58381
-0.67395
-0.61127
-0.65990
-0.62194
-0.67596
-0.65559
-0.64814
-0.58576
-0.59399
-0.59703
-0.69362
-0.73130
-0.65210
-0.57991
-0.69116
-0.62120
-0.59001
-0.64649
-0.74543
-0.67406
-0.64567
-0.69660
-0.59600
-0.59219
-0.64119
-0.65164
-0.64396
-0.62600
-0.55836
-0.62624
-0.68986
-0.64439
-0.66082
-0.59693
-0.65212
-0.71899
-0.58889
-0.65638
-0.64696
-0.59802
-0.64824
-0.66071
-0.64734
-0.72433
-0.67109
-0.65644
-0.64974
-0.59126
-0.68388
-0.64762
-0.64309
-0.65062
-0.64936
-0.60167
-0.55583
-0.56649
-0.74200
-0.58725
-0.61289
-0.64739
-0.63777
-0.69300
-0.66420
-0.67461
-0.62819
-0.60404
-0.52940
-0.66779
-0.55602
-0.65073
-0.61643
-0.62844
-0.63195
-0.66350
-0.67852
-0.59612
-0.67220
-0.61023
-0.65281
-0.57333
-0.68587
-0.60387
-0.56460
-0.59737
-0.56228
-0.61745
-0.63117
-0.67562
-0.70366
-0.70229
-0.55644
-0.75260
-0.63430
-0.62033
-0.66167
-0.70687
-0.61594
-0.63865
-0.52617
-0.59508
-0.63612
-0.53639
-0.71383
-0.64505
-0.54345
-0.64244
-0.56809
-0.65518
-0.61528
-0.65142
-0.53727
-0.65223
-0.64126
-0.57417
-0.67057
-0.57609
-0.66661
-0.61235
-0.68954
-0.53158
-0.70824
-0.60165
-0.61270
-0.66655
-0.62842
-0.60080
-0.69142
-0.62061
-0.69807
-0.56610
-0.61954
-0.64952
-0.64079
-0.64677
-0.60551
-0.60452
-0.67586
-0.63511
-0.65543
-0.62772
-0.54698
-0.71361
-0.68905
-0.59072
-0.61380
-0.62043
-0.74105
-0.61687
-0.72728
-0.65776
-0.71493
-0.62680
-0.69369
-0.62507
-0.65955
-0.57477
-0.70447
-0.71800
-0.66811
-0.64237
-0.60989
-0.58861
-0.67801
-0.66036
-0.59718
-0.66505
-0.62502
-0.63089
-0.58462
-0.65865
-0.66516
-0.64210
-0.66570
-0.65017
-0.69378
-0.65059
-0.57300
-0.65719
-0.65604
-0.68548
-0.63867
-0.63999
-0.61061
-0.58986
-0.66699
-0.58696
-0.57994
-0.57927
-0.60302
-0.60198
-0.66460
-0.66745
-0.60160
-0.58419
-0.56183
-0.61113
-0.66950
-0.69315
-0.71173
-0.61608
-0.60950
-0.67295
-0.75158
-0.63444
-0.61125
-0.63037
-0.66318
-0.64477
-0.59164
-0.65104
-0.62050
-0.65382
-0.61982
-0.65913
-0.70898
-0.63399
-0.64522
-0.70059
-0.66099
-0.54967
-0.73557
-0.66249
-0.68477
-0.69551
-0.56983
-0.55924
-0.57047
-0.68019
-0.64238
-0.54678
-0.63313
-0.59548
-0.65963
-0.57542
-0.72082
-0.66463
-0.72606
-0.72211
-0.70816
-0.67809
-0.65393
-0.66117
-0.58507
-0.66479
-0.64952
-0.61411
-0.68700
-0.69408
-0.73637
-0.58064
-0.72089
-0.56639
-0.67260
-0.64643
-0.62990
-0.62643
-0.68130
-0.73333
-0.63782
-0.66991
-0.62735
-0.58163
-0.74876
-0.62634
-0.61775
-0.64918
-0.60662
-0.63166
-0.56383
-0.63111
-0.58651
-0.69708
-0.62143
-0.58904
-0.64088
-0.60134
-0.63403
-0.57986
-0.63279
-0.68430
-0.63064
-0.66858
-0.56709
-0.65210
-0.67499
-0.64078
-0.65061
-0.66151
-0.60529
-0.63969
-0.65818
-0.61207
-0.64349
-0.74644
-0.68466
-0.63321
-0.64752
-0.71907
-0.63111
-0.66190
-0.65209
-0.65372
-0.59285
-0.62021
-0.67882
-0.66093
-0.51677
-0.79948
-0.65149
-0.69500
-0.62875
-0.63270
-0.70009
-0.64557
-0.63012
-0.68263
-0.61207
-0.61380
-0.62420
-0.57008
-0.66358
-0.61567
-0.68630
-0.65056
-0.70149
-0.60469
-0.63505
-0.65017
-0.59537
-0.60729
-0.69356
-0.65479
-0.64978
-0.65388
-0.59964
-0.56244
-0.70311
-0.62021
-0.60778
-0.67731
-0.63020
-0.63415
-0.61711
-0.65132
-0.55910
-0.64037
-0.62521
-0.66256
-0.54561
-0.64015
-0.57377
-0.65642
-0.67030
-0.68544
-0.69703
-0.66251
-0.61700
-0.61230
-0.56272
-0.61571
-0.70246
-0.65096
-0.66939
-0.61050
-0.57038
-0.73753
-0.61310
-0.59774
-0.62113
-0.65404
-0.59188
-0.56940
-0.58492
-0.66231
-0.65683
-0.65532
-0.67397
-0.64822
-0.66615
-0.66971
-0.64144
-0.68508
-0.65478
-0.62831
-0.60406
-0.68575
-0.63105
-0.69498
-0.64142
-0.70904
-0.59861
-0.65681
-0.74432
-0.71110
-0.65015
-0.59793
-0.63567
-0.64752
-0.64780
-0.59829
-0.60722
-0.66957
-0.65783
-0.60784
-0.68712
-0.61351
-0.58350
-0.61887
-0.63469
-0.67548
-0.61447
-0.67900
-0.54449
-0.69219
-0.59762
-0.63891
-0.59055
-0.71748
-0.72406
-0.59290
-0.67608
-0.62531
-0.61123
-0.61425
-0.67764
-0.56670
-0.64230
-0.64939
-0.66418
-0.59390
-0.63400
-0.56627
-0.60649
-0.71056
-0.58046
-0.58508
-0.60032
-0.59224
-0.58909
-0.65752
-0.61823
-0.62512
-0.65794
-0.70138
-0.68928
-0.63611
-0.57179
-0.61520
-0.59240
-0.69146
-0.67170
-0.62433
-0.59471
-0.58241
-0.64236
-0.62332
-0.61528
-0.61269
-0.61511
-0.56001
-0.63590
-0.66139
-0.65313
-0.55988
-0.60168
-0.52821
-0.63253
-0.56313
-0.69077
-0.64445
-0.61931
-0.64592
-0.69735
-0.62678
-0.64401
-0.56812
-0.59390
-0.60917
-0.56676
-0.68367
-0.64597
-0.67665
-0.69376
-0.62584
-0.66384
-0.64611
-0.67762
-0.57310
-0.58775
-0.67021
-0.64218
-0.67457
-0.58750
-0.55619
-0.61557
-0.60661
-0.59498
-0.65063
-0.55729
-0.70472
-0.65415
-0.64850
-0.66653
-0.68472
-0.59527
-0.74234
-0.62248
-0.67278
-0.65047
-0.63031
-0.68474
-0.67855
-0.64882
-0.65651
-0.62477
-0.68712
-0.60820
-0.56246
-0.63352
-0.65793
-0.64127
-0.59257
-0.60948
-0.71431
-0.58030
-0.65434
-0.61762
-0.58016
-0.62901
-0.62247
-0.60018
-0.58641
-0.61477
-0.64886
-0.56651
-0.68864
-0.72218
-0.57798
-0.65990
-0.66706
-0.68677
-0.56992
-0.71809
-0.70373
-0.67299
-0.60949
-0.62763
-0.59050
-0.64992
-0.69321
-0.50703
-0.64512
-0.59901
-0.70756
-0.57423
-0.66173
-0.67061
-0.64258
-0.62202
-0.62014
-0.61837
-0.69471
-0.65755
-0.54183
-0.61747
-0.71723
-0.57955
-0.60444
-0.67590
-0.66819
-0.62102
-0.67080
-0.67608
-0.62701
-0.65573
-0.66958
-0.70117
-0.61784
-0.64305
-0.64790
-0.65433
-0.68071
-0.67226
-0.65057
-0.66096
-0.61966
-0.63290
-0.66193
-0.64407
-0.67130
-0.58617
-0.61281
-0.64145
-0.60345
-0.65647
-0.64745
-0.68115
-0.66220
-0.66737
-0.61425
-0.65585
-0.58763
-0.63786
-0.60659
-0.66352
-0.60853
-0.64763
-0.65050
-0.66827
-0.62180
-0.70931
-0.57804
-0.67075
-0.63265
-0.64521
-0.65399
-0.65292
-0.64413
-0.57932
-0.60283
-0.69592
-0.59783
-0.61108
-0.63497
-0.62151
-0.65992
-0.68912
-0.58684
-0.67510
-0.62353
-0.64321
-0.71311
-0.63350
-0.62855
-0.65759
-0.59603
-0.67285
-0.63082
-0.65980
-0.62250
-0.65677
-0.69498
-0.71274
-0.68445
-0.65292
-0.67477
-0.56673
-0.60177
-0.66043
-0.71595
-0.67888
-0.65518
-0.63404
-0.60503
-0.60205
-0.73528
-0.60661
-0.66398
-0.63836
-0.61146
-0.56974
-0.63606
-0.64773
-0.62429
-0.68271
-0.64750
-0.67914
-0.53729
-0.62112
-0.63260
-0.65240
-0.63607
-0.62217
-0.63065
-0.65846
-0.60615
-0.65319
-0.59800
-0.62263
-0.68489
-0.65935
-0.52860
-0.63780
-0.61539
-0.63765
-0.60597
-0.66573
-0.63818
-0.65694
-0.61180
-0.58887
-0.69948
-0.66133
-0.65300
-0.73134
-0.58242
-0.69705
-0.58075
-0.62181
-0.63965
-0.62032
-0.69780
-0.60673
-0.68548
-0.63964
-0.68678
-0.59816
-0.68207
-0.62592
-0.64041
-0.55395
-0.60214
-0.65653
-0.74371
-0.70315
-0.67128
-0.62455
-0.57546
-0.64159
-0.67555
-0.65579
-0.63797
-0.64650
-0.59478
-0.60094
-0.67351
-0.65435
-0.61312
-0.70427
-0.61533
