-0.28178
-0.25004
-0.29205
-0.15868
-0.13578
-0.13244
-0.09491
-0.24461
-0.20879
-0.17456
-0.16577
-0.24729
-0.29696
-0.14886
-0.18531
-0.27574
-0.24752
-0.35360
0.00035
-0.49667
-0.25207
-0.07301
-0.28468
-0.18551
-0.34379
-0.23733
-0.40085
-0.21747
-0.22603
-0.17551
-0.31687
-0.39536
-0.20045
-0.25655
-0.29776
-0.29821
-0.19853
-0.34839
-0.37530
-0.15837
-0.27189
-0.27032
-0.13725
-0.12546
-0.10915
-0.01802
-0.16160
-0.23956
-0.15406
-0.31892
-0.16021
-0.33303
-0.39886
-0.19776
-0.27957
-0.33356
-0.22073
-0.29882
-0.11604
-0.24944
-0.36183
-0.20376
-0.25489
-0.32249
-0.30922
-0.12513
-0.32920
-0.28257
-0.26391
-0.18282
-0.22704
-0.17187
-0.21036
-0.01418
-0.25416
-0.07129
-0.37941
-0.37525
-0.08442
-0.29247
-0.32242
-0.10288
-0.18872
-0.16461
-0.16134
-0.18300
-0.00289
-0.28491
-0.27939
-0.26907
-0.27834
-0.36178
-0.00290
-0.24065
-0.19001
-0.24429
-0.23602
-0.27743
-0.19867
-0.04452
-0.19574
-0.18907
-0.29863
-0.30202
-0.03242
-0.19975
-0.14436
-0.10472
-0.25203
-0.43052
-0.28942
-0.22527
-0.10568
-0.36930
-0.21745
-0.36290
-0.33279
-0.12454
-0.13623
-0.42306
-0.29948
-0.08026
-0.33962
-0.22203
-0.38160
-0.23917
-0.28329
-0.14128
-0.13423
-0.16816
-0.35012
-0.12334
-0.25921
-0.01470
-0.41427
-0.12902
-0.28082
-0.15420
-0.26070
-0.15584
-0.21365
-0.04098
-0.33798
-0.23163
-0.18433
-0.18335
-0.39349
-0.14014
-0.33686
-0.12921
-0.32721
-0.19562
-0.23364
-0.04103
-0.04132
-0.32129
-0.18905
-0.20346
-0.34024
-0.20361
-0.22154
-0.27922
-0.39753
-0.07065
-0.28945
-0.21631
-0.34185
-0.23916
-0.30650
-0.30819
-0.19766
-0.23723
-0.21774
-0.30969
-0.18567
-0.31897
-0.22595
-0.16146
-0.28521
-0.12078
-0.18379
-0.10515
-0.20354
-0.35407
-0.31813
-0.33484
-0.18132
-0.24813
-0.04474
-0.16364
-0.26550
-0.00526
-0.19794
-0.26291
-0.07027
-0.21984
-0.24666
-0.20081
-0.27510
-0.30575
-0.25535
-0.27286
-0.14208
-0.22670
-0.23638
-0.29766
-0.30067
-0.29839
-0.35095
-0.13640
-0.22896
-0.19167
-0.03592
-0.23237
-0.25140
-0.11417
-0.21809
-0.02978
-0.12533
-0.13096
-0.29069
-0.20969
-0.13313
-0.21022
-0.33324
-0.27765
-0.30895
-0.05796
-0.31022
-0.30155
-0.02580
-0.29689
-0.16526
-0.24618
-0.48755
-0.26923
-0.12280
-0.14942
0.01726
-0.17997
-0.33840
-0.23112
-0.28406
-0.21334
-0.37967
-0.28860
-0.34691
-0.15528
-0.25482
-0.23294
-0.20681
-0.09584
-0.30022
-0.12936
-0.43862
-0.38057
-0.30598
-0.18879
-0.19375
-0.07463
-0.36101
-0.26931
-0.20365
-0.13578
-0.23508
-0.19451
-0.22539
-0.23161
-0.29831
-0.30595
-0.23461
-0.31219
-0.13859
-0.19273
-0.28913
-0.27998
-0.15191
-0.36578
-0.35551
-0.22945
-0.10232
-0.11017
-0.18417
-0.25394
-0.17449
-0.34833
-0.37358
-0.23203
-0.07617
-0.18426
-0.30000
0.02276
-0.40419
-0.37039
-0.14729
-0.16961
-0.14042
-0.16545
-0.24221
-0.14122
-0.14026
-0.13368
-0.07262
-0.29895
-0.22579
-0.09531
-0.23428
-0.22086
-0.31620
-0.23933
-0.26904
-0.11005
-0.19207
0.00846
-0.11633
-0.22948
-0.07889
-0.34791
-0.09307
-0.35345
-0.16695
-0.15871
-0.11423
-0.29699
-0.35299
-0.47933
-0.08562
-0.21444
-0.23538
-0.13390
-0.21463
-0.20327
-0.05892
-0.17957
-0.25841
-0.26297
-0.41564
-0.18555
-0.35234
-0.21924
-0.11264
-0.21011
-0.07095
-0.15734
-0.18406
-0.30994
-0.27073
-0.28397
-0.26271
-0.25260
-0.19623
-0.22129
-0.28243
-0.17644
-0.21255
-0.11214
-0.24212
-0.10331
-0.25444
-0.24599
-0.31591
-0.01985
-0.20920
-0.20528
-0.30567
-0.16491
-0.32672
-0.16984
-0.32886
-0.37907
-0.19136
-0.22720
-0.14202
-0.18225
-0.37566
-0.19124
-0.32239
-0.28942
-0.20644
-0.29551
-0.35983
-0.05016
-0.15970
-0.18233
-0.02192
-0.24907
-0.06768
-0.24763
-0.09627
-0.30665
-0.06507
-0.33272
-0.36382
-0.14580
-0.20256
-0.21909
-0.20002
-0.36107
-0.15811
-0.42843
-0.16517
-0.06902
-0.20236
-0.18737
-0.08429
-0.28678
-0.25170
-0.19259
-0.20660
-0.27625
-0.22919
0.05392
-0.07268
-0.15296
-0.30565
-0.22413
-0.19418
-0.17256
-0.21095
-0.22579
-0.03976
-0.12476
0.01482
-0.15855
-0.30296
-0.36412
-0.22592
-0.03427
0.00235
-0.26790
-0.31731
-0.34749
-0.24592
-0.30750
-0.34946
-0.20088
-0.27989
-0.12862
-0.41052
-0.28143
-0.17241
-0.15058
-0.28687
-0.10488
-0.22426
-0.09084
-0.42337
-0.21144
-0.17898
-0.04483
-0.07966
-0.12023
-0.17763
-0.26984
-0.11054
-0.28884
-0.22643
-0.10598
-0.36286
-0.32959
-0.29536
-0.32404
-0.36454
-0.24406
-0.35335
-0.22298
-0.18828
-0.17491
-0.12021
-0.20882
-0.26355
-0.14283
-0.07474
-0.32562
-0.25993
-0.15550
-0.19791
-0.22105
-0.38036
-0.19311
-0.09920
-0.15320
-0.23495
-0.08126
-0.05484
-0.23567
-0.25862
-0.18389
-0.35084
-0.39709
-0.10223
-0.15119
-0.14650
-0.26424
-0.31913
-0.32786
-0.44496
-0.06152
-0.26332
-0.29314
-0.06404
-0.31989
-0.06925
-0.37862
-0.03149
-0.17220
-0.08944
0.04234
0.00035
-0.18362
-0.21108
-0.22836
-0.39446
-0.22635
-0.16624
-0.10112
-0.17920
-0.20223
-0.14460
-0.24873
-0.01539
-0.27889
-0.25111
-0.14679
-0.29250
-0.16419
-0.21496
-0.09892
-0.23478
-0.21862
-0.28059
-0.26371
-0.03925
-0.21009
-0.27724
-0.33623
-0.30191
-0.28931
-0.37731
-0.13231
-0.33093
-0.20675
-0.13344
-0.18529
-0.08354
-0.18705
-0.23796
-0.32993
-0.24410
-0.19444
-0.26911
-0.18868
-0.39319
-0.10978
-0.15963
-0.23382
-0.12311
-0.20224
-0.26303
-0.14887
-0.25153
-0.29054
-0.35094
-0.00942
-0.14440
-0.19703
-0.16996
-0.14680
-0.18830
-0.17813
-0.25471
-0.21775
-0.39549
-0.38571
-0.09390
-0.29726
-0.55782
0.08619
-0.11454
-0.26121
-0.30783
-0.23242
-0.00066
-0.12949
-0.14295
-0.25267
-0.31561
-0.28292
-0.20566
-0.24995
-0.12092
-0.25814
-0.04954
-0.23715
-0.21628
-0.37929
-0.15330
-0.17281
-0.22055
-0.29477
-0.16504
-0.18678
-0.08673
-0.28577
-0.46888
-0.22142
-0.08070
-0.21337
-0.18452
-0.26291
-0.20146
-0.06250
-0.15979
-0.13684
-0.56874
-0.14560
-0.21393
-0.13327
-0.38374
-0.23176
-0.16314
-0.27744
-0.18406
-0.14104
-0.12231
-0.06521
-0.34019
-0.24394
-0.41828
-0.17347
-0.11157
-0.12824
-0.32451
-0.29332
-0.36383
-0.08454
-0.24308
-0.36531
-0.30810
-0.23707
-0.33989
-0.23349
-0.26240
-0.21388
-0.18708
-0.19930
-0.15808
-0.07485
-0.24367
-0.11381
-0.27324
-0.20841
-0.19039
-0.39806
-0.15571
-0.16035
-0.30667
-0.18621
-0.05964
-0.14163
-0.27232
-0.18828
-0.13952
-0.07251
-0.19969
-0.13664
-0.14812
-0.11846
-0.31725
-0.28494
-0.41247
-0.10033
-0.09060
-0.20132
-0.15278
-0.32555
-0.33490
-0.25975
-0.13997
-0.05257
-0.25190
-0.11131
-0.35805
-0.11995
-0.24753
-0.13809
-0.23975
-0.16237
-0.11895
-0.30457
-0.06589
-0.38968
-0.31646
-0.18616
-0.09364
-0.34071
-0.11877
-0.13672
-0.20751
-0.29802
-0.24318
-0.42326
-0.10504
-0.12049
-0.25027
-0.42831
-0.39597
-0.34144
-0.30195
-0.09987
-0.31478
-0.18564
-0.21606
-0.26395
-0.14147
-0.16822
-0.11804
-0.13497
-0.24901
-0.12668
-0.25196
-0.15558
-0.28670
-0.37872
-0.11849
-0.23141
-0.26563
-0.22850
-0.31294
-0.50241
-0.29749
-0.31244
-0.19987
-0.38833
-0.30926
-0.28206
-0.32540
-0.26814
-0.10031
-0.17620
-0.25693
-0.27813
-0.11321
-0.17041
-0.19345
-0.25814
-0.28697
-0.23435
-0.28553
0.00479
-0.13012
-0.15482
-0.06081
-0.31326
-0.15546
-0.33831
-0.20278
-0.36418
-0.29584
-0.10976
-0.21467
-0.06797
-0.23411
-0.38153
-0.23932
-0.25587
-0.21483
-0.15860
-0.38988
-0.14622
-0.38137
-0.21610
-0.20610
-0.14630
-0.25932
-0.09684
-0.21824
-0.30104
-0.10635
-0.26708
-0.15974
-0.10097
-0.18469
-0.23748
-0.08892
-0.18422
-0.19511
-0.21185
-0.15701
-0.19242
-0.18587
-0.46373
-0.27890
-0.01699
-0.37688
-0.25915
-0.30135
-0.32039
-0.13503
-0.33560
-0.24710
-0.35799
-0.28351
-0.21625
-0.21179
-0.18290
-0.11989
-0.19999
-0.30965
-0.12467
-0.05340
-0.28396
-0.09140
-0.13882
-0.23526
-0.18390
-0.20894
-0.31800
-0.24029
-0.14367
-0.45373
-0.23872
-0.31870
-0.18570
-0.12458
-0.24596
-0.19039
-0.13577
-0.20305
-0.10978
-0.27161
-0.07439
-0.21072
-0.42154
-0.23121
-0.03277
-0.21768
-0.35235
-0.18287
-0.08857
-0.19010
-0.09460
-0.16225
-0.20927
-0.21677
-0.08980
-0.12153
-0.30171
-0.08066
-0.20045
-0.25485
-0.05029
-0.11727
-0.19216
-0.12050
-0.20229
-0.19923
-0.24050
-0.24327
-0.20397
-0.37723
-0.13302
-0.23607
-0.30153
-0.13772
-0.32023
-0.15698
-0.24527
-0.09987
-0.17349
-0.25638
-0.20697
-0.34398
-0.28483
-0.18838
-0.31594
-0.26850
-0.16952
-0.14213
-0.32531
-0.09119
-0.37928
-0.16175
-0.23586
-0.18268
-0.30773
-0.09567
-0.14234
-0.32261
-0.19753
-0.08785
-0.30885
-0.18196
-0.30767
-0.32500
-0.31225
-0.25498
-0.26368
-0.32212
-0.22060
-0.15607
-0.11139
-0.36016
-0.15246
-0.25340
-0.24707
-0.17522
-0.12444
-0.21541
-0.14054
-0.26926
-0.24315
-0.23083
-0.13395
-0.19792
-0.12011
-0.21195
-0.33307
-0.15212
-0.07161
-0.15371
-0.12696
-0.18620
-0.19557
-0.37694
-0.14133
-0.34521
-0.22186
-0.25356
-0.15944
-0.48133
-0.22091
-0.22508
-0.22331
-0.17671
-0.19006
-0.22815
-0.48088
-0.22795
-0.26560
-0.05798
-0.13893
-0.27817
-0.27614
-0.09906
-0.42220
-0.26334
-0.25351
-0.19165
-0.12962
-0.28982
-0.44656
-0.28139
-0.25241
-0.17464
-0.25556
-0.09467
-0.20981
-0.33543
-0.22790
-0.37954
-0.17234
-0.13052
-0.16979
-0.10911
-0.20146
-0.15181
-0.37373
-0.28594
0.03362
-0.23138
-0.12060
-0.29417
-0.21786
-0.21522
-0.15232
-0.25386
-0.13993
-0.20344
-0.17506
-0.33606
-0.21431
-0.23865
-0.05501
-0.20088
-0.13297
-0.32924
-0.41204
-0.21971
-0.05342
-0.28013
-0.24066
-0.19428
-0.23065
-0.32737
-0.14874
-0.06108
-0.21242
-0.09574
-0.24205
