2.601359771372013721e-14
5.566907548342683820e-12
7.557630805943768883e-10
6.514041704501325340e-08
3.608443304943382527e-06
1.382731411961505110e-04
6.295448165380677398e-03
3.820886704638965514e-01
3.775827300796223418e-01
3.768408914089767525e-01
3.768975220942411553e-01
3.787407055237538844e-01
3.834832598500678702e-01
3.901967180641516264e-01
3.890936418495628546e-01
3.879214305418302033e-01
3.876789294395811547e-01
3.882417865408621105e-01
3.897213880116402462e-01
3.904594121093989956e-01
3.845841049724906258e-01
3.818858868876943702e-01
3.840756843732054393e-01
3.900587431651023063e-01
3.892751188870979262e-01
3.879738549306236961e-01
3.876523223669054441e-01
3.881276223789437707e-01
3.893760356004268286e-01
3.901690917512450896e-01
3.860644543738122048e-01
3.842607601521004224e-01
1.089760623189512251e-01
1.560973990903468658e-03
9.294863140244625588e-05
4.768333762721681406e-06
1.693391612197818426e-07
3.912735250456836146e-09
5.778564213766866423e-11
5.428215251120911268e-13
3.238005452297820830e-15
1.225500882533151087e-17
