2.150096153396494293e+10
2.111016586483708143e+09
2.072641175150827765e+08
2.034947673960327730e+07
1.997923476236207178e+06
1.961611628066875855e+05
1.925997489464372848e+04
1.891041017318381591e+03
1.856720527606332496e+02
1.823042835097051295e+01
1.790188436310761189e+00
1.760043963619011276e-01
1.751544703010893267e-02
1.954100122976317345e-03
4.261859888949733814e-04
2.761634105312179665e-04
2.614329831252223176e-04
2.599874938718853257e-04
2.598469243119072786e-04
2.598337186501584292e-04
2.598312127677007829e-04
2.598299362815934292e-04
2.598297290428121719e-04
2.598297439941338739e-04
2.598297681987601871e-04
2.598297727647949661e-04
2.598297734845010534e-04
2.598297749864180253e-04
2.598297737036588616e-04
2.598297736761334621e-04
2.598297740671681060e-04
2.598297732343026454e-04
2.598297736321562705e-04
2.598297732518705695e-04
2.598297703503259508e-04
2.598297738466175317e-04
2.598297734789297179e-04
2.598297747838819037e-04
2.598297742576050192e-04
2.598297734722391605e-04
2.598297722028222972e-04
2.598297771536861264e-04
