4.099074490873559625e+03
5.925481690011334877e+02
8.565686499088013761e+01
1.238246940965286136e+01
1.790188436167063468e+00
2.590060893447720392e-01
3.766347795281226735e-02
5.666826083962094029e-03
1.041459594473391308e-03
3.728219487033690785e-04
2.761633996037719525e-04
2.621903509840030192e-04
2.601709794268862170e-04
2.598800694129021148e-04
2.598390090205094272e-04
2.598331662290036021e-04
2.598312124794897046e-04
2.598300491606924008e-04
2.598297439841207247e-04
2.598297372162121713e-04
2.598297596175926181e-04
2.598297695083297189e-04
2.598297726823862227e-04
2.598297732223989187e-04
2.598297729415472964e-04
2.598297736053911135e-04
2.598297745284991662e-04
2.598297737088678568e-04
2.598297738305390303e-04
2.598297738898264035e-04
2.598297715052665688e-04
2.598297726814501767e-04
2.598297732268248488e-04
2.598297735416386705e-04
