2.204841007985137589e-15
1.052918002982372488e-13
5.018740051924009693e-12
2.386970016532399176e-10
1.133510233707609929e-08
5.383902655159777967e-07
2.563976967226228102e-05
1.225181640713317354e-03
5.566962847632599132e-02
5.693590294342040087e-02
8.243691919894219344e-02
7.585621780788529001e-02
7.567439421849370129e-02
7.564557577291151913e-02
7.563351345459970454e-02
7.562864931159568593e-02
7.562673986734258502e-02
7.562600082320114492e-02
7.562574092206600374e-02
7.562565914581670379e-02
7.562563618188436476e-02
7.562563056319875077e-02
7.562562940225676933e-02
7.562562921003979088e-02
7.562562918526141709e-02
7.562562918082849084e-02
7.562562918245560595e-02
7.562562918254453481e-02
7.562562918209150831e-02
7.562562918495530084e-02
7.562562918380669186e-02
7.562562918405704715e-02
7.562562918292538294e-02
7.562562918075907414e-02
