-2.410982800000001980e+00
-2.350982800000002371e+00
-2.290982800000001873e+00
-2.230982800000002264e+00
-2.170982800000001767e+00
-2.110982800000002158e+00
-2.050982800000001660e+00
-1.990982800000001829e+00
-1.930982800000001776e+00
-1.870982800000001722e+00
-1.810982800000001669e+00
-1.750982800000001616e+00
-1.690982800000001562e+00
-1.630982800000001509e+00
-1.570982800000001456e+00
-1.510982800000001403e+00
-1.450982800000001349e+00
-1.390982800000001296e+00
-1.330982800000001243e+00
-1.270982800000001189e+00
-1.210982800000001136e+00
-1.150982800000001083e+00
-1.090982800000001030e+00
-1.030982800000000976e+00
-9.709828000000009229e-01
-9.109828000000008696e-01
-8.509828000000008164e-01
-7.909828000000007631e-01
-7.309828000000007098e-01
-6.709828000000006565e-01
-6.109828000000006032e-01
-5.509828000000005499e-01
-4.909828000000004966e-01
-4.309828000000004433e-01
-3.709828000000003900e-01
-3.109828000000003367e-01
-2.509828000000002834e-01
-1.909828000000002302e-01
-1.309828000000001769e-01
-7.098280000000012357e-02
-1.098280000000007028e-02
4.901719999999998301e-02
