-2.010982800000002069e+00
-1.960982800000002246e+00
-1.910982800000002202e+00
-1.860982800000002158e+00
-1.810982800000002335e+00
-1.760982800000002291e+00
-1.710982800000002246e+00
-1.660982800000002202e+00
-1.610982800000002158e+00
-1.560982800000002335e+00
-1.510982800000002291e+00
-1.460982800000002246e+00
-1.410982800000002424e+00
-1.360982800000002158e+00
-1.310982800000002335e+00
-1.260982800000002513e+00
-1.210982800000002246e+00
-1.160982800000002424e+00
-1.110982800000002380e+00
-1.060982800000002335e+00
-1.010982800000002513e+00
-9.609828000000023573e-01
-9.109828000000025350e-01
-8.609828000000024906e-01
-8.109828000000024462e-01
-7.609828000000024018e-01
-7.109828000000023573e-01
-6.609828000000025350e-01
-6.109828000000024906e-01
-5.609828000000023351e-01
-5.109828000000025128e-01
-4.609828000000026904e-01
-4.109828000000024240e-01
-3.609828000000026016e-01
