-0.84016
-1.12050
-1.08789
-0.71266
-1.02960
-1.01182
-0.95905
-1.14318
-1.16527
-0.84492
-0.81645
-1.07751
-1.04647
-0.94354
-1.18411
-1.40405
-1.14903
-1.06461
-1.50101
-0.90785
-1.00096
-1.17113
-0.99645
-0.89965
-0.68142
-1.13461
-1.05703
-0.85031
-0.92036
-1.09393
-1.12574
-0.85715
-1.08618
-1.01705
-0.99885
-0.69066
-0.82699
-1.21579
-0.90081
-0.89562
-1.10757
-0.98786
-0.96004
-0.88718
-0.85365
-0.98466
-1.14104
-0.97251
-0.78918
-0.61995
-0.82520
-0.87189
-0.72773
-1.28251
-1.10517
-1.21575
-0.84139
-1.19146
-1.01378
-0.89270
-1.12683
-1.10927
-0.92236
-0.99464
-0.95875
-1.02318
-1.61098
-1.04230
-0.82650
-1.01144
-1.09605
-1.55156
-1.16467
-1.02273
-1.02310
-0.88087
-1.00641
-0.69577
-0.67396
-1.04438
-1.01218
-1.09573
-0.84452
-1.09628
-0.86959
-0.76342
-1.01628
-1.07305
-1.00371
-0.93292
-0.80809
-0.94111
-0.97266
-1.02525
-0.95412
-1.14770
-0.75667
-0.87511
-1.05195
-1.07850
-1.06122
-1.01951
-1.02677
-0.96867
-1.04732
-0.87426
-0.84982
-1.20630
-1.11566
-1.00330
-0.86037
-1.05216
-1.01970
-1.04271
-0.85311
-0.76837
-0.76823
-1.10017
-0.87284
-1.10408
-0.89768
-1.33819
-1.09109
-0.86586
-1.12990
-1.01268
-0.78305
-0.82546
-0.75540
-1.06319
-1.11991
-0.82674
-0.84345
-0.76705
-0.96911
-0.99779
-1.12863
-0.81231
-1.27992
-1.26954
-1.33329
-0.98559
-1.14156
-1.16088
-1.04030
-0.91956
-1.02458
-0.97788
-0.93856
-0.98593
-1.21340
-0.99061
-0.68691
-1.27205
-1.06382
-0.92944
-0.56964
-1.02965
-1.06043
-0.75711
-0.96888
-0.83126
-0.74966
-1.11880
-0.87842
-0.75802
-0.87609
-0.96619
-0.95541
-0.80512
-0.87357
-1.22536
-1.08616
-1.16083
-0.95639
-1.08816
-1.15283
-0.69061
-1.19143
-0.75683
-1.26151
-1.01688
-0.73051
-1.37761
-0.92962
-1.04985
-0.96217
-1.17121
-1.07720
-1.07762
-0.99484
-1.03588
-1.30588
-1.23413
-0.96293
-0.93230
-1.19628
-0.97421
-1.20637
-1.27783
-0.72051
-1.40072
-1.07793
-0.99769
-1.13399
-1.07837
-0.78678
-0.97910
-0.84095
-1.17901
-0.72312
-0.77437
-1.36526
-1.14503
-1.19869
-0.92489
-0.95107
-1.30189
-1.05871
-0.84823
-0.88083
-0.87392
-0.92970
-1.09386
-0.92612
-1.44020
-1.42455
-0.88038
-0.95239
-0.89128
-1.18925
-1.13313
-1.18177
-0.90424
-1.07236
-1.01306
-1.26726
-0.95761
-1.04167
-1.30651
-1.08737
-1.12273
-0.91767
-1.05359
-1.10319
-1.04340
-1.12878
-0.89773
-1.55635
-1.05670
-0.87058
-0.99022
-1.18810
-1.08516
-1.34559
-0.75833
-1.02764
-0.79829
-0.81129
-0.98988
-0.73185
-0.94448
-0.77245
-1.09027
-1.25041
-1.32759
-0.87587
-0.92005
-1.14066
-0.99527
-0.76985
-1.06802
-0.97810
-0.88369
-0.78735
-1.13527
-0.88954
-1.01647
-1.26724
-1.15847
-0.87028
-1.56805
-0.98526
-0.89947
-0.85701
-1.16984
-1.32045
-1.09972
-1.06347
-1.38863
-0.97599
-0.96149
-0.68918
-0.93202
-0.88541
-0.97305
-0.93077
-0.86180
-1.15314
-0.96556
-0.91103
-0.90542
-1.03359
-1.25578
-1.19960
-0.72130
-0.91293
-1.12474
-1.22069
-0.84891
-0.83508
-1.03860
-0.91579
-0.92174
-0.99862
-0.92261
-1.02358
-0.88359
-1.13085
-1.32878
-1.32474
-0.92432
-0.96852
-1.14037
-0.95642
-0.78309
-1.18188
-0.75552
-0.75718
-1.27687
-1.11134
-0.76341
-1.07891
-0.86734
-0.95560
-1.25013
-1.19406
-1.11629
-1.05924
-1.17533
-0.86316
-1.37347
-0.77636
-1.05977
-1.03962
-1.04586
-0.61970
-1.23213
-0.91201
-1.00551
-1.24535
-1.05788
-1.31869
-0.96894
-1.07803
-1.19092
-0.94987
-0.92486
-0.90219
-0.97529
-0.79603
-1.10078
-0.73005
-0.80665
-0.74425
-0.86211
-1.06795
-1.02684
-0.75654
-1.12220
-1.26284
-0.75475
-0.96012
-0.99188
-1.28976
-0.85667
-1.08554
-1.03209
-0.79190
-0.75026
-1.15392
-0.99396
-0.76489
-0.75785
-1.43160
-1.10683
-0.95799
-1.04794
-0.72178
-0.98783
-1.01059
-0.82639
-0.92023
-0.86419
-0.92463
-0.83231
-1.12121
-1.01265
-0.92432
-1.18230
-1.01414
-1.22557
-1.10544
-1.00527
-1.05039
-0.96351
-0.83744
-1.24086
-0.89037
-0.91191
-1.09351
-0.99015
-1.11753
-1.13332
-1.06710
-1.13341
-0.57018
-1.19109
-1.10527
-0.88314
-0.93301
-0.92432
-1.17684
-0.74753
-0.88462
-0.98933
-0.51866
-0.93738
-0.91081
-1.20116
-0.94448
-1.04503
-1.33932
-0.83916
-0.94430
-1.08214
-1.03133
-1.32252
-0.95999
-0.55923
-1.09567
-1.02835
-0.82229
-1.03356
-0.89918
-0.99195
-0.78400
-0.82277
-1.16956
-0.89287
-0.99585
-0.92369
-0.93427
-1.07963
-1.02111
-1.20774
-0.97450
-0.75091
-0.96704
-1.24107
-1.01151
-0.92757
-0.74938
-0.58360
-1.04021
-1.10596
-1.15855
-1.12160
-1.14106
-1.11483
-1.06197
-0.91894
-1.03523
-0.86909
-0.77055
-1.15649
-1.20882
-0.69914
-1.09038
-0.89670
-0.88278
-1.05691
-1.13419
-0.96276
-0.90279
-1.15410
-1.02003
-0.77482
-0.95859
-1.31816
-0.77337
-1.12243
-0.84883
-0.93282
-1.22343
-0.98735
-0.96285
-1.11897
-0.98190
-1.09335
-0.80312
-0.96481
-0.92024
-0.93283
-1.08711
-1.28528
-0.81095
-1.07069
-1.27206
-1.03868
-0.97395
-1.21405
-1.09091
-0.98615
-0.91647
-1.08176
-0.84718
-1.03705
-1.14744
-1.10558
-0.99424
-0.95145
-1.01796
-1.14451
-0.89733
-0.81458
-1.02489
-0.87702
-1.00491
-0.82012
-1.04527
-1.12758
-1.03898
-0.89696
-0.87449
-1.09297
-1.30882
-1.04593
-0.99525
-1.24075
-0.91686
-0.70203
-0.89651
-1.08467
-1.02176
-0.84592
-0.90746
-0.68277
-1.21285
-0.96999
-0.89525
-0.84757
-1.12189
-1.01443
-1.18768
-0.95056
-0.89828
-1.30234
-1.12575
-0.82496
-0.96128
-1.22554
-0.94221
-0.83166
-0.92584
-1.36717
-1.11638
-0.99152
-0.70055
-0.85157
-1.43586
-0.97238
-1.09529
-1.03433
-1.23503
-1.17343
-1.01022
-1.02487
-0.91573
-0.93374
-0.94041
-0.95645
-0.75031
-1.01971
-1.15088
-1.05902
-0.94867
-1.12161
-1.05316
-1.00937
-1.24612
-0.64569
-0.75560
-1.24631
-0.94836
-0.79433
-1.30520
-1.08764
-1.13592
-0.82345
-0.87533
-0.81894
-0.87596
-1.13431
-1.27793
-1.12397
-0.86815
-1.04837
-1.00134
-1.25999
-1.20297
-0.85923
-1.17742
-1.04961
-1.30022
-0.81780
-1.02016
-1.10968
-0.91813
-0.88628
-0.76842
-0.77763
-0.99780
-1.01343
-0.92541
-1.08211
-0.84136
-0.84716
-1.01722
-0.81090
-0.87434
-0.94597
-1.11691
-1.03331
-0.93900
-0.90752
-1.15542
-0.79155
-0.93908
-0.90787
-0.81437
-1.12825
-0.76621
-1.12404
-0.83068
-0.75817
-1.11868
-1.11388
-0.95630
-1.10371
-0.90291
-1.11318
-1.01639
-1.10475
-0.85173
-1.19964
-0.98462
-1.08609
-1.08584
-0.91562
-1.06095
-1.00852
-0.83663
-0.99806
-1.30413
-0.89666
-1.32411
-1.17581
-1.37656
-0.85199
-1.04135
-0.84305
-0.92470
-1.16948
-1.14272
-0.87573
-1.09969
-0.94867
-1.25793
-0.96002
-1.36295
-0.70537
-0.79964
-1.20061
-0.82445
-1.11938
-1.11887
-0.84670
-1.16037
-0.88594
-1.12931
-1.28792
-0.98555
-1.18588
-1.04879
-1.29487
-1.22583
-0.81487
-0.96108
-1.12065
-0.96494
-0.82798
-1.11691
-0.96341
-1.05402
-0.97342
-0.74899
-1.31283
-1.09274
-0.90870
-0.99508
-0.81599
-0.72261
-1.17829
-1.00242
-0.92820
-0.70298
-0.70702
-0.81550
-0.94907
-1.12698
-0.96826
-1.17913
-1.34326
-0.90734
-1.30097
-0.90384
-1.33311
-1.22743
-1.17863
-0.92728
-0.96303
-1.15253
-0.65341
-0.76317
-1.34307
-0.79715
-0.84087
-1.43674
-0.78075
-1.24431
-1.03191
-0.96371
-0.90546
-1.38807
-1.03858
-1.00974
-1.19769
-1.17493
-1.28818
-0.87492
-1.04488
-1.12534
-0.96215
-1.37095
-1.00323
-1.08023
-1.05192
-1.04278
-1.30955
-1.13760
-0.95695
-0.61620
-0.97367
-0.70932
-1.02216
-0.84865
-0.88771
-1.23896
-1.07778
-1.00875
-0.65364
-0.93524
-0.99747
-1.14802
-0.92067
-1.02366
-0.79762
-0.49051
-0.96819
-0.86700
-1.02469
-0.86764
-0.93714
-1.31704
-1.00352
-0.86714
-0.98452
-0.74736
-1.00220
-0.96240
-1.00399
-0.85434
-0.90800
-1.03706
-1.22429
-0.80893
-0.79994
-1.29376
-1.11926
-1.33706
-0.92309
-0.88350
-0.98894
-1.01644
-0.81069
-1.08986
-1.11395
-1.05946
-1.05243
-0.97168
-1.10609
-0.98488
-0.93924
-1.17493
-1.15275
-0.66853
-1.33223
-1.00720
-0.98215
-0.68965
-1.05239
-1.15371
-1.12559
-0.78396
-1.07314
-0.99933
-0.75297
-1.07855
-0.69592
-1.16618
-1.16375
-0.96666
-1.25977
-1.18997
-1.02824
-1.37955
-0.88704
-1.17326
-1.08403
-0.99017
-1.05401
-0.99313
-0.86203
-1.16279
-1.00019
-1.39012
-0.95082
-1.06271
-1.07381
-0.82955
-1.13665
-0.96129
-0.95228
-1.24057
-1.11013
-1.05572
-0.56713
-1.18682
-0.90499
-0.93783
-0.71910
-0.68900
-1.16105
-1.21323
-0.73381
-0.62376
-1.06397
-0.99604
-1.22145
-0.99935
-1.00796
-0.77323
-1.00129
-0.99687
-1.26880
-1.05179
-0.89348
-0.97579
-1.09888
-0.82025
-0.77132
-1.02124
-0.89455
-1.08560
-0.81166
-1.02740
-0.95028
-1.12236
-1.04750
-1.03874
-1.00377
-1.01659
-1.04026
-0.87763
-1.03490
-0.75749
-0.99572
-0.99174
-0.79751
-0.77830
-1.15185
-0.69113
-1.05395
-0.99667
-1.01677
-1.12431
-0.94407
-0.96080
-1.01099
-0.98936
-1.18266
-0.80895
-1.11898
-1.11727
-1.25701
-0.87783
-1.07165
-1.20812
-0.91815
-1.13150
-1.13951
-0.84653
-0.47634
-0.85388
-0.85414
-1.25146
-1.21900
-0.97330
-1.27545
-0.84881
-0.93532
-0.89010
-1.04076
-0.86153
-0.90716
-0.95880
-0.93290
-0.87774
-1.10082
-0.99390
-1.14039
-1.16104
-0.73457
-1.17047
-1.18681
-1.02860
-1.02353
-1.25961
-0.97705
-1.45542
-0.80268
-1.03318
-0.92924
-0.82995
-0.95272
-0.96852
-0.70491
-0.62031
-0.81925
-0.94342
-1.02361
-1.00379
-0.88842
-0.94811
-0.82643
-1.18998
-0.51388
-1.16058
-0.87929
-1.12201
-1.24348
-1.12631
-1.06618
-1.06917
-0.81333
-1.11395
-0.82532
-1.02686
-1.08207
-1.11224
-1.12184
-1.07125
-1.22704
-1.01501
-1.05761
-0.89863
-0.85809
-0.82655
-1.34321
-1.28769
-1.23550
-1.31890
-0.81579
-1.13103
-0.83134
-1.05915
-1.08784
-0.76069
-1.12908
