-8.654833039853946375e-14
-5.486745506627799251e-09
-1.477391990287538296e-09
-7.174809359304264364e-16
-1.616410793559533753e-10
-8.012855777573645322e-11
-1.075383992112680847e-11
-1.323673785390896903e-08
-3.153597724211873775e-08
-1.089691566472665722e-13
-4.127819738829639470e-14
-9.902894515967988948e-10
-3.187617171206294763e-10
-5.601209987921470043e-12
-6.425591185665713202e-08
-3.140650921123203034e-04
-1.549703001483401459e-08
-6.344596221625133320e-10
-1.380716286876986811e-02
-1.090188705486508945e-12
-5.228338970096822910e-11
-3.913542644284363087e-08
-4.607238688182480667e-11
-1.059700765739750061e-12
-2.143201888665328406e-16
-7.755049166405915375e-09
-4.731933499256424904e-10
-1.576690378563182204e-13
-2.295315737945694770e-12
-1.594719104496499188e-09
-6.612576255263461052e-09
-2.041099090296927352e-13
-1.471923104457552633e-09
-9.576834159056650429e-11
-4.892866175515574309e-11
-3.243298314143851205e-16
-6.245881001358878477e-14
-2.195587304359181353e-07
-1.031151913523755558e-12
-8.223410987948665470e-13
-2.405529013789271786e-09
-3.296401238682398662e-11
-1.020949639008616726e-11
-6.531297093712131634e-13
-1.782072501233893645e-13
-2.867032841990972860e-11
-1.043307574712335701e-08
-1.763182989028686190e-11
-9.913223650913269713e-15
-2.044189230979106688e-17
-4.735701751520652792e-14
-3.277382293368620691e-13
-1.263760146574965750e-15
-9.800458590834492141e-07
-2.974867306217838965e-09
-2.018534443455865277e-07
-9.038631389824713030e-14
-6.615339883570859121e-08
-8.172655074977125163e-11
-7.651753618793229531e-13
-6.485211141982639737e-09
-3.501987012896675187e-09
-2.526629545141668017e-12
-3.933968399959368805e-11
-1.053056982069221617e-11
-1.273247958786685360e-10
-9.716776300292145896e-01
-2.666256125923279208e-10
-5.357460133483826916e-14
-7.928140307020540225e-11
-2.050841556665948291e-09
-9.569308390296651923e-02
-2.991267458178747153e-08
-1.225127541180806000e-10
-1.272198976946396405e-10
-5.029256894194557419e-13
-6.026973750820990591e-11
-3.815519910419947775e-16
-1.662797154259688297e-16
-2.867769842541686475e-10
-4.098022804906984615e-11
-1.928423447933969708e-09
-1.136302613887349664e-13
-2.191987751705856633e-09
-3.305567826059144873e-13
-4.421824873373829157e-15
-8.717079517220233840e-11
-8.649854528198882028e-10
-6.001565774525666755e-11
-3.788828661151274900e-12
-2.817985929197147193e-14
-5.261887255046413576e-12
-1.815099853237972138e-11
-1.001964252187789045e-10
-8.905731565257509114e-12
-1.204079211655522255e-08
-4.084603395789654035e-15
-4.178210052601458241e-13
-3.170232258937222279e-10
-1.101776638253523547e-09
-5.455271182208897737e-10
-1.116650259936252148e-10
-1.424588778654298411e-10
-1.498955526982490353e-11
-3.170050354826855647e-10
1.752545241939770483e-12
-1.537763408592654962e-13
-1.182341738740410468e-07
-4.482016585601391515e-09
-5.777685389071570821e-11
1.105270147901791910e-13
-3.603774417445736163e-10
-1.093806294887570446e-10
-2.674345657266517947e-10
-1.768654925701226367e-13
-6.528344558163750192e-15
-6.599068515225024579e-15
-2.432298815846664192e-09
-3.849672467368273653e-13
-2.912732007748135810e-09
-7.605487593472191879e-13
-2.490367511913547715e-05
-1.566417874940589820e-09
-2.743346050917460389e-13
-7.773115045134585479e-09
-8.415049404608564638e-11
-1.091272039771161892e-14
-5.902001816853212437e-14
-3.749407762080376020e-15
-4.698300960989128861e-10
-5.333133456070816687e-09
-6.431063685836298886e-14
-1.086743312296887316e-13
-3.248212059554805564e-15
-1.469088072866208702e-11
-3.702232976726766760e-11
-5.840669453640091505e-09
-3.671097528306713860e-14
-2.656922447702216710e-06
-1.580422927928617668e-06
-2.076497706162439366e-05
-2.818164566825226841e-11
-9.596872373214014592e-09
-2.592556142823988241e-08
-2.323986222195845152e-10
-2.104313065185158018e-12
-1.363198719959374619e-10
-2.200423110908174970e-11
9.970452908889690907e-12
-2.629366290345908688e-11
-2.034529268589403362e-07
-3.113011197389129126e-11
3.478763018738401968e-16
-1.910440832271154993e-06
-5.654080544509621100e-10
-3.272150223633476298e-12
-2.946397640227144951e-18
-1.554725079587180853e-10
-4.989087330166217272e-10
-4.106320180565569884e-15
-1.151485882321179081e-11
-7.728286179366572043e-14
-3.050381758813214932e-15
-5.078774489266001049e-09
-4.737427138026136855e-13
-4.292907928882091952e-15
-4.305949426842072271e-13
6.163895452346205131e-12
-8.817493701365848806e-12
-2.380139331859031049e-14
2.310217075024196399e-13
-3.118838581652943799e-07
-1.460813774756846959e-09
-2.463838775567079527e-08
-8.487877804105677770e-12
-1.532851151603835059e-09
9.724357696307303744e-08
-3.242109863955855782e-16
-8.400610508974754965e-08
-4.207156791707464283e-15
-1.184270985117921944e-06
-9.958907306311587435e-11
-1.500873310332828764e-15
-1.144664365176359735e-04
-2.845646200849210278e-12
-3.548900552233611393e-10
-1.198767751181058075e-11
-3.877782193517776073e-08
-1.033328319716813011e-09
-1.052266728423468445e-09
-4.187894721212730929e-11
-2.052051587335582345e-10
-7.194232136616023537e-06
-4.478333040831962394e-07
-1.056838483370054358e-11
-3.754679308684153956e-12
-9.320166732652329938e-08
-1.702636971494657499e-11
-1.549955139974251829e-07
-2.411791588933953684e-06
-9.961105246455086213e-16
-2.852760218071522728e-04
-9.661369709009399781e-10
-3.915440245287447389e-11
-2.929583941962135180e-09
-1.095928922336107465e-09
-1.362808478555224315e-14
-2.267123533654702045e-11
-9.834250015306059102e-14
-3.056073695808164013e-08
-1.007925018817687915e-15
1.217282191612195162e-15
-6.695884826990210670e-05
-1.431284672428017590e-08
-1.109919728102080673e-07
-2.672432429055470189e-12
-6.570197237361050656e-12
-6.031852449439679126e-06
-4.658014260089307258e-10
-1.274157885907984825e-13
-5.060411101120210224e-13
-2.401134591759657755e-13
-3.466983637105883088e-12
-1.957229702162277191e-09
-2.679068280711063387e-12
-1.269028996155137281e-03
-6.370774293985980580e-04
-3.928959458051138772e-13
-5.850933072215555112e-12
-7.149989079625160586e-13
-6.673476935963239262e-08
-9.106660609271304433e-09
-5.889744608118854257e-08
-1.183522735074946313e-12
-8.671618174735436747e-10
-7.910142652031771076e-11
8.153538386092985650e-06
-9.901372695084802519e-12
-2.474314999409163036e-10
-6.948136155927367657e-06
-1.119018961062773074e-09
-5.851297512076544408e-09
-2.098953612417304681e-12
-3.885956255116104679e-10
-2.528626573664547432e-09
-2.634457846576072959e-10
-6.248808738961119700e-09
-9.690863643316676560e-13
-1.160716973580912525e-01
-3.719512926151218394e-10
-3.238030911884376391e-13
-2.781275733294925092e-11
-7.602460407158859128e-08
-1.186224958112242975e-09
-3.317114338470493191e-05
-3.196415400736775201e-15
-1.048864404171419475e-10
-1.909380388637663451e-14
-3.205451090728327361e-14
-2.721757054915014202e-11
-1.348295957866643001e-15
-5.116895357325062653e-12
-7.375334654966677558e-15
-1.598784277419280628e-09
-8.515480234564583794e-07
-1.629919703448641437e-05
-4.066829013857808175e-13
-2.373946950029808242e-12
-6.002438253161952967e-09
-4.205051748096114352e-11
-6.751534881218759518e-15
-6.807745919391372717e-10
-1.879775713993159155e-11
-5.559099376200610102e-13
-1.284542328473034031e-14
-8.609775053699643968e-09
1.332471902258120286e-13
-9.863810496578062978e-11
-1.555026442468774006e-06
-2.409478148049440935e-08
3.768360054791454743e-13
-1.816880753813326088e-01
-2.962628245727174139e-11
-1.033509910445181027e-12
-2.062796024364894252e-13
-2.842082981773888711e-08
-1.157743908062049461e-05
-2.474316508302873699e-09
-5.617433130626030546e-10
-1.752632303564585639e-04
-1.761761109081888037e-11
-1.141906949289189830e-11
-2.000661975891260935e-17
-2.774444656954213532e-12
-6.098001516813906769e-13
-1.775610417778110343e-11
-3.470281994579703525e-12
-2.225159931818265096e-13
-1.907279928795585523e-08
-1.307286008020630117e-11
-1.510428085648496314e-12
-1.179820665163824994e-12
-1.880080573081451362e-10
-7.843501206121455933e-07
-1.153517893716230151e-07
-1.029335259352322264e-15
-1.787505276291373958e-12
-6.459904752743367518e-09
-2.607094612010896584e-07
-1.241059019446914160e-13
-8.149632387641563596e-14
-2.261115691856138520e-10
-2.006320063942228084e-12
-2.286730874010340185e-12
-4.619117923042094979e-11
-2.562455259477703438e-12
-1.190001577781847754e-10
-5.046415979877042066e-13
-8.094821607352421411e-09
-1.742255407828956025e-05
-1.457584702350377566e-05
-2.753867955926096680e-12
-1.512209505193546483e-11
-4.870077300307524004e-09
-7.503497260192701376e-12
-1.166901233866454234e-14
-6.006636866777144860e-08
-3.905487413618493885e-15
-4.085376314332049390e-15
-2.300011906680384077e-06
-3.487765249058892193e-09
-5.365356842177570712e-15
-8.585972707459579396e-10
-2.571844790332325297e-13
-9.096294244090730995e-12
-8.412953096294186684e-07
-8.815203726442512689e-08
-4.579777891143214052e-09
-2.834554897729472876e-10
-4.514047160401992969e-08
-2.611533478839790142e-13
-8.839261418046617292e-05
-8.572395678164854941e-15
-5.310913476947122454e-10
-2.386866031409329799e-10
-2.937711338815795367e-10
-1.896979408490327076e-17
-4.170535327651180253e-07
-1.702681794595243479e-12
-6.528217948463049402e-11
-5.318396434147610697e-07
-3.772185790485395830e-10
-1.158055495561045146e-05
-1.564217654910748658e-11
-1.070685095718323767e-09
-8.355078053102962533e-08
-7.259148393553161613e-12
-2.661748813090624490e-12
-1.081095689731089120e-12
-1.681471866124292872e-11
-1.905933613532431659e-14
2.886050174274388926e-09
-1.214049910044099388e-15
-2.894545664408415675e-14
-2.617151559860743620e-15
-5.450721126472931563e-14
-6.400430904759945767e-10
-1.451944963041970684e-10
-3.286357307412331236e-15
-5.905950737190497850e-09
-1.358543581882280325e-06
-3.811659420791581885e-15
-1.015914180988858970e-11
-3.835542320323024852e-11
-3.775158566373465849e-06
-1.676661847786193569e-13
-1.415117556792981534e-09
-1.507984111729643765e-10
-1.392015608889415988e-14
-2.760392100546344839e-15
-1.967727644579928342e-08
-4.087339139135705128e-11
-5.141662832635112837e-15
-3.609678954846280302e-15
-9.395818132789441777e-04
-2.941103982261720714e-09
-9.961496152528824936e-12
-3.112689465339206841e-10
-1.033238308241886912e-15
-3.286968917367130014e-11
-7.838808073737414674e-11
-5.315923610729176270e-14
-2.287277430056481628e-12
3.463724886045847383e-13
-1.557905837608695484e-12
3.795702131321707018e-13
-4.242734529743539688e-09
-8.427084161011988728e-11
-2.074541554678016405e-12
-5.908199063613774044e-08
-8.828433143067454920e-11
-2.957106079486165735e-07
-3.014930985655725297e-09
-6.392719897826311310e-11
-2.822022610827303641e-10
-8.999735788709072465e-12
-9.402170409227679200e-14
-5.330977380367606767e-07
-7.260739961284680230e-13
-1.694297804715064900e-12
-1.496474442452086176e-09
-3.207846146326591820e-11
-4.986093639672762569e-09
-6.998523818839883741e-09
-6.419078644129518952e-10
-9.210024804437419378e-09
-2.804898181745274734e-18
-8.449299596016009616e-08
-3.028113141787537436e-09
-5.685917330067659157e-13
-3.951788817770298664e-12
-2.783699240902709542e-12
-4.944622446592659617e-08
-2.334343075725515988e-15
-4.423559640816867511e-13
-3.020640602944781524e-11
-3.588029369136628390e-19
-4.550019268561207956e-12
-1.245237829893382611e-12
-9.182625485112967445e-08
-6.077715961167381507e-12
1.129706195209794228e-09
-2.562938555740845348e-05
-7.069717810775400205e-14
-5.772019977739216941e-12
-1.167564175218836148e-09
-1.335981503181004352e-10
-1.340554391025985537e-05
-8.646843380795277322e-12
-1.842027165948564680e-18
-2.104523558109401188e-09
-1.469135287886296864e-10
-5.335854791678947696e-14
-1.886513276467394462e-10
-1.052614679915116457e-12
-3.175803567603400139e-11
-1.204309704706485460e-14
-5.257343303803201674e-14
-3.568194049516555024e-08
-8.384627331048757885e-13
-4.416705219822578055e-11
-2.675063245913603749e-12
-3.926441940438634540e-12
-9.588904267667309357e-10
-1.169603539579056963e-10
-1.597530807618631097e-07
-1.902238928595452378e-11
-2.963285067820091138e-15
-1.433756283846856849e-11
-5.840346002908236602e-07
-8.030889387831689786e-11
-3.006852959398935780e-12
-3.066175116052865978e-15
-4.954364629873319334e-18
-2.116155174169671730e-10
-3.009882241405335609e-09
-2.208718699866854815e-08
-5.678400650431700553e-09
-1.198203175380922832e-08
-3.778990815463492052e-09
-5.636192122717551446e-10
1.232600532396349870e-12
-1.914714971081071460e-10
-1.766908659512440143e-13
-6.189224312253086173e-15
-2.239025492382466529e-08
-1.645519036008012856e-07
-4.525882084319821164e-16
-1.581137418801225109e-09
-9.273394993751610523e-13
-4.870026304086677016e-13
-4.686356905554648902e-10
-8.328283709724609543e-09
-1.017731563696627544e-11
-1.208400883967488528e-12
-2.035529796273008544e-08
-1.111843800744638255e-10
-6.282435866106050376e-15
-8.761685190869471402e-12
-1.147714929286881722e-05
-7.408390600876069042e-15
-4.873641298551781423e-09
-1.492578755077161518e-13
-3.501227312508187876e-12
-2.906981756994748577e-07
-3.131547470098514297e-11
-1.224335838876372187e-11
-5.114596213077149898e-09
-2.365609973195544389e-11
-1.934620510074460402e-09
8.991822320530392344e-14
-1.315568660167807250e-11
-2.339437177884695007e-12
-3.577974245115397892e-12
-1.387656334167286639e-09
-3.236274533707335284e-06
4.893714725334033224e-14
-7.878847765975636384e-10
-1.940666384026042384e-06
-1.424933821277536686e-10
-1.868416433735214864e-11
-2.044979804424626843e-07
-1.601910377386302142e-09
-2.997009806264823556e-11
-1.950811297878267782e-12
-8.995276837789701819e-10
-1.185581107009537812e-13
-2.152720721943938586e-10
-1.423533307294594143e-08
-3.101757547472015583e-09
-4.166888968932867095e-11
-6.172402972057873591e-12
-9.314766324088269534e-11
-1.379061723468504093e-08
-8.929244563357614675e-13
-3.206766194254476802e-14
-1.340611320508093957e-10
-4.280283482928880389e-13
-6.253567202873704994e-11
-4.855893072338258531e-14
-2.940842900021915783e-10
-5.592264313230060314e-09
-2.167251410820121827e-10
-9.485004125089025750e-13
-4.054143955099109133e-13
-1.864539133750392547e-09
-7.916162215335455072e-06
-3.077087096778896735e-10
-4.224251259936589234e-11
-4.450824780443977629e-07
-2.064655576549875631e-12
-4.821434002326728085e-16
-9.252202577446795373e-13
-1.364135685084106604e-09
-5.658751596434057590e-11
-1.335670316606480274e-13
-1.390894961338203807e-12
-2.150152436038630831e-16
-1.760860579924483088e-07
-1.603913830953242340e-11
-7.073304243283053300e-13
-1.384976936955671557e-13
-5.288671060561344890e-09
-8.945180984872762316e-11
-7.265880729883224806e-08
-5.938977766463078179e-12
-1.013395863057601258e-12
-5.142789592281347563e-06
-6.723189475008043154e-09
-5.896757835752925048e-14
1.842928715974302731e-13
-2.947084266482578506e-07
-5.530968338427559927e-12
-7.846718989541278978e-14
-2.928299780929450173e-12
-7.744805814581518346e-05
-3.533390212827596818e-09
-1.655173362352199492e-11
-4.789869391808789603e-16
-1.676497547787209794e-13
-9.339672666223164128e-04
-1.469956466383268681e-11
-1.961116283162150512e-09
-1.812501182211615464e-10
-4.555321380037811848e-07
-4.212181178262012252e-08
-7.158579360441431085e-11
-1.341405147296418409e-10
-2.006525037620559450e-12
-4.000705230384200896e-12
-4.597149722323573823e-12
-9.368421877102433060e-12
-2.837644623631542135e-15
-1.131820727825364318e-10
-1.751588894977922515e-08
-4.953991941910042266e-10
2.062516413272080700e-11
-5.820535927367640914e-09
-3.991309028578368174e-10
-7.346945849328675744e-11
-7.092897876986804623e-07
-4.142523536764687802e-17
-4.053283378461474763e-15
-7.031897505178109129e-07
-6.462407307966211945e-12
-1.353314537668416860e-14
-6.161533764848943304e-06
-1.568962305881658065e-09
-9.768091291758684915e-09
-5.496314417030946106e-14
-3.853783041451433607e-13
4.827350904166276569e-14
-2.781640746612523007e-13
3.481093312026676875e-08
-2.236525599561053342e-06
-6.178397308148592665e-09
-2.888852389359527987e-13
-3.316280510601747680e-10
-3.951230219976776140e-11
-9.737257585824348256e-07
-1.324200913873125680e-07
-2.015296928283498740e-13
-4.884086934312880680e-08
-3.267191172602839712e-10
-5.722542855926727712e-06
-4.421875818143267181e-14
-1.119117044872689177e-10
-3.332779048768004486e-09
-2.115122072553406508e-12
-6.268532357792086094e-13
-6.003428307331310497e-15
-7.791288330193520934e-15
-4.433253228762209035e-11
-2.062543825389118928e-11
-2.893918928109292796e-12
-1.250061122489726943e-09
4.254236625199862392e-13
-1.178007984221498718e-13
-9.226217907856888210e-11
-3.332048213512088450e-14
-4.632659574823260351e-14
-5.096655060275554411e-12
-4.414769387869941700e-09
-1.827096225190771955e-10
-4.612311790150930075e-12
-1.214296465600253916e-12
-2.084316844953283323e-08
-1.547173630164947887e-14
-4.568658353775777684e-12
-5.676192387230049360e-13
-3.623446203699717131e-14
-7.513703797918979209e-09
-1.222675380344715279e-15
-6.299176301271536884e-09
-5.836601201775039905e-14
-4.503551397747971846e-15
-5.014859316756294008e-09
-4.284800457797023550e-09
-8.319384066321071540e-12
-2.674130304470745610e-09
-1.218110622392015552e-12
-3.489229777528524752e-09
-9.958717084750893481e-11
-2.996117456864897432e-09
-1.692285823087014844e-13
-1.179994310578406888e-07
-2.886154718544025680e-11
-1.433326657832952502e-09
-1.460785904311823094e-09
-1.951698524104648689e-12
-5.489403343786846985e-10
-5.664054746306824720e-11
-9.381296047866870901e-14
-4.737733731952287105e-11
-6.800812913013818397e-06
-9.360239720656118721e-13
-1.472856439733339749e-05
-4.581122471389933708e-08
-1.120466856200461606e-04
-1.678074423185301059e-13
-2.549976848477927957e-10
-1.174800305186288674e-13
-2.576506706402405818e-12
-3.708193120038119000e-08
-1.310668345466571425e-08
-4.056745573590608663e-13
-2.420357932267351055e-09
-7.104873873870135919e-12
-1.011943984325655257e-06
-1.118994862204433585e-11
-6.400862889896750420e-05
3.745246433140584261e-16
-2.246277330416435467e-14
-1.222315327430947009e-07
-5.681176185449270453e-14
-4.563684991288579684e-09
-5.245897812268798237e-09
-1.289104498068517218e-13
-2.600970675470660901e-08
-5.882223343596454864e-13
-7.609932670215590261e-09
-3.580318238363035497e-06
-2.846824660152956565e-11
-5.336768519384465532e-08
-3.381241646224747796e-10
-4.753331751238188589e-06
-2.859873187734785589e-07
-2.045860329101616582e-14
-1.099385244286988553e-11
-5.473427320302530393e-09
-1.237764824435389261e-11
-6.559196345715871032e-14
-4.645292004891889077e-09
-1.136586426903079312e-11
-4.115464779547060574e-10
-1.444840120803151863e-11
-2.386022140831361650e-15
-9.289635699230953668e-06
-1.894654293013639984e-09
-1.462821555036881784e-12
1.404372423563287601e-10
-3.796219770426009055e-14
-9.812440417096120647e-16
-4.738684615024390827e-08
-4.058346156258767278e-11
-3.200881079564657879e-12
-4.761361970395525161e-16
-5.749205652018924603e-16
-4.038442865932355021e-14
-6.453703913531012469e-12
-7.153678241814222222e-09
1.293903255291519441e-11
-4.104025535365774310e-08
-3.089948106115741785e-05
-1.066292054579863242e-12
-5.922748832104189458e-06
-1.258108541889160222e-12
-2.023838520837735041e-05
-3.488925369464128716e-07
-5.295157458744635961e-08
-3.090915482788483578e-12
-1.216646824431439845e-11
-1.868827508453612149e-08
-1.233511751479504764e-17
1.062471300522120221e-14
-2.329581983604778385e-05
-2.006558772234125312e-14
-1.067386035950208428e-13
-9.987552592135820646e-04
-1.050235169196673954e-14
-6.639365019567051465e-07
-1.505656008925344949e-10
-1.133254683073955302e-11
-1.341467975631540059e-12
-1.697929225789171959e-04
-2.258998877531861363e-10
-7.448301882831233283e-11
-1.087098270222932518e-07
-4.194718398459563790e-08
-3.558031671144804807e-06
-3.863096739968514655e-13
-2.906187782723078894e-10
-5.291342624765421152e-09
-1.178024524791418785e-11
-8.841419393828967369e-05
-5.992757324588330944e-11
-1.155521116164226169e-09
-3.899550399490993340e-10
-2.735707545146063014e-10
-8.111055301806073504e-06
-1.070043244990307717e-08
-8.188949273553373941e-12
-1.664839125616162611e-17
-1.851156522987162905e-11
-6.671336951009103779e-16
-1.230082010954568873e-10
-1.498341268347884432e-13
-5.907562800891418501e-13
-5.332694666803921637e-07
5.336392759837023815e-09
-5.541432647692128510e-11
-7.670678748413415055e-17
-4.224779081331700416e-12
-4.663518342452459164e-11
-1.457340730624124647e-08
-2.382026552367652362e-12
-1.312718451958979806e-10
-2.099467172494689518e-14
-1.242882304363327189e-19
-1.534174298643837399e-11
-3.018503154333257849e-13
-1.341799883111827245e-10
-3.102614048483862614e-13
-4.194983541847966227e-12
-1.120529649212914254e-05
-5.657189512911354911e-11
-2.657724565767956559e-13
-2.849655958657288731e-11
-2.891937631981598325e-15
-5.691397376916739868e-11
-1.071309992834461395e-11
-6.148461423879951256e-11
-1.709482786227628344e-13
-1.494575777467116324e-12
-2.143877001188624284e-10
-2.361277156733828356e-07
-3.027147019599624098e-14
-2.178381086959792697e-14
-4.402688673831148640e-06
-4.933555091731299276e-09
-2.350933566305178827e-05
-2.618191049256029369e-12
-5.369187658456460790e-13
-2.700389188289720865e-11
-9.033660130388979840e-11
3.302156326706837703e-14
-1.402241899817174778e-09
-3.593644262663123247e-09
-9.506132326205018516e-11
-3.644031513591329414e-10
-1.545226515208688902e-11
-2.979210244564188157e-09
-2.945559986265407223e-11
-4.182866137547713255e-12
-4.432624539228935136e-08
-1.889322699703633965e-08
-1.342762080207761677e-16
-2.017007146890233791e-05
-6.532723430219244724e-11
-2.567760215074649091e-11
-3.181417818091887398e-16
-3.584395587380343453e-10
-2.020027342041935711e-08
-6.795845255400949658e-09
-8.596905499842137418e-15
-8.683873167682922943e-10
-5.091114313703087196e-11
3.000307894086423361e-15
-1.061074330321070147e-09
-3.840462667952934254e-16
-3.210956855561552564e-08
-2.923790025684643062e-08
-1.405142673110104324e-11
-1.180599203633831728e-06
-7.875457428499219852e-08
-1.440479536078505555e-10
-1.243159519202153467e-04
-5.958810196527540061e-13
-4.252023039621701874e-08
-1.293452136808450511e-09
-3.400971458331962902e-11
-4.139211876252098844e-10
-2.995983043476965636e-11
-2.331114785592740608e-13
-2.854463231664932139e-08
-4.965249465209139861e-11
9.449100777880773891e-04
-7.365609982465205811e-12
-5.278552005611301645e-10
-8.167688359901871443e-10
-6.975080722697202448e-14
-8.529580453529585015e-09
-1.072147075939598374e-11
-6.482929448773305095e-12
-5.817140502220809343e-07
-3.521096397072979072e-09
-4.138833574930532719e-10
-2.526366847934100768e-18
-5.450959147535117932e-08
-1.101035232794393455e-12
-4.533743024496932981e-12
-9.679592249791383725e-16
-2.461868002781965779e-16
-2.175422194957746743e-08
-2.020799931867559101e-07
-1.624739382557941205e-15
1.765898659970811362e-17
-6.247896765870081163e-10
-4.514797323822729268e-11
-2.680492039156696041e-07
-4.998564195114797782e-11
-6.669397607669843432e-11
-8.076946924444345498e-15
-5.096958329023872077e-11
-4.233480403852256207e-11
-1.682356140043478107e-06
-3.784308727702809179e-10
-7.842928658552506729e-13
-1.998239511438967408e-11
-2.346391340268198397e-09
3.560178905604585443e-14
-7.270004739064921493e-15
-8.768555919241983821e-11
-7.608558783999531340e-13
-1.400647871041360566e-09
-2.666375950711139026e-14
-1.412243431211397842e-10
-6.649822304825847775e-12
-5.252651923324892512e-09
-3.267450202985862777e-10
-2.289358295592832845e-10
-5.513544550899446545e-11
-9.750786366114669231e-11
-2.247475656757410929e-10
-4.125050205675254065e-13
-1.974739242980543787e-10
-4.144282865595589038e-15
-4.229961304788434975e-11
-3.798999922797705356e-11
1.012475584127208383e-13
-8.459720681632070392e-15
-1.880285293583239950e-08
-3.300185045233126141e-16
-3.974832718811241508e-10
-3.575652583529518171e-11
-7.698801549713032181e-11
-6.380117012956750282e-09
-5.906188799467398289e-12
-1.110034101670521187e-11
-7.877129835919734172e-11
-3.337396788506651078e-11
-5.022518703520023237e-08
-3.164339747913463720e-14
-4.014269838216527198e-09
-4.924121452350275510e-09
-1.090198325116015688e-06
-3.606212598680000007e-13
-7.773410144755275789e-10
-1.601466161250447423e-07
-1.761912661609549798e-12
-8.421382702128383032e-09
-1.128228282355157295e-08
-1.283896876053201430e-13
-6.945958053908055458e-20
-1.780187397296453089e-13
-1.291932438499466898e-13
-8.763602528116638239e-07
-2.249133443526541481e-07
-1.826475625970037377e-11
-2.212581680771589241e-06
-1.469331046049790766e-13
-4.078569018245488587e-12
-7.167243192402052534e-13
-2.474678564363325283e-10
-2.412930459060931337e-13
-1.309881573434739586e-12
-9.477011877801115168e-12
-3.812858042824757140e-12
-3.615706709681356788e-13
-2.570287453876811314e-09
-4.170999445820705886e-11
-1.004657998929577567e-08
-2.617435329956682382e-08
-1.652190139762267208e-15
-3.663540219036420215e-08
-6.515666727253152939e-08
-1.595615237806113229e-10
-1.268788238626954357e-10
-9.265011283621294617e-07
-2.111364877956757412e-11
-2.366790767197073358e-03
-2.439544189018161227e-14
-1.679309671904553419e-10
1.698607401814505616e-11
-6.600073118549028938e-14
-8.167837187791598990e-12
-1.502001625058677308e-11
-5.683821664066370918e-16
-1.859034388872349842e-17
-4.701352212545103831e-14
-5.805521298542272721e-12
-1.305051545136888840e-10
-5.948286348988655344e-11
-6.667271766669949271e-13
-6.383826305228423825e-12
-6.344346232302641167e-14
-7.944855775077695029e-08
-3.405614279801518215e-19
-2.627878314725583109e-08
-4.840389491605240879e-13
-5.848706252785861382e-09
-4.964501785121953562e-07
-6.778143568706634772e-09
-6.648126097891205881e-10
-2.443130817158802257e-10
-3.729876811107977267e-14
-3.112961714171842756e-09
-5.734115596380196743e-14
-1.483488862852555608e-10
-1.250636744117902051e-09
-4.063726426780553506e-09
-5.823896092134690815e-09
-8.124750164950846965e-10
-2.997500993543230495e-07
-7.261081680772168089e-11
-3.739848158815774876e-10
1.609843446630556825e-12
-1.884424982628353218e-13
-5.608858115323442650e-14
-3.073983251357183163e-05
-2.591460475196409545e-06
-4.493279179371136060e-07
-1.184936068579936109e-05
-3.881988685995139706e-14
-8.130596647617215042e-09
-7.011706803977024547e-14
-4.735678894963075554e-10
-1.571689407136729857e-09
-4.892048512409006627e-15
-5.207158515355962845e-09
