1.322393702624123963e-13
1.228877199075077262e-08
8.171274321379687282e-10
5.286798326874280012e-16
1.128176506655857149e-10
1.373443862412270109e-10
-5.105752192297337945e-12
1.405508972644123320e-08
-2.648751572912826678e-08
1.321455561536422251e-13
3.085023407649641434e-14
4.198424917224847675e-10
-1.794949553613136705e-10
9.800755779929357000e-12
1.424399476458873086e-07
2.416850098982372872e-04
9.377778434217527271e-09
1.217702733768486604e-09
-1.194986694893909913e-02
2.859322889343067890e-12
4.122890435488640653e-11
-4.454109227160781254e-09
-3.951134013153859619e-11
6.606388008839310531e-13
3.578241994999122271e-16
1.209939915993172306e-08
1.059394595701486275e-09
6.582089059051350075e-14
4.958402074277846831e-13
2.512817808731337770e-09
5.056941701043698278e-09
1.289365576806591900e-13
3.584536654132939975e-10
4.043100971933394856e-12
3.703035127304843896e-11
5.908784721130803196e-16
5.086474718880544623e-14
4.837213924648727647e-07
1.214575811938358164e-12
1.846594237394518854e-12
4.134941420676146852e-09
-1.341300114902342378e-11
8.237097418750855084e-12
4.537634396155089058e-13
1.243446960596711968e-13
-3.104770819518503674e-13
1.536645699123707045e-08
1.355169642436206811e-11
6.167232200179586777e-15
3.988479958047287966e-17
1.108139424434865634e-13
7.318023689745437168e-13
2.753625852238267090e-15
5.179855001562768565e-06
1.433954272474481636e-09
1.633865087787593599e-07
1.172078462239210926e-13
1.039000320431054216e-07
6.588928977528906662e-11
3.263301247268317870e-13
5.239736705515270291e-09
1.356221237444024562e-09
1.775587071707677817e-12
3.306370452658214322e-11
1.007820942082520188e-11
2.321183930440198818e-10
-8.465944719613787139e-01
4.442723820744855975e-10
5.665262072909494641e-14
7.040966781687194435e-12
2.407463239675151942e-09
2.143431598559853712e-01
2.286559399841790858e-08
-4.175433345139767375e-11
2.603884915416849690e-10
5.042119694727481058e-13
1.381357246430917620e-10
5.465445424707786918e-16
6.440941476408189168e-17
2.159644641833179982e-10
1.560247900167890074e-10
1.608122218315743630e-09
2.627167587349895116e-13
-1.883383442230619685e-09
2.801784894737017211e-13
5.615076338132193909e-15
2.016979861363419309e-10
6.595285517056083203e-10
1.318116398052711356e-10
8.307513818392937061e-12
3.081150043164103239e-14
7.670506732284627786e-12
9.352285996861177580e-12
1.809082527053067658e-10
-6.207910191614623011e-12
2.067937496464291564e-08
3.626087871684224451e-15
-3.606216143119314619e-14
4.206907299887246670e-10
-9.530988381153685971e-10
2.453392493036640279e-10
-8.633701822778674178e-11
1.083697456977354653e-10
1.103224016562940192e-11
5.215515413597643220e-10
6.993346381667925547e-13
8.882706018389811610e-14
2.976599519830980046e-07
-2.623866471247177174e-09
4.792141997013194271e-11
2.295151523628011742e-13
2.462281270361712094e-10
8.387412883422516238e-11
1.858185098686595034e-10
-8.296464088656721471e-14
1.108318224001010685e-14
1.051239091012813887e-14
2.852424005871361068e-09
-2.152703498153381641e-13
6.429342604401942599e-09
3.242848775632504039e-13
5.461494465719645661e-05
3.741003990504470155e-09
-7.115341388320816709e-14
6.189141663617175974e-09
3.595873081826584293e-11
2.265075088696671203e-14
6.508790564137210857e-14
5.078035451365436192e-15
7.834496861186597885e-10
6.410510937993595745e-09
-6.310262366515743847e-15
2.527289490983537192e-13
9.033829512343114496e-15
7.254363988588190103e-12
5.751154148307705272e-11
9.090352583039843319e-09
4.528049274863927666e-14
-1.616136771415129952e-06
3.655365907663272402e-06
3.401481723418672549e-05
8.891066185525152958e-12
1.517333434772223856e-08
4.481713924124032187e-08
1.000477441290366175e-10
3.043760937434801854e-12
-1.123362339886288844e-10
4.881101097128785595e-11
8.798478555077869786e-12
1.726928173332184438e-11
-1.763129031890341072e-07
7.795195430004980544e-11
3.966375164475909466e-16
3.273017955729436248e-06
4.586550699506450862e-10
-1.427940036224834588e-13
3.438847253029226643e-19
8.576606567911127770e-11
4.034469437098658639e-10
2.888374143285240111e-15
3.223775157300959194e-11
-4.519202573163421136e-14
4.594510122299695756e-15
3.586967551579788945e-09
6.408223904786814800e-13
9.734303147841390852e-15
9.761330959683166195e-13
1.618100892857193968e-11
4.977994336639333472e-12
5.937343187927688369e-14
5.422845606649759415e-13
2.515126706194439337e-07
1.467268202772993018e-09
6.737842345269366375e-09
1.150246406193462949e-11
1.279476994955899863e-09
3.691684603698461120e-08
2.774506163616865222e-16
6.604447270756366255e-08
3.087591956066289272e-15
9.569323250490793619e-07
2.205443530290743847e-10
2.228628019229583105e-15
2.560217953419028454e-04
-5.304775765458432380e-13
4.241394531694301732e-10
2.647694955457812837e-12
2.900176587025664689e-08
-3.442400235544869903e-10
-5.297951877531630590e-10
6.977609986167299129e-11
1.504397813645633073e-10
1.180154887050654099e-05
-1.703402561684992625e-07
2.057032785865522123e-13
3.223060229285512823e-12
2.148634216864711039e-07
3.826840297591858457e-11
-1.338567629472469396e-07
5.389740606713898381e-06
1.372122153895103968e-15
-2.472429256001666643e-04
1.137804032536727091e-09
5.018682088638798705e-11
1.640552799049931108e-08
-8.985512245354260462e-10
1.381669593580348698e-14
3.018077030013788856e-11
6.529610483189491258e-14
9.664092298804750175e-08
1.499778186767370695e-15
1.320587931388794836e-14
1.786387421531620114e-05
-3.913473923500712952e-09
8.567873457338800544e-08
2.489723129010437984e-12
7.722121386295336454e-12
4.708734967555504341e-06
3.554380515894962172e-10
1.438297833829559712e-13
1.092749071955119599e-13
8.298767766602970440e-13
-1.967606316876900827e-12
4.311848471521408654e-09
6.153305828209202054e-12
1.013674637300274834e-03
1.468732395204469998e-03
8.410296134071297396e-13
3.483248334056978209e-12
6.802018875195037200e-13
1.005407653421621566e-07
-7.586704653934916068e-09
1.417228581938186537e-07
1.126574508593940354e-12
-6.179669736268307121e-10
6.766484101935691658e-11
3.087226869407728006e-06
1.711957736323011870e-11
4.867476433155571663e-10
6.549756690362434993e-06
3.154168758390380079e-09
6.098008669542029993e-09
1.640203933515042121e-12
2.022852012552333463e-10
5.862889107795911261e-09
3.759129631537319129e-10
7.960139260739858659e-09
7.519852218411150572e-13
1.903881530584367321e-01
5.988294721382333516e-10
5.847099943705007073e-13
4.323450157551903049e-11
-4.248726512820222537e-08
1.702963798951556899e-09
7.429933706043196186e-05
2.550089809018933454e-16
2.930435432071318028e-10
4.203860671666657827e-14
7.104876789130385788e-14
4.256192129187375868e-11
1.800643078648764342e-15
6.439289931886459219e-12
9.426914889006353057e-15
4.192699249511623960e-10
-7.413543034766490997e-07
1.272983286966577995e-05
8.139205766489511873e-13
2.812817726521831001e-12
2.157545761798885552e-08
7.429564866264068817e-11
4.202227143328829895e-15
1.049401337056435695e-09
2.211940950374438680e-11
4.753075990849370506e-13
1.035216394235564107e-14
2.121884328125603533e-08
5.596032980756388694e-13
6.148518316014818027e-11
1.910475203441824781e-06
-3.625639076938347651e-09
6.200281987274109059e-13
4.482495844883525038e-01
-2.183494593640848313e-11
8.812375025227106935e-13
6.015265639186587474e-14
4.565737594684141385e-08
9.340827886522776175e-06
4.019202272552449328e-09
5.251125003095394948e-10
3.922996906110305811e-04
4.148915974547954676e-11
9.689902346462836238e-12
5.884564647928501026e-16
7.499916156377241035e-12
7.106614288562058910e-13
1.534095605233436815e-11
7.270779352323216997e-12
5.128752033218745286e-13
3.544962042318079821e-08
4.947417326824389661e-12
3.336185368890231445e-12
2.208446723133534876e-12
8.352810294234539983e-11
1.356103890491914546e-06
8.888537409535956306e-08
1.354438319038001168e-15
3.986875482747334727e-12
1.345459303817914123e-08
2.052381544321017124e-07
6.766983318650702841e-14
6.570999796657397432e-14
2.554347700554461403e-10
3.984992203392055267e-12
2.511502256764832126e-12
1.170131931241730544e-11
2.003833265391323216e-12
1.032099946101057318e-10
2.660661233453630456e-13
6.168725221106743116e-09
1.638459226169452932e-05
1.170645593986096749e-05
2.166709559944585353e-12
1.091245316593361847e-11
2.094727255888352828e-08
1.151533645533354311e-11
1.518404304628834392e-14
-5.080935312353877457e-08
3.700463386358091462e-15
7.262235100152892626e-15
1.664736524478090866e-06
8.027230956012907904e-09
3.674139812062419463e-15
1.415550128947133184e-09
3.124985730346450337e-13
6.676552450672967228e-12
-5.075475152584674458e-07
1.551716739343348462e-07
3.534676298100862071e-09
2.055684386269117437e-10
3.476758263921768501e-08
5.253029967024883193e-13
2.039884832634082396e-04
3.430349554253589474e-16
-2.811503610469401230e-10
1.734136901454147291e-10
1.545107862803134339e-10
2.223107892247848915e-17
2.248406138116642863e-07
1.256948026727739458e-12
-1.944194563178512413e-11
8.378994987710299887e-07
5.953650182941679031e-10
8.612893049696177897e-06
3.439346609253121604e-11
-2.446387326116002968e-10
1.850576897190703021e-07
1.401622071913028522e-13
4.185702984908026657e-12
2.464085680027242863e-12
2.000309474567584555e-11
1.902966027233937808e-14
4.642247191074090577e-09
1.768018047475538448e-15
5.136451199438213982e-14
5.805231218941738799e-15
1.345868664326445726e-13
1.448232973512898199e-09
2.526881556285579359e-10
5.248239022588940161e-15
9.461505453510760623e-09
1.391888658313029821e-06
4.362868181339068673e-15
1.098437035131314253e-11
-9.400810001110328622e-12
2.906229329893153255e-06
2.194419085611523874e-13
2.794522468190215285e-09
1.767395019907740526e-10
1.896854939451756133e-14
4.562965620161817529e-15
1.578171205906238929e-08
4.466370456834742681e-11
6.537749155140515394e-15
4.896902459788286995e-15
-7.905688923462831936e-04
8.350828324712155915e-10
7.724638187285806523e-12
1.849304943234012942e-10
8.709240095834263476e-16
-2.683197154570480500e-11
-2.131099385939943955e-11
6.286298531147951532e-14
3.109649721033632638e-12
2.343575121794493382e-13
4.637786641018733682e-12
1.479429247717734483e-13
7.514913062999395818e-09
9.134604746898665571e-11
5.515767561507093105e-12
4.553664427159419772e-08
7.766582750801146419e-11
2.396882259821470547e-07
3.729386492411448992e-09
6.952277191618569842e-11
4.445509000333393158e-10
2.594495177655012298e-11
1.078371020269441207e-13
4.312133877851749904e-07
1.218078765824879219e-12
1.329451251998649376e-12
2.356372263232388091e-09
7.401362837001921253e-11
-4.283426461241571125e-09
1.097546945183183838e-08
5.178622597772349311e-10
-7.806517768866682155e-09
4.615729582702929558e-18
2.048403302095514571e-07
3.634869799683509344e-09
7.020517040456028434e-13
-2.762085119224431507e-12
-1.632240902387461185e-12
-4.281181130171589772e-08
1.152681654629898535e-15
1.238806034877988903e-12
2.520658814631361394e-11
1.459567230982037799e-18
4.070419230095227287e-12
4.919254396827473748e-13
2.576963935120289579e-07
2.397685283264053482e-12
4.750766561265947302e-10
2.047128538135801817e-05
1.139500426216545426e-13
1.061609152357983865e-11
6.974417042366786286e-10
2.239706223238517437e-10
1.032053103845727312e-05
1.383268571484683383e-11
3.740657099335870298e-18
-1.720256187832238889e-10
1.360521611163656601e-10
1.047077153267901903e-13
3.716966042852161121e-11
-1.228228272864344384e-13
4.803089440042596615e-11
6.399121718106775069e-15
3.247040860362144749e-14
3.016240025122273679e-08
-7.234302616484305126e-13
9.766593087489740511e-11
1.940999690754189650e-12
4.625648695476417258e-12
1.112763407734867308e-09
-6.398816604247114071e-11
2.479989532574558340e-07
1.538007601537158916e-11
3.828727395160443136e-15
1.164437792854545375e-11
1.427925160076980175e-06
9.622635174819558549e-11
6.689206502390827355e-12
4.277382955758628953e-15
2.759820634422608291e-18
2.160122420848485950e-10
3.863088536402080169e-09
1.796406161754914396e-08
3.320880787539058079e-09
9.353269781751225476e-09
5.589615955002466498e-09
5.237236974077595460e-10
3.535998662273015575e-12
1.202296821682531558e-10
1.318594621549953038e-13
7.684895170333292924e-15
-5.422851760608745918e-09
1.315309756464468934e-07
1.561800079826330440e-16
1.280838459244960352e-09
7.950293588784631579e-13
1.203924789401922610e-12
1.032455312271311780e-09
1.955273050250402286e-08
1.276449018701355396e-11
8.830732224504814615e-13
-5.065744414161283366e-09
8.417711913765047759e-11
1.684692878182962366e-14
1.098794448665120151e-11
2.571561194718528098e-05
1.326491565124739123e-14
6.254019236806817109e-09
3.151135815891060895e-13
6.068816502507497036e-12
2.159992963713905317e-07
2.534818323566978877e-11
1.364993543510657843e-11
3.830116491851006337e-09
1.965662149464587109e-11
3.090780990834900293e-09
4.054032158096246605e-14
9.844729122576532559e-12
3.898377196032198167e-12
2.899909812738221758e-12
1.137161229160159936e-09
3.281284218890370501e-06
4.583495073799452675e-14
6.138467468840043283e-10
1.985096652111335267e-06
4.433569903357482052e-10
1.417526316139509201e-11
4.505735273604032811e-07
3.652864329814355641e-09
2.206171691829185691e-11
1.618237090054073939e-12
2.537744113815177298e-09
1.002171856483088603e-13
1.558665446654693319e-10
1.340576620258649218e-08
6.917472943403601271e-10
8.984376635865319585e-11
1.033927554638762815e-11
2.144697984231155851e-10
5.804177031876575763e-09
2.030610535839347553e-12
6.908151484895382940e-14
1.030374722438508686e-10
3.618558088196374690e-13
5.834679358800002106e-11
8.323753673031375271e-14
2.203062078389022797e-10
8.798641144645207097e-09
1.701406633828500984e-10
7.698379189125848026e-13
8.628044637916821036e-14
1.463189085611382165e-09
5.727632794498654405e-06
6.209541280308895254e-10
2.916524380450802004e-11
7.012108508807948633e-07
4.941776313949240895e-13
1.026744104315424382e-15
7.231770869622533262e-13
1.063121372890568018e-09
2.267476020014759657e-10
1.449319934880948314e-13
2.017635203912424882e-12
2.587628129633391532e-16
4.076732669960946383e-07
1.218320985596847653e-11
1.080588679563519478e-12
2.471873704247414788e-13
6.655986077311732698e-09
6.769774633567585137e-11
5.788713598659000382e-08
1.120032768129564263e-11
-5.831076953754492915e-13
6.563541958806642900e-06
1.192490742508768976e-09
8.016776181586432705e-14
2.058451704251576345e-11
2.384076910420692054e-07
1.198742910253131266e-11
-6.329247717629799553e-14
2.766994319448852078e-12
-6.250923943901552432e-05
9.757505686902834137e-09
6.749229363771956219e-11
-1.144562994049894257e-16
1.764655921001866883e-13
1.382805384341158697e-03
1.884207532019072805e-11
3.725726475042539241e-10
1.870069930465701634e-10
3.569973635855393680e-07
2.672210955181993335e-08
5.285745457415099011e-11
9.690857906817584326e-11
1.213514659750854593e-13
8.222983315895369275e-12
1.120493370014198639e-11
7.130693874608568680e-12
5.364711242982028458e-15
-6.369578343356685938e-11
1.373077616867623569e-08
9.739683798821388796e-10
1.329776141130367881e-11
-4.817956732968812729e-09
3.220653465306586912e-10
5.868670932403169388e-11
1.455449272337353826e-06
5.073674872834655037e-17
3.395494463422393624e-15
5.422861385048447528e-07
6.781643656528121770e-12
3.777497870594813367e-14
1.519389370291420408e-05
-1.355067626119139824e-09
6.920344274736714437e-09
6.114558698628317557e-14
3.142245961028944762e-13
5.201604252777941315e-14
5.075710174981301081e-13
1.744696965707242575e-08
1.810135908564570608e-06
4.756369176975483835e-09
1.782059331344017780e-13
2.540783754881845900e-10
6.790816984751555307e-11
1.552766207850720405e-06
9.706743751909162343e-08
4.146112915422792062e-13
3.987210225501797699e-08
2.646355484119159558e-10
1.259288941530150010e-05
2.848204521666748224e-14
7.986275075976409406e-11
2.696914880721859190e-09
3.989278505250735111e-13
4.871870172636127452e-13
4.085832910211456375e-15
1.934369599777116489e-14
2.904840050693568324e-11
1.567214236456797671e-10
3.153337787186283176e-12
1.266372035012219432e-09
1.962705284643275038e-13
1.428856111375995803e-13
1.174670030473013066e-10
4.424598792378587338e-14
6.323579308270940777e-13
7.938485153355387130e-12
3.566678085903469394e-09
1.347419440287690598e-10
7.721824729498496765e-12
1.509137731700127084e-12
1.681584130747120170e-08
2.542974770909740263e-14
7.324207610569944267e-12
2.703251216827442742e-12
4.053790273077601251e-14
1.285982611886592786e-09
1.115070543867635859e-14
1.175478765539809400e-08
9.662284697638810053e-14
3.960714666469298766e-15
4.941452943348841535e-09
2.774442792043151422e-09
8.618744439775442421e-12
4.731190721419445631e-09
2.332150853506846343e-12
4.125072315017857359e-09
-8.463795306466580623e-11
6.076474267057570293e-10
-7.852088183786329303e-14
1.325976603463690219e-07
-7.044380458569753691e-12
1.089892349309478901e-09
-1.146441590002186107e-09
1.501513677169107109e-12
1.161409806654543705e-09
8.605418833822506978e-11
7.402215539009802210e-14
3.145100135056122584e-11
-5.904428435696520783e-06
7.547372001552343686e-13
-1.271466138470354737e-05
3.766633179431545384e-08
-9.760645356433288839e-05
6.734836631191086697e-16
1.881004487533680573e-10
2.377208480782141271e-13
3.185499823548855410e-12
-2.405529101190827023e-08
-2.840383009528970309e-09
6.422541200468650830e-13
1.863340345239743913e-09
1.254945808689874373e-11
2.332945688573970136e-06
-5.802142767152430637e-12
4.933235849531131891e-05
6.843711603790347511e-16
-1.420970299126339860e-14
2.221821550962789565e-07
9.256560321788528146e-14
6.465537941443587244e-09
-4.473791128404188256e-09
8.751250617872769759e-14
4.637146006369886933e-09
2.147257645855361495e-13
5.847660957810643774e-09
6.997878056025468131e-06
3.646634135966370135e-12
8.489294804954984041e-08
2.488019765044058580e-10
-4.053038236918128858e-06
7.052204915775151554e-07
4.013568971607736040e-14
1.751085492064963407e-12
5.082782654420090181e-09
9.123833003932982920e-12
1.147992855614480045e-13
5.815273376963073467e-09
1.785635759298519608e-11
3.173870707427689545e-10
2.393623061391653068e-11
5.767734859367318822e-15
1.110832766591878585e-05
-4.625060813668257994e-10
1.126267533494631327e-12
6.298422241987635501e-11
3.893561556738704164e-14
6.761424554726513655e-16
3.826010645697934452e-08
7.778481601678579832e-11
9.591508582006238546e-13
1.706819377049061427e-16
6.241405764541389755e-16
3.142619232522412322e-14
6.017841264865024537e-12
-5.846644728918002020e-09
2.622120732932605037e-11
6.455202996873324541e-08
-2.691305730695938404e-05
2.923675604655926435e-12
1.300838955189337554e-05
5.758270651139136080e-14
1.547022633089360126e-05
-2.911092702203374263e-07
-4.491471238229672998e-08
4.357286048978513982e-12
2.415693116667935671e-12
1.439327316102357840e-08
1.245530560818743296e-16
9.735436255296958965e-15
3.669371040237122248e-05
2.422373450605871963e-14
7.689095056826210659e-14
2.462848114568592147e-03
9.711523274068628103e-15
-3.471329223801164349e-07
1.672896315813429207e-10
2.579389918679168108e-11
1.188675555185975727e-12
1.228925587908630431e-04
3.957736739599845257e-10
6.049571136339795312e-11
2.446671689073217650e-07
7.541745682955681067e-08
2.648521919239437713e-06
8.386887916605596897e-13
2.225806480925333682e-10
7.569790969460197809e-09
2.095913738742792825e-11
1.947333052954995950e-04
-5.157240997637120247e-11
2.555127959008934287e-09
-2.958820055897356818e-10
2.216402107503392834e-10
6.251171171929121555e-06
1.017294552999356107e-08
1.081928076828225012e-11
3.820496155439921556e-17
1.285270898991817517e-11
4.434017105292332272e-16
-4.431313007777655276e-11
2.439691951656500558e-13
6.445290371722568755e-13
1.455355965585444878e-07
2.022513037635853057e-09
9.541789690056697031e-11
1.212883368994963728e-16
1.739146131557783994e-12
3.610955506983599005e-11
1.351202388225484488e-08
1.893289021692741823e-12
-5.777950075091382531e-11
-6.870731326083958862e-15
5.354984599526444542e-19
-8.034886972158505124e-12
1.372180857154850070e-13
7.536494375046886712e-11
5.188526032532631223e-13
8.008808837874825319e-12
-9.687125359583184886e-06
5.117189190770695754e-11
1.749230748524045879e-13
6.328275314646346172e-11
2.257443422073257441e-15
-1.066187359357169930e-11
1.285206521767675219e-11
-3.874432444178095288e-11
1.855369959973262494e-13
-2.243754029299912074e-13
1.696084185260546621e-10
3.675459702905212612e-07
6.068859369341359408e-14
3.075519975069978996e-14
3.464355715512908732e-06
1.322775984595754207e-09
1.835798469642020182e-05
4.496509681340506211e-12
4.719891809427069697e-13
6.090320774372353089e-11
7.846044946160445770e-11
6.097372683053814578e-14
1.724882392814079859e-09
4.838730959621715866e-09
9.221002101813583723e-10
2.925781242906649750e-10
1.847491004581029558e-11
1.381719290025083221e-09
-2.201101161000165975e-11
9.763366738314156520e-12
3.725938843540491944e-08
1.433585717121949394e-08
2.573015457372461581e-16
-1.757235935403605759e-05
-2.027441266841034337e-11
-1.067466534715514890e-12
3.951818349197197054e-16
3.097634289935118089e-10
-1.678960039585940034e-08
-4.976514861921118237e-09
2.004109359836585350e-14
7.017006451000180737e-10
5.815437418681017773e-11
3.906618272045860941e-15
7.446367493569163149e-10
3.995528562776109034e-16
7.109078158348303717e-08
6.530456878803490157e-08
2.119543166229634639e-11
9.474459415803596820e-07
8.439735373406791648e-08
8.665931946997462256e-11
2.039696355934646308e-04
5.937528359895150806e-13
7.388458906065217224e-08
5.536014930151961179e-10
1.915979427248522547e-11
3.772193858170873719e-10
7.892238009275950519e-11
2.152943658891271457e-13
-3.844826100278241892e-09
3.887422096596690507e-11
3.577775820868961398e-04
6.831876469786100209e-12
1.194911993827087729e-09
1.882971106076777009e-09
5.102039339832323998e-14
1.279434372262610521e-08
6.830036877360537652e-12
9.735075901208751002e-12
-4.823462535621547911e-07
4.456875647086853391e-09
3.344473532660473246e-10
3.909017329432092639e-18
9.407874910194517409e-08
1.335675901214952701e-12
6.192647074145746792e-12
1.752126189607721393e-15
3.685017170065790989e-16
2.776687003537410560e-08
-1.748781015196044819e-07
1.901084375502548692e-15
2.851186264520084189e-17
-4.608912174103494343e-10
-3.249465315481048994e-11
2.162730566016532580e-07
3.735506847928263534e-11
1.302078984046215716e-10
-2.498188958281300722e-15
4.241160658285115217e-11
2.115794625791542031e-11
1.286010433103670157e-06
4.497565052799062854e-10
1.033829583881053935e-12
1.542314354810593783e-11
1.805900494284547677e-09
7.987301083497128195e-14
5.923931677569464030e-15
2.305831794005600661e-10
9.912339015468457570e-13
1.118728756150590095e-09
5.319592835417246133e-14
3.807918077845588523e-11
-2.880630075352939608e-12
1.252889588398312226e-08
5.831766989968561808e-10
1.764455839098115468e-10
8.848297964052978413e-11
7.378135642793112068e-11
1.787754010718825671e-10
4.394389170115997444e-13
1.612978218737491011e-10
3.624764546918563488e-15
8.249408253079529327e-11
6.201993869600883056e-11
3.909818537127888438e-14
2.104249692288060095e-14
-1.579927376869879673e-08
2.777454440852159980e-16
2.268582112998057584e-10
5.450175483148892822e-11
1.200738530422686707e-10
7.151429885121962601e-09
5.650342215903430186e-12
8.725836680361060952e-12
1.716646106264521995e-10
2.885281715401652916e-11
6.392777614029676349e-08
2.394489924367915416e-14
6.316849239562282163e-09
-3.669979378706324166e-09
-2.884452175667383426e-07
6.533750911139120906e-13
4.686121209404258069e-10
1.286561435504528576e-07
2.847238135190634543e-12
9.221428749763790807e-09
8.726053440864906348e-09
2.179915166894971143e-13
-2.428564444229680266e-20
3.262779478242094685e-13
3.625356549573157781e-13
1.434323915875914662e-06
5.185495388944960277e-07
1.367560167677036338e-11
2.246442408355527565e-06
2.727123739598913282e-13
5.382622916405315971e-12
2.694691223157745892e-13
1.969663694170418309e-10
1.854513502436360471e-13
1.369589370400599394e-12
2.114469126343563898e-11
2.938668566460676903e-12
5.276798188812385106e-13
4.898093592097721405e-09
-3.500497066312541802e-11
1.507215678663288828e-08
2.987661081254075801e-08
2.820818401855436194e-15
1.567761921898072874e-08
5.156001720199210104e-08
-1.351045424634529884e-10
1.005346276092588749e-10
1.438181173745897053e-06
1.583082907298397968e-11
-2.060977004387163237e-03
1.756299884033108120e-14
3.647977008227813689e-10
6.466065415153909142e-12
6.051954812243119654e-14
1.072711028375660836e-12
1.642448093100943568e-11
1.951400102227432334e-17
2.485450530630205117e-17
8.745214518089216165e-14
2.521297228488195787e-12
1.828177122708944314e-11
1.175719045284351075e-10
7.321314214246458416e-13
8.852989421666465257e-12
-2.944302513154360673e-14
6.113130328315279824e-08
1.651423822076182400e-19
-2.188735000766386984e-08
5.886137783332870601e-13
3.857386453499750879e-09
7.706537844149805494e-07
5.215503612778981701e-09
4.074472903817854689e-10
1.357074105915669845e-09
-3.957081534060731443e-15
5.537607380629800203e-09
2.316578213435272102e-14
-4.595074384094070011e-11
2.047760876021706029e-09
-3.490112690060410909e-09
9.322692523771966184e-09
-9.910812509436416089e-11
7.391564178204265128e-07
1.112304650371946062e-10
6.314051686296916513e-10
1.607392294849911705e-12
1.912831485004589952e-13
8.945404582359867669e-14
-1.995857163423041332e-05
7.311474877214744484e-06
1.861796504297694738e-07
2.612371911599931619e-05
6.999470401555773696e-14
6.363252938226405022e-09
6.473047972644104405e-14
3.840180894295739796e-10
-1.258051564834452059e-09
7.653343989643193386e-15
1.432832445454168248e-08
