0.03610
-0.33923
-0.20343
0.22641
-0.28916
-0.15352
-0.15970
-0.43178
-0.36969
0.00645
0.19957
-0.36071
-0.18467
-0.19925
-0.45230
-0.81153
-0.37264
-0.30470
-0.38273
0.06065
-0.27464
-0.33095
-0.32851
-0.19167
0.13869
-0.42476
-0.33849
-0.00870
-0.14546
-0.35881
-0.37228
0.08501
-0.31568
-0.26294
-0.13981
0.11403
0.01882
-0.55038
0.06117
-0.15397
-0.31071
-0.28936
-0.10044
-0.08842
0.07370
-0.27366
-0.44525
-0.20005
0.03977
0.33415
-0.08515
0.00635
0.34738
-0.51123
-0.26288
-0.49854
0.04212
-0.48385
-0.14849
-0.01837
-0.48284
-0.26750
-0.06300
-0.26298
-0.18384
-0.38025
-1.00378
-0.38844
0.05137
-0.29298
-0.14479
-0.99754
-0.50301
-0.17514
-0.27194
0.13011
-0.15098
0.21447
0.37174
-0.39262
-0.27020
-0.47641
0.07530
-0.38553
-0.08010
0.23612
-0.23906
-0.36326
-0.17156
-0.02295
0.06055
-0.09437
-0.19276
-0.32404
-0.11537
-0.41688
0.17530
-0.09790
-0.13431
-0.23239
-0.33277
-0.19982
-0.24039
-0.28498
-0.28830
0.02942
0.06941
-0.39764
-0.34572
-0.15099
-0.04874
-0.37429
-0.29723
-0.31733
0.00152
0.12242
0.16952
-0.35301
-0.02232
-0.18160
-0.02433
-0.61721
-0.31347
-0.02769
-0.38164
-0.25553
0.09552
0.09238
0.13815
-0.11398
-0.34997
0.07902
0.07272
0.17283
-0.23669
-0.27521
-0.30688
-0.04900
-0.50965
-0.61248
-0.60591
-0.13199
-0.28514
-0.44557
-0.23304
-0.22507
-0.20916
-0.17523
-0.02168
-0.13062
-0.51927
-0.16329
0.19875
-0.52399
-0.19683
-0.10136
0.42661
-0.28971
-0.34905
0.17567
-0.18191
-0.22736
0.22178
-0.42156
-0.06642
0.21587
0.06859
-0.01603
-0.14183
0.05597
0.16389
-0.37404
-0.41350
-0.38099
-0.16433
-0.37559
-0.38248
0.32197
-0.48025
0.21873
-0.44763
-0.11216
0.34835
-0.73417
-0.03031
-0.32211
-0.21698
-0.55350
-0.37341
-0.13820
-0.27513
-0.17349
-0.68917
-0.50747
-0.15699
-0.14317
-0.38789
-0.17702
-0.33993
-0.59094
0.07500
-0.72810
-0.32922
-0.28385
-0.33635
-0.38941
-0.09523
-0.06091
0.04899
-0.39074
0.10495
0.23061
-0.72893
-0.58334
-0.29833
-0.25717
-0.24746
-0.62161
-0.11609
-0.06575
-0.07931
-0.04304
-0.17046
-0.45293
-0.18423
-0.96758
-0.71296
-0.06727
-0.08695
-0.04888
-0.42656
-0.42093
-0.54149
-0.07287
-0.20374
-0.15695
-0.05239
-0.22185
-0.33176
-0.36353
-0.24699
-0.39031
-0.08896
-0.37929
-0.38161
-0.27646
-0.42654
-0.07306
-1.11557
-0.37837
-0.03182
-0.28859
-0.43846
-0.38058
-0.59921
0.14189
-0.05537
0.05113
0.11798
-0.19532
0.26214
-0.11537
0.05274
-0.31032
-0.56191
-0.69202
0.01179
-0.22758
-0.35156
-0.39959
0.10453
-0.35637
-0.18924
0.07975
0.05013
-0.31521
0.04059
-0.18747
-0.46334
-0.49786
0.00303
-1.44563
-0.14675
-0.11056
-0.04346
-0.37467
-0.71430
-0.23670
-0.22308
-0.80377
-0.17514
-0.05279
0.26870
-0.03856
-0.10439
-0.15098
-0.23812
-0.05196
-0.47878
-0.18885
-0.09535
0.00943
-0.31033
-0.49990
-0.45628
0.22133
-0.03928
-0.36715
-0.61276
0.15473
0.06627
-0.23822
-0.02774
-0.13982
-0.22577
-0.18011
-0.19830
-0.02617
-0.44113
-0.54683
-0.61684
-0.14899
-0.11741
-0.35375
-0.21009
0.10488
-0.37404
0.10950
0.07262
-0.49927
-0.49559
0.03737
-0.40027
-0.08650
-0.14498
-0.59011
-0.46666
-0.48167
-0.27453
-0.35767
0.11449
-0.66020
0.05993
-0.43850
-0.41225
-0.21856
0.32637
-0.46294
-0.02463
-0.19379
-0.39360
-0.17148
-0.81136
-0.29854
-0.36883
-0.58322
-0.05170
-0.23505
-0.16936
-0.20704
0.10486
-0.27947
0.22195
0.03326
0.16552
-0.04122
-0.23468
-0.31635
0.07275
-0.42382
-0.56656
0.14156
-0.09671
-0.32503
-0.70324
0.08077
-0.40659
-0.32022
0.14223
0.20283
-0.54742
-0.27814
0.17479
0.39061
-0.72864
-0.29143
-0.25896
-0.32901
0.09995
-0.32020
-0.23048
0.10596
-0.09365
-0.07527
-0.08007
0.14280
-0.34602
-0.19280
-0.03089
-0.37014
-0.13371
-0.47149
-0.40308
-0.14705
-0.27526
-0.09539
-0.06391
-0.59172
-0.07405
-0.01174
-0.36349
-0.25750
-0.51079
-0.41681
-0.36229
-0.44037
0.38334
-0.43660
-0.41685
-0.12287
-0.19742
-0.19412
-0.55678
0.15354
-0.14984
-0.29080
0.46700
-0.05773
-0.03815
-0.49960
-0.16436
-0.24299
-0.78062
0.00704
-0.06746
-0.43120
-0.29334
-0.72354
-0.12721
0.38089
-0.37888
-0.19791
0.16476
-0.10362
-0.11239
-0.27429
0.07389
-0.01187
-0.46580
0.15667
-0.26883
0.03586
-0.15916
-0.27636
-0.26919
-0.53143
-0.14633
0.11787
-0.24382
-0.58083
-0.25516
0.05273
0.08716
0.38769
-0.31971
-0.31538
-0.38259
-0.46888
-0.38718
-0.36195
-0.23404
-0.02748
-0.30388
-0.02083
0.15504
-0.43892
-0.67299
0.12539
-0.43071
-0.19826
-0.01683
-0.37968
-0.33635
-0.21027
-0.10577
-0.52826
-0.22285
-0.02632
-0.08437
-0.76591
0.16633
-0.47393
0.04354
-0.14040
-0.59123
-0.10263
-0.23765
-0.34644
-0.17718
-0.40790
0.28903
-0.10977
-0.28720
-0.05804
-0.43608
-0.64412
0.03380
-0.29033
-0.65412
-0.33368
-0.17657
-0.47890
-0.41940
-0.18229
-0.12251
-0.19765
-0.00345
-0.25657
-0.41891
-0.46635
-0.07891
-0.07057
-0.18830
-0.52668
-0.26099
0.05133
-0.41696
0.07137
-0.18537
-0.10793
-0.26115
-0.36564
-0.31361
0.00289
-0.11442
-0.34420
-0.58860
-0.22331
-0.11510
-0.42258
-0.17695
0.26155
-0.06449
-0.54660
-0.31891
-0.06035
0.02359
0.34745
-0.43867
-0.21191
0.00225
-0.03276
-0.40964
-0.19536
-0.49742
-0.09529
-0.08157
-0.63798
-0.40164
-0.05537
-0.03026
-0.31757
-0.17409
-0.02212
-0.09890
-0.57773
-0.42861
-0.11584
0.21645
-0.17551
-0.80613
-0.19966
-0.42082
-0.32915
-0.39951
-0.51524
-0.19677
-0.27550
-0.08811
-0.15250
-0.27813
-0.19194
0.09852
-0.31528
-0.32404
-0.49399
-0.13022
-0.45071
-0.30510
-0.15533
-0.53654
0.35326
-0.06198
-0.63759
-0.13460
0.12077
-0.78522
-0.04237
-0.39740
0.01652
-0.02379
0.17990
-0.00993
-0.43809
-0.62270
-0.47989
-0.14137
-0.27414
-0.21147
-0.50082
-0.68159
-0.12949
-0.35923
-0.22016
-0.51944
0.03782
-0.36760
-0.41212
-0.20267
0.04030
0.10117
0.11303
-0.24222
-0.16119
-0.23620
-0.43886
0.05796
0.01278
-0.21071
0.08117
-0.03833
-0.13682
-0.13495
-0.28231
-0.21411
-0.04160
-0.23314
0.21538
0.00881
-0.08898
-0.14305
-0.42307
0.11590
-0.40642
0.01893
0.04068
-0.40309
-0.20694
-0.29837
-0.42861
-0.02207
-0.40290
-0.41744
-0.36771
0.01274
-0.49940
-0.35402
-0.34299
-0.25968
-0.06889
-0.34665
-0.14306
-0.00751
-0.18130
-0.72055
-0.02744
-0.78394
-0.33089
-0.67231
-0.12177
-0.30353
0.11776
-0.22728
-0.48076
-0.30604
0.03424
-0.34462
-0.18398
-0.61451
-0.20902
-0.60908
0.22872
0.03169
-0.60630
0.02837
-0.42913
-0.38084
-0.12333
-0.39345
-0.08229
-0.45082
-0.56888
-0.16643
-0.50720
-0.30686
-0.66487
-0.56764
-0.02657
-0.24606
-0.33713
-0.19325
0.00007
-0.33774
-0.16923
-0.40229
-0.13324
0.26924
-0.52691
-0.34463
-0.06106
-0.16749
0.14361
0.25329
-0.42707
-0.21243
-0.02155
0.39067
0.17200
0.21877
-0.02196
-0.20364
-0.03765
-0.46643
-0.67410
0.01354
-0.57432
-0.19841
-0.70369
-0.59125
-0.42915
-0.14893
-0.14995
-0.47510
0.32909
0.19195
-0.55054
0.10670
0.07778
-0.84035
0.15571
-0.50873
-0.29433
-0.19440
-0.01861
-0.78530
-0.23403
-0.22510
-0.46833
-0.44680
-0.53756
0.04367
-0.28917
-0.43273
-0.25768
-0.65368
-0.16507
-0.39216
-0.20791
-0.22487
-0.67810
-0.42971
-0.02922
0.27999
-0.23841
0.21085
-0.13761
0.15413
-0.11653
-0.42934
-0.21218
-0.19453
0.19874
-0.01651
-0.23260
-0.45684
-0.06224
-0.00650
0.00045
0.52845
-0.17092
-0.06424
-0.20925
0.04047
-0.21931
-0.48930
-0.09504
-0.00228
-0.24847
0.09835
-0.28790
-0.11794
-0.28766
-0.00225
-0.12184
-0.23734
-0.57150
0.09723
0.13532
-0.75417
-0.44999
-0.64665
-0.20868
-0.03643
-0.26300
-0.18765
0.09963
-0.20766
-0.34825
-0.21254
-0.26334
-0.10828
-0.42498
-0.21322
-0.10964
-0.61523
-0.34648
0.30734
-0.68080
-0.25330
-0.24038
0.16387
-0.19524
-0.39731
-0.40216
0.08363
-0.12838
-0.10552
0.16976
-0.28970
0.19914
-0.41605
-0.51801
-0.12860
-0.75428
-0.47081
-0.24406
-0.85979
-0.14459
-0.44890
-0.23634
-0.30994
-0.24547
-0.21296
-0.04559
-0.46765
-0.20307
-0.52054
-0.09629
-0.38252
-0.35198
-0.09070
-0.48885
-0.35475
-0.21278
-0.64581
-0.24743
-0.36259
0.39938
-0.47469
-0.08652
-0.22795
0.09729
0.10498
-0.40644
-0.52585
0.05960
0.38900
-0.11889
-0.30117
-0.38010
-0.19106
-0.32229
0.07358
-0.18966
-0.32385
-0.56840
-0.30604
-0.09288
-0.05429
-0.19235
0.16781
0.09799
-0.28064
-0.04961
-0.35438
0.17402
-0.24834
-0.16163
-0.22799
-0.35568
-0.27279
-0.28659
-0.31427
-0.33603
-0.12465
-0.21992
0.17971
-0.25413
-0.30049
0.13456
0.07083
-0.49878
0.25698
-0.28179
-0.18105
-0.23709
-0.38930
-0.16879
-0.15952
-0.17493
-0.25428
-0.60132
-0.03076
-0.40949
-0.42704
-0.59840
0.04279
-0.29664
-0.51818
-0.16226
-0.29533
-0.43806
0.03364
0.56775
-0.00043
0.04621
-0.67155
-0.60563
-0.14780
-0.62069
0.03857
-0.08625
-0.01959
-0.12971
0.15016
-0.06698
-0.07685
-0.01736
-0.07426
-0.40768
-0.28857
-0.35890
-0.43872
0.08062
-0.37744
-0.64371
-0.40348
-0.28378
-0.64121
-0.32482
-0.77279
0.10763
-0.34453
-0.13773
0.06210
-0.25145
-0.24207
0.12251
0.24164
0.01157
-0.08481
-0.26084
-0.23523
0.14679
-0.15444
0.02625
-0.40187
0.55156
-0.33820
-0.10323
-0.41088
-0.50450
-0.46748
-0.05640
-0.37718
-0.00151
-0.42485
0.18196
-0.25116
-0.31097
-0.41251
-0.40552
-0.20120
-0.56961
-0.12543
-0.26225
0.15722
0.08957
0.18472
-0.62450
-0.43679
-0.47089
-0.61329
0.08300
-0.33627
-0.05069
-0.29699
-0.27475
0.22046
-0.34908
