-0.88560
-0.85140
-0.92646
-0.80193
-0.85599
-0.78462
-0.75229
-0.83387
-0.82873
-0.88705
-0.85164
-0.85283
-0.93208
-0.85513
-0.79757
-0.85460
-0.86289
-1.02712
-0.70080
-0.99912
-0.89023
-0.71412
-0.86631
-0.83956
-0.88046
-0.84171
-1.04899
-0.81677
-0.81105
-0.85671
-0.94746
-0.97819
-0.84202
-0.83998
-0.91264
-0.90398
-0.86495
-0.92119
-1.01547
-0.82871
-0.92393
-0.89359
-0.79728
-0.72054
-0.76241
-0.68532
-0.71928
-0.87328
-0.80955
-1.00905
-0.74503
-0.98886
-1.02462
-0.81626
-0.90663
-0.90898
-0.85109
-0.95010
-0.69896
-0.89537
-0.95915
-0.77413
-0.83019
-0.91602
-0.90200
-0.75857
-0.97985
-1.01248
-0.91914
-0.92442
-0.85649
-0.89161
-0.84361
-0.70015
-0.86748
-0.84993
-0.96293
-0.97164
-0.73940
-0.92662
-0.94315
-0.76351
-0.88285
-0.85149
-0.88168
-0.82893
-0.71593
-0.99871
-0.95749
-0.83710
-0.94756
-0.99733
-0.70329
-0.89235
-0.89975
-0.90940
-0.92066
-0.85158
-0.80352
-0.80861
-0.83046
-0.84645
-0.94578
-0.91030
-0.79519
-0.86023
-0.78470
-0.81242
-0.87258
-1.02368
-0.85337
-0.79378
-0.71063
-0.99238
-0.82476
-0.95547
-1.02243
-0.75241
-0.71047
-1.01845
-0.91544
-0.83777
-0.93695
-0.93683
-0.92386
-0.92854
-0.91992
-0.79249
-0.82485
-0.85758
-0.90224
-0.76349
-0.79928
-0.71340
-1.04422
-0.85945
-0.82443
-0.79652
-0.87005
-0.83021
-0.83264
-0.69565
-0.94547
-0.88819
-0.82797
-0.79778
-0.94248
-0.76322
-0.94411
-0.76204
-1.01015
-0.87327
-0.93482
-0.75858
-0.69933
-0.91748
-0.83622
-0.82073
-0.95353
-0.75218
-0.95143
-0.82343
-0.92813
-0.79083
-0.91168
-0.87507
-0.94133
-0.84421
-0.88814
-0.90098
-0.82453
-0.75963
-0.90212
-0.85831
-0.83406
-0.89755
-0.80072
-0.83709
-0.81933
-0.82816
-0.90080
-0.78568
-0.84333
-0.95036
-0.92331
-0.98262
-0.78239
-0.87698
-0.79813
-0.78585
-0.85128
-0.72192
-0.91777
-0.93686
-0.74157
-0.88791
-0.86490
-0.86187
-0.93876
-0.88973
-0.84647
-0.92124
-0.80254
-0.84947
-0.85621
-0.91750
-0.83824
-0.90808
-0.97179
-0.78726
-0.79781
-0.87035
-0.65211
-0.88526
-0.93172
-0.79736
-0.89605
-0.74296
-0.77627
-0.79667
-0.89495
-0.84198
-0.83673
-0.86893
-0.87501
-0.92573
-0.92818
-0.73111
-0.93956
-0.79698
-0.72667
-0.96632
-0.82500
-0.86828
-1.05575
-0.80533
-0.76270
-0.79857
-0.64831
-0.89218
-0.97655
-0.93025
-0.91925
-0.90548
-0.94659
-0.88900
-0.95431
-0.77269
-0.82421
-0.91151
-0.84000
-0.76416
-0.92952
-0.85152
-1.09032
-0.94198
-0.92532
-0.83080
-0.84877
-0.83732
-0.98711
-0.94506
-0.85213
-0.83873
-0.86549
-0.88635
-0.84022
-0.84097
-0.86185
-0.83397
-0.88967
-0.93597
-0.72814
-0.81442
-0.99142
-0.94331
-0.84872
-0.93148
-0.98003
-0.79459
-0.76189
-0.85954
-0.78412
-0.86576
-0.85367
-0.88121
-0.98830
-0.92118
-0.80336
-0.82341
-0.96401
-0.69119
-1.06140
-0.90309
-0.77293
-0.84866
-0.76885
-0.78882
-0.86799
-0.78892
-0.82005
-0.75818
-0.69531
-0.89212
-0.89277
-0.82781
-0.82394
-0.87084
-1.00508
-0.85862
-0.97313
-0.76083
-0.86146
-0.70350
-0.79463
-0.85871
-0.70469
-1.03165
-0.73497
-1.02136
-0.82311
-0.82057
-0.68946
-0.91552
-0.85037
-1.08439
-0.85276
-0.89661
-0.87308
-0.76442
-0.86288
-0.92936
-0.72654
-0.82876
-0.87516
-0.86417
-0.96632
-0.88783
-0.93177
-0.83689
-0.74948
-0.88534
-0.71130
-0.78746
-0.90420
-0.89615
-0.88944
-0.84491
-0.92644
-0.82358
-0.88889
-0.83760
-0.83337
-0.75799
-0.74764
-0.73504
-0.84557
-0.75674
-0.93498
-0.99885
-0.93052
-0.77819
-0.83075
-0.84023
-0.95708
-0.84352
-0.93196
-0.80829
-0.86372
-1.00882
-0.84352
-0.72481
-0.84554
-0.83796
-0.88220
-0.83709
-0.93272
-0.94842
-0.83135
-0.98451
-0.90327
-0.75257
-0.81174
-0.81083
-0.69818
-0.83983
-0.73298
-0.86541
-0.78641
-0.81312
-0.78642
-0.92568
-0.98738
-0.79498
-0.95650
-0.85874
-0.93350
-0.98108
-0.92988
-0.99160
-0.78696
-0.74909
-0.86435
-0.86635
-0.67601
-0.85710
-0.91812
-0.85152
-0.87228
-0.85846
-0.73027
-0.63329
-0.78985
-0.69120
-0.91138
-0.80939
-0.93712
-0.83637
-0.88602
-0.89330
-0.70784
-0.75819
-0.68129
-0.78753
-0.95337
-0.91925
-0.89436
-0.80057
-0.64360
-0.88737
-0.86465
-0.92304
-0.93076
-1.03631
-0.99059
-0.86628
-0.89450
-0.84849
-1.05242
-0.96393
-0.87071
-0.79042
-0.94677
-0.78877
-0.86826
-0.74065
-1.08438
-0.92651
-0.86498
-0.70324
-0.71849
-0.82398
-0.80202
-0.90479
-0.79175
-0.90513
-0.83394
-0.68705
-0.97591
-0.93211
-0.93353
-0.97922
-1.00410
-0.86272
-0.97831
-0.80995
-0.85673
-0.86899
-0.82500
-0.79015
-0.86282
-0.81448
-0.85979
-0.99980
-0.84756
-0.84798
-0.87346
-0.88264
-1.00519
-0.80745
-0.71079
-0.86344
-0.86856
-0.77229
-0.82517
-0.89260
-0.87558
-0.90052
-0.99674
-0.95872
-0.80671
-0.81447
-0.77413
-0.91136
-0.96024
-0.87536
-1.00252
-0.74217
-0.88460
-0.84541
-0.71671
-0.90433
-0.74815
-0.94104
-0.73887
-0.79226
-0.89632
-0.63606
-0.76563
-0.84775
-0.88297
-0.91751
-0.98540
-0.82137
-0.82332
-0.68868
-0.86730
-0.88399
-0.85932
-0.84098
-0.74815
-0.85759
-0.97053
-0.79783
-0.90399
-0.81585
-0.93351
-0.85018
-0.88309
-0.86460
-0.97831
-0.90241
-0.76395
-0.88190
-0.84365
-0.99530
-0.92347
-0.91439
-0.96523
-0.78775
-0.91264
-0.89310
-0.84602
-0.76271
-0.75576
-0.83133
-0.83750
-0.92737
-0.89887
-0.87137
-0.90879
-0.93143
-0.90129
-0.74347
-0.85146
-0.85878
-0.78449
-0.88213
-0.86303
-0.79503
-0.89806
-0.82799
-1.00714
-0.76424
-0.88951
-0.86881
-0.80579
-0.85173
-0.83163
-0.80846
-0.90295
-0.84104
-0.97210
-1.00469
-0.83475
-0.95315
-1.05716
-0.75763
-0.76898
-0.99972
-0.93405
-0.87019
-0.65064
-0.80903
-0.74620
-0.97141
-0.93388
-0.83102
-0.80263
-0.88228
-0.76028
-0.88599
-0.77330
-0.91344
-0.93874
-0.92788
-0.76638
-0.82339
-0.86872
-0.92336
-0.87826
-0.82388
-0.72492
-0.96082
-1.04993
-0.77152
-0.79081
-0.82006
-0.72598
-0.91946
-0.90970
-0.66792
-0.76954
-0.77473
-1.17375
-0.84582
-0.82665
-0.77924
-0.94363
-0.83596
-0.73644
-0.91877
-0.85947
-0.78280
-0.78718
-0.71210
-0.95039
-0.84665
-1.02266
-0.88564
-0.88458
-0.72485
-0.95514
-0.94293
-0.92237
-0.84358
-0.88440
-0.98778
-0.96184
-0.91168
-0.93985
-0.83513
-0.82235
-0.86090
-0.86298
-0.85320
-0.79527
-0.70370
-0.87064
-0.74095
-0.91429
-0.86506
-0.83258
-1.02909
-0.82523
-0.86050
-0.98694
-0.89903
-0.72477
-0.82814
-0.85682
-0.82956
-0.83473
-0.73970
-0.79635
-0.75537
-0.80757
-0.70985
-0.98773
-0.90038
-1.00704
-0.71487
-0.76397
-0.86044
-0.84617
-0.99140
-0.93374
-0.89106
-0.76444
-0.74676
-0.85594
-0.79433
-0.95161
-0.76998
-0.85661
-0.85423
-0.83545
-0.90067
-0.87526
-0.89884
-0.78040
-1.03490
-0.90898
-0.80458
-0.75863
-0.94743
-0.79538
-0.78951
-0.82966
-0.92432
-0.88969
-1.01890
-0.79810
-0.83383
-0.86947
-1.08604
-1.00456
-0.89869
-0.87816
-0.72074
-0.95087
-0.82064
-0.92438
-0.96092
-0.87829
-0.78839
-0.67372
-0.74433
-0.78218
-0.84481
-0.87742
-0.75709
-0.88807
-0.95494
-0.79993
-0.84925
-0.82436
-0.86902
-0.92295
-1.05136
-0.97973
-0.98160
-0.86582
-0.98283
-0.96683
-0.72685
-0.96660
-0.77577
-0.80725
-0.79986
-0.83807
-0.92015
-0.77348
-0.78609
-0.85112
-0.82850
-0.85292
-0.85953
-0.88446
-0.65012
-0.77223
-0.80619
-0.74996
-0.98699
-0.85300
-0.90513
-0.92028
-0.92296
-0.92329
-0.77454
-0.87372
-0.74196
-0.88152
-0.94201
-0.85968
-0.91377
-0.76278
-0.85721
-0.96933
-0.90329
-0.99828
-0.85637
-0.91359
-0.80819
-0.82679
-0.90562
-0.90571
-0.93078
-0.73085
-0.88500
-0.89042
-0.78312
-0.84467
-0.95405
-0.76908
-0.94719
-0.80408
-0.75912
-0.84200
-0.85617
-0.84847
-1.06020
-0.91426
-0.73601
-0.90244
-0.90806
-0.88226
-0.96095
-0.79041
-0.93482
-0.88934
-0.93055
-0.92346
-0.82933
-0.75129
-0.86574
-0.84973
-0.69586
-1.00917
-0.80158
-0.74041
-0.90284
-0.79687
-0.78066
-0.92053
-0.78459
-0.82698
-0.87296
-0.89413
-0.83270
-0.98384
-0.86344
-1.00250
-0.88889
-0.65895
-0.92703
-0.84829
-0.79605
-0.78690
-0.74678
-0.90316
-0.84547
-0.81281
-0.98843
-0.86964
-0.77022
-0.83716
-0.98871
-0.82669
-0.76995
-0.84575
-0.72432
-0.89409
-0.90011
-0.91220
-0.72577
-0.75190
-0.91333
-0.73582
-0.82718
-0.91666
-0.75142
-0.78057
-0.85501
-0.76886
-0.82008
-0.84299
-0.97030
-0.86191
-0.83099
-1.00992
-0.72914
-0.86322
-0.89188
-0.76198
-0.97459
-0.83418
-0.85492
-0.77133
-0.77069
-0.94455
-0.80595
-0.99806
-0.90908
-0.83433
-0.95891
-0.90068
-0.83403
-0.87568
-0.91788
-0.78361
-1.02504
-0.78816
-0.88646
-0.80261
-0.90333
-0.73923
-0.84398
-0.87783
-0.75584
-0.80785
-0.89316
-0.85077
-1.07187
-0.92381
-0.96338
-0.96610
-0.86050
-0.99549
-0.85900
-0.82315
-0.81399
-0.93948
-0.80320
-0.88459
-0.78405
-0.83568
-0.79314
-0.85421
-0.83764
-0.85449
-0.93946
-0.91745
-0.85800
-0.86497
-0.79262
-0.79039
-0.91902
-0.79427
-0.75268
-0.83826
-0.76456
-0.78879
-0.82029
-1.01071
-0.89045
-0.91488
-0.87014
-0.91634
-0.84666
-1.03019
-0.86667
-0.83916
-0.87614
-0.81340
-0.78377
-0.95800
-1.03319
-0.78369
-0.95830
-0.71833
-0.84540
-0.91458
-0.85659
-0.74495
-1.06116
-0.97514
-0.82973
-0.83629
-0.79025
-0.95352
-0.98550
-0.83208
-0.85935
-0.80784
-0.79813
-0.81674
-0.91579
-0.98569
-0.83085
-1.01412
-0.87780
-0.82196
-0.83573
-0.83304
-0.74133
-0.85067
-0.96923
-0.95083
-0.59731
-0.81596
-0.84059
-0.94051
-0.90599
-0.85151
-0.90484
-0.89875
-0.77737
-0.82310
-0.88422
-0.88914
-0.83276
-0.89059
-0.82245
-0.93565
-0.86838
-1.00696
-1.00620
-0.90722
-0.72370
-0.98121
-0.86081
-0.86565
-0.85118
-0.92592
-0.79579
-0.71113
-0.87141
-0.78547
-0.80562
