-0.59121
-0.61815
-0.54498
-0.72114
-0.67024
-0.64754
-0.66700
-0.62549
-0.66137
-0.66757
-0.65542
-0.61393
-0.61934
-0.65376
-0.60470
-0.62931
-0.68890
-0.61243
-0.64647
-0.54213
-0.64446
-0.62580
-0.64702
-0.68311
-0.54613
-0.62351
-0.57231
-0.60913
-0.63658
-0.62794
-0.62233
-0.58577
-0.63693
-0.60915
-0.64473
-0.61897
-0.66268
-0.61043
-0.60103
-0.62378
-0.59643
-0.64287
-0.62680
-0.58218
-0.65168
-0.67574
-0.61574
-0.63554
-0.67460
-0.62305
-0.62465
-0.63840
-0.61950
-0.59778
-0.65509
-0.57662
-0.63574
-0.61561
-0.64836
-0.67526
-0.53975
-0.60116
-0.66937
-0.55340
-0.55750
-0.62078
-0.60713
-0.66891
-0.62636
-0.68296
-0.57385
-0.65169
-0.59647
-0.66049
-0.60479
-0.75449
-0.59826
-0.61177
-0.63098
-0.63045
-0.60625
-0.58904
-0.68974
-0.68974
-0.64286
-0.67825
-0.74484
-0.60511
-0.60277
-0.56801
-0.65754
-0.57145
-0.68576
-0.68392
-0.62257
-0.61776
-0.67223
-0.57262
-0.62714
-0.72825
-0.72334
-0.62970
-0.63969
-0.58693
-0.72644
-0.64488
-0.66683
-0.67374
-0.61273
-0.60072
-0.59583
-0.59065
-0.65635
-0.56193
-0.62162
-0.63538
-0.66744
-0.65286
-0.60117
-0.58322
-0.64717
-0.69114
-0.57796
-0.67999
-0.54926
-0.68699
-0.60524
-0.65176
-0.66361
-0.62502
-0.56449
-0.65767
-0.59090
-0.71801
-0.58603
-0.67366
-0.55409
-0.66467
-0.63529
-0.59765
-0.64942
-0.63346
-0.62825
-0.71744
-0.62495
-0.62758
-0.55784
-0.67295
-0.62356
-0.67166
-0.60317
-0.60142
-0.63166
-0.69699
-0.65926
-0.62020
-0.64506
-0.58536
-0.60892
-0.58973
-0.64771
-0.61212
-0.53510
-0.71036
-0.61024
-0.61436
-0.62050
-0.59793
-0.61652
-0.57639
-0.66693
-0.57734
-0.63605
-0.54700
-0.61414
-0.54704
-0.62806
-0.61636
-0.56353
-0.72742
-0.70718
-0.68388
-0.63752
-0.63113
-0.60924
-0.65832
-0.58694
-0.59415
-0.74767
-0.55618
-0.61257
-0.74548
-0.66427
-0.64943
-0.69991
-0.65752
-0.60972
-0.64301
-0.64529
-0.61591
-0.59807
-0.61759
-0.64166
-0.66006
-0.61933
-0.61453
-0.60874
-0.64734
-0.64694
-0.63207
-0.63885
-0.66649
-0.65044
-0.60144
-0.62365
-0.58288
-0.65816
-0.70423
-0.66486
-0.67358
-0.60358
-0.66508
-0.68195
-0.67620
-0.62506
-0.56521
-0.61243
-0.62487
-0.64325
-0.55770
-0.70298
-0.62508
-0.68308
-0.63128
-0.55091
-0.65327
-0.67552
-0.66132
-0.68774
-0.69257
-0.61142
-0.65133
-0.63136
-0.61668
-0.57539
-0.59906
-0.60116
-0.61184
-0.58162
-0.62321
-0.62175
-0.66424
-0.59578
-0.66301
-0.59996
-0.57692
-0.61296
-0.60331
-0.62248
-0.69196
-0.58172
-0.63013
-0.65257
-0.65125
-0.67606
-0.68675
-0.62560
-0.59548
-0.61487
-0.58883
-0.61017
-0.58191
-0.68053
-0.63214
-0.69142
-0.63241
-0.61897
-0.59983
-0.58536
-0.59307
-0.70598
-0.72743
-0.65097
-0.58763
-0.68774
-0.62731
-0.60252
-0.63272
-0.72477
-0.67605
-0.65302
-0.72571
-0.59253
-0.64618
-0.61780
-0.64016
-0.63302
-0.67879
-0.58210
-0.60825
-0.66123
-0.60904
-0.71702
-0.57475
-0.63804
-0.70330
-0.57844
-0.69874
-0.64086
-0.60952
-0.63338
-0.61886
-0.65715
-0.76461
-0.66887
-0.66672
-0.65905
-0.59654
-0.67922
-0.65669
-0.61808
-0.62647
-0.68461
-0.58016
-0.61259
-0.55623
-0.74177
-0.56290
-0.62892
-0.63735
-0.64020
-0.64040
-0.67866
-0.65145
-0.63589
-0.61785
-0.55000
-0.68845
-0.55984
-0.61757
-0.62683
-0.61909
-0.63168
-0.65928
-0.71674
-0.62153
-0.66966
-0.59796
-0.62448
-0.55534
-0.62264
-0.59691
-0.58173
-0.60971
-0.59343
-0.59297
-0.62645
-0.66408
-0.69166
-0.69135
-0.58995
-0.73450
-0.62444
-0.61876
-0.64088
-0.69457
-0.61879
-0.61748
-0.53779
-0.57026
-0.59726
-0.51760
-0.66969
-0.60581
-0.54284
-0.65082
-0.54310
-0.63475
-0.61683
-0.64659
-0.55572
-0.64500
-0.65402
-0.59434
-0.68261
-0.57974
-0.67796
-0.57721
-0.68682
-0.56403
-0.71418
-0.58003
-0.61133
-0.65550
-0.60137
-0.59999
-0.64307
-0.61488
-0.68738
-0.54340
-0.60045
-0.64672
-0.65097
-0.64165
-0.58195
-0.59608
-0.68251
-0.62020
-0.65098
-0.63760
-0.52654
-0.73325
-0.66868
-0.61689
-0.58320
-0.61737
-0.73952
-0.62372
-0.71834
-0.64442
-0.72085
-0.62766
-0.69377
-0.59650
-0.64017
-0.56622
-0.69624
-0.71078
-0.63625
-0.61975
-0.61466
-0.58419
-0.66370
-0.64462
-0.58968
-0.69501
-0.63974
-0.58581
-0.56009
-0.68958
-0.67522
-0.67919
-0.65239
-0.64405
-0.67134
-0.67740
-0.53814
-0.64625
-0.66540
-0.65392
-0.65953
-0.63240
-0.58260
-0.59857
-0.65550
-0.57017
-0.56428
-0.61490
-0.60175
-0.60060
-0.66109
-0.69640
-0.58332
-0.56956
-0.56710
-0.61385
-0.64823
-0.70743
-0.71468
-0.59519
-0.59441
-0.66316
-0.72779
-0.63148
-0.59819
-0.66831
-0.63217
-0.65466
-0.62697
-0.65914
-0.65055
-0.65432
-0.60429
-0.67096
-0.73211
-0.59079
-0.64666
-0.70338
-0.65340
-0.53624
-0.72866
-0.66204
-0.70316
-0.66352
-0.54003
-0.55421
-0.56248
-0.65875
-0.62541
-0.57039
-0.62829
-0.58428
-0.65226
-0.55826
-0.70492
-0.63004
-0.69348
-0.70890
-0.70090
-0.71066
-0.64249
-0.64779
-0.59459
-0.67584
-0.62581
-0.63289
-0.68682
-0.68903
-0.71042
-0.57391
-0.70678
-0.53987
-0.65056
-0.65065
-0.62296
-0.61340
-0.65207
-0.73265
-0.61078
-0.66048
-0.60301
-0.56981
-0.71700
-0.64502
-0.58182
-0.68286
-0.60696
-0.60985
-0.53547
-0.63437
-0.57828
-0.71196
-0.59125
-0.61480
-0.64772
-0.60487
-0.65632
-0.58550
-0.62022
-0.67743
-0.64567
-0.68513
-0.55938
-0.65669
-0.66627
-0.61750
-0.67655
-0.63516
-0.60409
-0.65242
-0.67157
-0.61806
-0.65591
-0.73996
-0.66843
-0.59706
-0.63912
-0.70148
-0.63677
-0.64621
-0.63248
-0.67907
-0.58809
-0.62239
-0.64074
-0.66035
-0.50877
-0.80885
-0.65695
-0.70229
-0.59945
-0.62114
-0.72548
-0.67485
-0.63301
-0.64798
-0.61262
-0.63961
-0.63660
-0.54538
-0.66652
-0.61779
-0.67582
-0.66975
-0.66961
-0.58912
-0.63055
-0.63060
-0.58343
-0.59366
-0.68409
-0.67121
-0.66727
-0.62557
-0.61413
-0.57408
-0.69127
-0.62749
-0.65359
-0.67047
-0.67002
-0.64978
-0.61611
-0.66062
-0.54161
-0.61787
-0.62022
-0.66513
-0.57068
-0.66071
-0.54374
-0.65102
-0.67996
-0.70517
-0.68525
-0.65190
-0.61429
-0.59723
-0.56460
-0.58209
-0.67066
-0.66262
-0.66035
-0.66058
-0.56471
-0.71480
-0.61208
-0.60379
-0.63892
-0.65663
-0.55481
-0.59003
-0.60186
-0.65432
-0.65159
-0.67619
-0.67531
-0.66204
-0.62156
-0.66797
-0.61810
-0.69147
-0.65508
-0.61985
-0.59380
-0.66796
-0.64610
-0.68302
-0.65650
-0.71147
-0.57890
-0.66486
-0.71712
-0.69797
-0.65833
-0.58284
-0.65313
-0.63736
-0.64106
-0.59409
-0.58365
-0.67247
-0.65917
-0.58223
-0.65548
-0.64744
-0.58415
-0.61910
-0.62232
-0.70017
-0.62908
-0.67048
-0.54401
-0.69263
-0.60031
-0.68114
-0.58692
-0.74436
-0.72278
-0.60369
-0.65347
-0.60828
-0.62161
-0.60899
-0.68626
-0.58977
-0.67566
-0.63012
-0.66852
-0.60641
-0.63159
-0.55375
-0.59426
-0.68903
-0.55739
-0.56972
-0.59965
-0.59851
-0.58021
-0.66207
-0.66268
-0.61770
-0.67283
-0.67898
-0.66145
-0.66099
-0.59581
-0.60962
-0.57471
-0.65640
-0.64658
-0.63667
-0.63337
-0.56637
-0.62713
-0.63124
-0.60726
-0.61997
-0.61231
-0.58036
-0.62774
-0.62155
-0.66622
-0.54783
-0.59345
-0.54450
-0.65895
-0.56285
-0.71592
-0.64007
-0.61773
-0.61494
-0.69996
-0.66790
-0.63848
-0.57116
-0.63096
-0.60726
-0.56783
-0.66998
-0.63555
-0.65325
-0.66592
-0.60177
-0.65672
-0.65025
-0.62735
-0.58283
-0.59866
-0.65322
-0.63044
-0.67850
-0.59206
-0.56619
-0.63246
-0.61432
-0.64595
-0.59979
-0.54924
-0.75011
-0.65050
-0.65467
-0.64057
-0.67685
-0.60963
-0.70778
-0.58055
-0.64748
-0.64320
-0.61645
-0.70615
-0.67153
-0.63730
-0.64191
-0.61446
-0.68627
-0.59177
-0.56513
-0.58958
-0.66441
-0.64773
-0.59587
-0.59519
-0.71668
-0.56807
-0.65983
-0.65169
-0.54931
-0.64957
-0.62003
-0.57522
-0.57031
-0.65642
-0.68400
-0.58532
-0.67830
-0.70402
-0.58193
-0.65992
-0.66421
-0.66636
-0.56501
-0.71170
-0.69547
-0.64818
-0.61627
-0.65221
-0.60143
-0.64679
-0.71739
-0.53471
-0.64777
-0.58856
-0.68975
-0.56525
-0.66232
-0.63913
-0.65936
-0.61708
-0.61812
-0.62537
-0.70016
-0.66606
-0.52855
-0.64170
-0.69145
-0.57772
-0.61637
-0.67379
-0.66709
-0.63422
-0.67900
-0.66589
-0.60487
-0.62790
-0.71194
-0.74706
-0.60141
-0.61486
-0.66864
-0.63768
-0.69593
-0.64985
-0.65286
-0.68196
-0.61923
-0.64719
-0.65785
-0.63408
-0.65229
-0.58698
-0.63465
-0.63168
-0.63132
-0.63397
-0.60064
-0.69373
-0.68154
-0.66292
-0.58856
-0.63415
-0.58130
-0.65554
-0.59259
-0.65034
-0.62745
-0.62627
-0.67799
-0.63870
-0.59158
-0.70002
-0.60409
-0.67077
-0.63068
-0.64656
-0.61629
-0.65887
-0.63918
-0.58954
-0.63299
-0.67849
-0.61748
-0.60140
-0.62796
-0.62392
-0.63598
-0.68734
-0.59938
-0.67336
-0.61771
-0.62066
-0.72798
-0.66774
-0.60327
-0.64660
-0.64780
-0.69784
-0.64052
-0.66642
-0.65668
-0.66321
-0.70573
-0.70704
-0.66126
-0.62494
-0.66529
-0.56123
-0.58249
-0.67472
-0.70631
-0.70059
-0.64283
-0.62029
-0.59154
-0.60236
-0.71767
-0.63582
-0.66001
-0.60537
-0.63445
-0.58678
-0.63811
-0.66975
-0.58449
-0.69453
-0.66400
-0.66999
-0.53483
-0.64599
-0.61447
-0.62044
-0.62313
-0.63099
-0.62290
-0.68237
-0.63659
-0.62889
-0.54525
-0.62178
-0.65519
-0.62513
-0.52755
-0.64476
-0.61053
-0.67032
-0.60032
-0.68236
-0.61340
-0.64637
-0.61058
-0.59272
-0.68138
-0.66091
-0.65544
-0.70428
-0.58244
-0.69644
-0.59333
-0.62950
-0.63799
-0.62420
-0.70847
-0.57636
-0.68250
-0.65207
-0.67226
-0.59799
-0.65335
-0.66775
-0.60603
-0.54950
-0.63118
-0.66106
-0.71209
-0.66945
-0.65017
-0.61903
-0.55419
-0.59086
-0.67657
-0.65573
-0.64016
-0.64148
-0.61966
-0.62146
-0.65152
-0.66069
-0.59924
-0.68861
-0.61546
