-0.29439
-0.23326
-0.38149
-0.08079
-0.18575
-0.13709
-0.08530
-0.20838
-0.16735
-0.21949
-0.19622
-0.23890
-0.31274
-0.20137
-0.19287
-0.22529
-0.17399
-0.41470
-0.05434
-0.45699
-0.24578
-0.08831
-0.21929
-0.15645
-0.33432
-0.21819
-0.47668
-0.20764
-0.17448
-0.22877
-0.32513
-0.39242
-0.20509
-0.23083
-0.26791
-0.28502
-0.20226
-0.31076
-0.41444
-0.20493
-0.32750
-0.25072
-0.17048
-0.13837
-0.11073
-0.00958
-0.10354
-0.23774
-0.13495
-0.38600
-0.12038
-0.35046
-0.40512
-0.21848
-0.25154
-0.33237
-0.21535
-0.33449
-0.05061
-0.22011
-0.41940
-0.17297
-0.16081
-0.36262
-0.34449
-0.13779
-0.37272
-0.34357
-0.29278
-0.24147
-0.28264
-0.23992
-0.24714
-0.03966
-0.26269
-0.09544
-0.36467
-0.35987
-0.10841
-0.29617
-0.33690
-0.17448
-0.19311
-0.16175
-0.23882
-0.15068
0.02891
-0.39359
-0.35472
-0.26908
-0.29002
-0.42588
-0.01753
-0.20843
-0.27718
-0.29164
-0.24843
-0.27896
-0.17638
-0.08037
-0.10713
-0.21675
-0.30609
-0.32337
-0.06875
-0.21536
-0.11786
-0.13868
-0.25984
-0.42295
-0.25753
-0.20313
-0.05428
-0.43044
-0.20314
-0.32009
-0.35499
-0.09955
-0.10930
-0.43523
-0.26827
-0.14663
-0.35900
-0.25684
-0.37460
-0.24155
-0.31468
-0.14073
-0.16125
-0.23256
-0.33775
-0.10582
-0.20838
0.00462
-0.45820
-0.18579
-0.27034
-0.13185
-0.23476
-0.23256
-0.18322
-0.06219
-0.31722
-0.17075
-0.20301
-0.17020
-0.38464
-0.09027
-0.32055
-0.09038
-0.40699
-0.27185
-0.30316
-0.06159
-0.04006
-0.29728
-0.19116
-0.23537
-0.34461
-0.16245
-0.30372
-0.21131
-0.39303
-0.08047
-0.30144
-0.26071
-0.32083
-0.24628
-0.27162
-0.32458
-0.15761
-0.18230
-0.26608
-0.31131
-0.21992
-0.35051
-0.17266
-0.22073
-0.25580
-0.10074
-0.19362
-0.10180
-0.20581
-0.31923
-0.31407
-0.32430
-0.19545
-0.28284
-0.05046
-0.22967
-0.23871
0.02355
-0.25350
-0.28744
-0.04167
-0.23039
-0.25518
-0.21886
-0.29348
-0.27382
-0.24840
-0.30365
-0.16088
-0.18940
-0.23688
-0.30297
-0.22951
-0.26074
-0.32485
-0.15520
-0.15895
-0.20386
-0.00167
-0.28382
-0.30807
-0.21448
-0.23789
-0.03873
-0.11141
-0.12309
-0.29137
-0.17690
-0.15478
-0.19273
-0.24995
-0.36052
-0.31574
-0.10624
-0.29631
-0.23928
-0.02370
-0.34123
-0.14192
-0.23700
-0.50484
-0.15205
-0.08718
-0.13725
0.03943
-0.19962
-0.36513
-0.27893
-0.28790
-0.28880
-0.37120
-0.28994
-0.35316
-0.16085
-0.24259
-0.28830
-0.21825
-0.09992
-0.33375
-0.18851
-0.49036
-0.36506
-0.31236
-0.22749
-0.22629
-0.14536
-0.40540
-0.31494
-0.19956
-0.18748
-0.18943
-0.19960
-0.21462
-0.24550
-0.24698
-0.24514
-0.27950
-0.35406
-0.04761
-0.18228
-0.30001
-0.31090
-0.22976
-0.33165
-0.39466
-0.20152
-0.05591
-0.13211
-0.13314
-0.27813
-0.16593
-0.25390
-0.38578
-0.28846
-0.07859
-0.14736
-0.31099
0.03452
-0.46886
-0.25691
-0.15513
-0.20850
-0.13583
-0.11003
-0.28589
-0.18068
-0.15881
-0.14913
0.02171
-0.31737
-0.25473
-0.12451
-0.24551
-0.17210
-0.36422
-0.24911
-0.33976
-0.14197
-0.20431
0.06110
-0.12576
-0.19199
-0.04565
-0.43512
-0.05575
-0.36468
-0.20503
-0.19410
-0.00485
-0.33536
-0.23777
-0.52815
-0.11100
-0.33371
-0.24415
-0.12707
-0.22268
-0.28896
-0.04789
-0.17731
-0.23927
-0.24631
-0.41631
-0.19938
-0.37194
-0.21932
-0.12265
-0.26625
-0.07962
-0.12817
-0.18746
-0.27461
-0.21978
-0.24695
-0.30196
-0.26824
-0.26626
-0.24068
-0.25164
-0.14828
-0.15421
-0.14207
-0.21912
-0.09266
-0.24332
-0.30751
-0.34057
-0.04369
-0.20631
-0.22147
-0.31620
-0.14895
-0.31318
-0.19081
-0.32593
-0.43856
-0.24626
-0.20721
-0.17584
-0.23214
-0.33936
-0.18626
-0.38962
-0.31366
-0.21452
-0.33792
-0.34756
-0.10756
-0.15772
-0.21650
-0.01556
-0.26008
-0.05502
-0.28820
-0.09959
-0.24909
-0.07224
-0.34565
-0.37605
-0.13948
-0.35512
-0.25875
-0.29042
-0.36620
-0.24250
-0.44820
-0.18651
-0.10236
-0.21338
-0.22470
-0.09406
-0.26101
-0.23561
-0.23133
-0.22131
-0.22086
-0.20373
0.09996
-0.12118
-0.07432
-0.32818
-0.19202
-0.19760
-0.21265
-0.16768
-0.24888
0.01301
-0.13053
0.01248
-0.19103
-0.31320
-0.35303
-0.19811
-0.08978
-0.00736
-0.26762
-0.24998
-0.33885
-0.26706
-0.39169
-0.40091
-0.17127
-0.25476
-0.26269
-0.49233
-0.27434
-0.19549
-0.11122
-0.29438
-0.14473
-0.19693
-0.06325
-0.54623
-0.28026
-0.19958
-0.04933
-0.05897
-0.19158
-0.21942
-0.30622
-0.13625
-0.33496
-0.26966
-0.07215
-0.37416
-0.33152
-0.27244
-0.28282
-0.42078
-0.29316
-0.41121
-0.19609
-0.20850
-0.16156
-0.11032
-0.19496
-0.26841
-0.15131
-0.13200
-0.36832
-0.24937
-0.17967
-0.24129
-0.22798
-0.37822
-0.14830
-0.06024
-0.20912
-0.26427
-0.10134
-0.09306
-0.30180
-0.22892
-0.19715
-0.34333
-0.42248
-0.07804
-0.15242
-0.07098
-0.24784
-0.42021
-0.32115
-0.44003
-0.08342
-0.25918
-0.27502
-0.08842
-0.32005
-0.09588
-0.38278
-0.03395
-0.16222
-0.20284
0.07283
-0.06473
-0.13709
-0.24047
-0.26972
-0.39081
-0.14553
-0.19751
-0.05579
-0.18048
-0.19496
-0.14889
-0.26706
-0.04137
-0.31771
-0.31997
-0.14717
-0.28104
-0.20246
-0.28144
-0.11752
-0.27231
-0.20413
-0.37530
-0.33260
-0.04695
-0.23689
-0.26183
-0.31245
-0.31651
-0.30454
-0.42976
-0.15338
-0.33436
-0.18114
-0.25477
-0.14792
-0.10804
-0.22646
-0.18118
-0.34187
-0.27866
-0.19394
-0.26312
-0.24630
-0.34191
-0.08678
-0.18519
-0.24128
-0.10794
-0.24697
-0.25894
-0.14261
-0.22649
-0.20993
-0.35123
-0.02427
-0.22108
-0.27174
-0.16667
-0.15025
-0.19487
-0.16225
-0.27047
-0.16197
-0.38401
-0.38231
-0.19400
-0.29280
-0.54838
0.05122
-0.11203
-0.29743
-0.33460
-0.24905
0.07484
-0.13418
-0.11319
-0.32343
-0.32125
-0.19140
-0.16603
-0.33691
-0.09377
-0.26820
-0.09748
-0.24370
-0.26913
-0.33875
-0.13584
-0.19279
-0.28530
-0.32969
-0.19418
-0.15267
-0.05766
-0.33525
-0.43580
-0.19743
-0.09954
-0.19258
-0.07240
-0.24899
-0.23968
-0.01814
-0.15343
-0.11411
-0.63214
-0.22795
-0.20643
-0.11410
-0.37295
-0.17525
-0.19270
-0.26774
-0.17950
-0.07763
-0.10193
-0.06020
-0.33610
-0.24942
-0.45806
-0.30355
-0.21392
-0.06223
-0.29479
-0.28236
-0.35767
-0.12879
-0.27231
-0.38399
-0.32293
-0.25504
-0.38503
-0.24509
-0.22049
-0.20658
-0.21139
-0.17701
-0.11996
-0.04166
-0.24908
-0.07298
-0.29619
-0.17359
-0.17750
-0.40924
-0.23143
-0.19254
-0.34084
-0.21601
-0.06827
-0.11666
-0.27792
-0.16470
-0.11761
-0.04173
-0.13802
-0.17253
-0.15444
-0.07248
-0.34667
-0.30629
-0.42339
-0.04240
-0.10480
-0.27822
-0.19069
-0.34396
-0.34960
-0.27196
-0.14212
-0.04659
-0.22686
-0.12385
-0.40760
-0.07735
-0.25630
-0.17310
-0.24853
-0.15631
-0.15248
-0.29515
-0.12693
-0.42662
-0.28738
-0.19559
-0.07237
-0.35765
-0.11972
-0.15939
-0.16115
-0.31790
-0.25810
-0.46515
-0.20384
-0.14481
-0.31208
-0.51632
-0.40492
-0.30018
-0.29796
-0.05867
-0.28819
-0.20294
-0.25155
-0.28194
-0.21685
-0.12740
-0.07790
-0.13471
-0.20747
-0.18841
-0.23084
-0.12041
-0.25471
-0.38858
-0.17281
-0.21801
-0.21709
-0.24905
-0.31064
-0.47100
-0.35199
-0.36005
-0.19960
-0.43500
-0.37338
-0.18235
-0.30765
-0.21292
-0.09132
-0.15979
-0.22034
-0.30521
-0.07351
-0.11819
-0.21264
-0.25734
-0.22195
-0.25227
-0.31663
0.01987
-0.13668
-0.15294
-0.08404
-0.38522
-0.19628
-0.25487
-0.29293
-0.34013
-0.32464
-0.12131
-0.24329
-0.06346
-0.28946
-0.37582
-0.22722
-0.29945
-0.11683
-0.25742
-0.42009
-0.15318
-0.34778
-0.20170
-0.27303
-0.13134
-0.21717
-0.19783
-0.32516
-0.28330
-0.08765
-0.26855
-0.18427
-0.11159
-0.20738
-0.31214
-0.15462
-0.26092
-0.21231
-0.19399
-0.25242
-0.19176
-0.20074
-0.46434
-0.31907
-0.01934
-0.33437
-0.24822
-0.23057
-0.41165
-0.14083
-0.31479
-0.31412
-0.36024
-0.26705
-0.14533
-0.16597
-0.18743
-0.14571
-0.11393
-0.34925
-0.13738
-0.07405
-0.33783
-0.08517
-0.08519
-0.27234
-0.16831
-0.17476
-0.27153
-0.24734
-0.11531
-0.44913
-0.21567
-0.41394
-0.19914
-0.09370
-0.26471
-0.20916
-0.13669
-0.16982
-0.12866
-0.27779
-0.14531
-0.14675
-0.45988
-0.22794
-0.07877
-0.25944
-0.37234
-0.15290
-0.10286
-0.21153
-0.04532
-0.22820
-0.29524
-0.28430
-0.01384
-0.00484
-0.31191
-0.12096
-0.15855
-0.27898
-0.05549
-0.13072
-0.20215
-0.08690
-0.20085
-0.19581
-0.31245
-0.22782
-0.17870
-0.42294
-0.09450
-0.23154
-0.26056
-0.12801
-0.37395
-0.14045
-0.17338
-0.10841
-0.18213
-0.31040
-0.22465
-0.34252
-0.31649
-0.18399
-0.33146
-0.27441
-0.15604
-0.23698
-0.32630
-0.08359
-0.42095
-0.11739
-0.25578
-0.15605
-0.28704
-0.08036
-0.20480
-0.28829
-0.12286
-0.12935
-0.27568
-0.24937
-0.44390
-0.29989
-0.32740
-0.27876
-0.26112
-0.32213
-0.24129
-0.20249
-0.08601
-0.27174
-0.19993
-0.23800
-0.13625
-0.13784
-0.15262
-0.18779
-0.18096
-0.19128
-0.23373
-0.21042
-0.19674
-0.24003
-0.12733
-0.22915
-0.33653
-0.11955
-0.04637
-0.13767
-0.12173
-0.16849
-0.22875
-0.40835
-0.17278
-0.27906
-0.21013
-0.31097
-0.21220
-0.44341
-0.22856
-0.16941
-0.29165
-0.11886
-0.11977
-0.28802
-0.49837
-0.13769
-0.34384
-0.09790
-0.22227
-0.28359
-0.23368
-0.06258
-0.42457
-0.34625
-0.28448
-0.21452
-0.13506
-0.32840
-0.45795
-0.18732
-0.24882
-0.13752
-0.19781
-0.13438
-0.30238
-0.33932
-0.22028
-0.42139
-0.19642
-0.16106
-0.18029
-0.12876
-0.15889
-0.15423
-0.37590
-0.32133
0.04068
-0.19175
-0.13212
-0.36415
-0.22350
-0.19945
-0.23258
-0.30076
-0.12402
-0.15534
-0.27819
-0.33964
-0.20158
-0.22953
-0.11036
-0.26620
-0.21821
-0.38792
-0.45201
-0.31635
-0.04713
-0.32547
-0.22065
-0.22417
-0.23152
-0.30446
-0.14426
-0.05044
-0.27217
-0.09686
-0.19016
