0.08189
-0.42616
-0.15401
0.24720
-0.33895
-0.09728
-0.19045
-0.44362
-0.40889
-0.00146
0.14280
-0.40430
-0.17185
-0.23335
-0.45404
-0.82613
-0.35528
-0.28129
-0.39421
0.05655
0.23200
-0.29998
-0.42251
-0.18879
0.10031
-0.42824
-0.24901
0.04317
-0.12702
-0.36654
-0.43148
0.03658
-0.24708
-0.27783
-0.15543
0.07301
0.03697
-0.51446
0.05935
-0.15995
-0.30537
-0.31690
-0.07572
-0.10004
-0.04344
-0.25589
-0.48575
-0.29496
0.06986
0.38177
-0.01158
0.01642
0.35604
-0.56334
-0.18929
-0.57821
0.11342
-0.49613
-0.09996
0.04199
-0.52190
-0.27711
-0.12847
-0.33025
-0.15693
-0.40917
-1.10096
-0.81693
0.02967
-0.27119
-0.16644
-1.08915
-0.46197
-0.20801
-0.18218
0.17536
-0.17946
0.69369
0.38481
-0.45547
-0.31297
-0.48506
0.02414
-0.42235
-0.13144
0.27834
-0.16665
-0.37821
-0.19263
-0.00924
0.13138
-0.06080
-0.18318
-0.32392
-0.11519
-0.37716
0.11580
-0.05958
-0.12289
-0.27156
-0.36196
-0.11563
-0.24497
-0.23621
-0.25852
-0.02163
0.05601
-0.48335
-0.38911
-0.13615
-0.02930
-0.35732
-0.26705
-0.35331
0.06689
0.11952
0.20721
-0.29622
0.02098
-0.05430
0.01577
-0.63107
-0.29208
0.00717
-0.38221
-0.38250
0.02778
0.09664
0.22866
-0.07630
-0.34706
0.07566
0.04733
0.17997
-0.20410
-0.28500
-0.38475
-0.01629
-0.60858
-0.60622
-0.63134
-0.14801
-0.25409
-0.40064
-0.25697
-0.27842
-0.21239
-0.17729
0.02508
-0.11634
-0.52942
-0.13920
0.21869
-0.54087
-0.25696
-0.12441
0.44267
-0.19815
-0.38818
0.15783
-0.15260
-0.13598
0.22521
-0.38697
-0.13190
0.20767
0.07611
-0.03638
-0.13955
0.09593
0.18400
-0.38310
-0.46308
-0.35638
-0.09312
-0.34312
-0.39788
0.34681
-0.48522
0.17060
-0.45828
-0.13245
0.39485
-0.81137
0.01321
-0.25766
-0.21350
-0.61310
-0.40104
-0.14971
-0.24075
-0.15808
-0.71005
-0.48104
-0.15646
-0.18817
-0.47919
-0.14566
-0.41762
-0.59710
0.10199
-0.79176
-0.32875
-0.27971
-0.10359
-0.32327
-0.10320
-0.02065
0.05596
-0.37251
0.11952
0.27321
-0.75418
-0.62833
-0.18826
-0.25274
-0.27183
-0.64390
-0.02923
-0.01319
-0.10337
-0.03829
-0.11796
-0.36041
-0.17457
-1.28470
-0.72183
0.00429
-0.04892
-0.03699
-0.48172
-0.48579
-0.54838
-0.08105
-0.18740
-0.26145
-0.00190
-0.16027
-0.33822
-0.46458
-0.26816
-0.40218
-0.02845
-0.36510
-0.39047
-0.22310
-0.47446
-0.02654
-1.12827
-0.32486
-0.00869
-0.20636
-0.50793
-0.31750
-0.65992
0.17758
-0.08700
0.04874
0.07425
-0.18003
0.21158
-0.10669
0.04305
-0.30478
-0.57406
-0.66173
0.05952
-0.18202
-0.32753
0.16902
0.13809
-0.30679
-0.20998
0.06185
0.04711
-0.37549
0.00045
-0.13921
-0.43450
-0.57413
0.00297
-0.41029
-0.13590
-0.10006
-0.08704
-0.27583
-0.72851
-0.23929
-0.25860
-0.89337
-0.16573
-0.06398
0.36821
-0.02920
-0.08634
-0.17190
-0.24204
-0.01803
-0.49318
-0.18092
-0.07775
0.08942
-0.29639
-0.49819
-0.40449
0.24816
-0.03500
-0.33393
-0.60161
0.19999
0.13314
-0.19830
-0.06264
-0.16497
-0.22321
-0.22817
-0.22024
0.00844
-0.46760
-0.56444
-0.64292
-0.13407
-0.14731
-0.39276
-0.17875
0.13100
-0.42980
0.13499
0.10195
-0.49658
-0.55609
0.05602
-0.41656
-0.01576
-0.10963
-0.51259
-0.50358
-0.46489
-0.27243
-0.37880
0.07893
-0.65278
0.14151
-0.48724
-0.35784
-0.21331
0.48366
-0.45965
-0.08151
-0.18066
-0.31952
-0.22752
-0.83140
-0.41911
-0.42413
-0.62364
-0.07726
-0.22207
-0.20538
-0.20895
0.15235
-0.35497
0.25358
0.03226
0.17253
-0.04755
-0.24099
-0.25738
0.14618
-0.52297
-0.56434
0.18415
-0.03014
-0.30988
-0.72734
0.09351
-0.43735
-0.27945
0.09876
0.20139
-0.61499
-0.30070
0.17087
0.41485
-0.77915
-0.28067
-0.19802
-0.33726
0.10506
-0.34426
-0.19407
0.09069
-0.05834
-0.10730
-0.08860
0.18446
-0.32861
-0.13485
-0.03556
-0.39773
-0.11125
-0.48479
-0.49231
-0.15292
-0.24397
-0.04946
-0.01621
-0.66494
-0.04833
0.05396
-0.38908
-0.27708
-0.56995
-0.47669
-0.37417
-0.48226
0.34819
-0.43449
-0.42326
-0.14554
-0.21586
-0.19788
-0.59857
0.19545
-0.18386
-0.24354
0.53687
-0.06882
0.01926
-0.51220
-0.14495
-0.24169
-0.80087
-0.00312
-0.09516
-0.43673
-0.26934
-0.69377
-0.14322
0.38871
-0.41114
-0.22694
0.27953
-0.14309
-0.05953
-0.25408
0.09762
0.03286
-0.47892
0.24911
-0.27920
0.05422
-0.10211
-0.23085
-0.30668
-0.54537
-0.13143
0.12100
-0.26408
-0.63773
-0.24532
0.01845
0.14921
0.36243
-0.29961
-0.34831
-0.38336
-0.52129
-0.38160
-0.39888
-0.23821
0.08087
-0.34281
0.01411
0.23704
-0.47944
-0.67114
0.10616
-0.37784
-0.17525
0.03403
-0.44011
-0.34779
-0.22692
-0.10983
-0.52599
-0.19702
0.03027
-0.10273
-0.80088
0.15771
-0.53480
0.04234
-0.13219
-0.60579
-0.12501
-0.19962
-0.35323
-0.15870
-0.38805
0.22743
-0.07907
-0.31522
-0.13933
-0.40255
-0.70529
0.06698
-0.23922
-0.69892
-0.29350
-0.24705
-0.47416
-0.37538
-0.20516
-0.08356
-0.20690
0.02851
-0.27878
-0.42709
-0.43637
-0.08308
-0.06382
-0.18640
-0.60760
-0.31541
0.12735
-0.35299
0.08007
-0.14517
-0.13902
-0.27654
-0.43582
-0.31883
-0.06081
-0.13353
-0.37156
-0.61822
-0.18875
-0.08244
-0.43390
-0.24500
0.28111
-0.08793
-0.57533
-0.32662
-0.00681
0.01951
0.42335
-0.43907
-0.15850
0.04359
-0.01720
-0.43619
-0.25049
-0.47528
-0.09245
-0.09452
-0.66633
-0.43419
-0.00701
-0.08023
-0.28220
-0.16837
-0.04593
-0.05460
-0.63516
-0.45204
-0.11568
0.22729
-0.14523
-0.91919
-0.17627
-0.43245
-0.24873
-0.35107
-0.46608
-0.22469
-0.28828
-0.08846
-0.09328
-0.22313
-0.21991
0.11921
-0.25428
-0.40471
-0.46864
-0.11236
-0.47252
-0.29392
-0.16290
-0.60425
0.39410
-0.02901
-0.62669
-0.12429
0.12126
-0.87611
-0.09050
-0.48041
0.01801
0.04009
0.15406
-0.03789
-0.44914
-0.66074
-0.49065
-0.12324
-0.26507
-0.20131
-0.47617
-0.67050
0.13040
-0.38022
-0.25706
-0.61579
0.06293
-0.40214
-0.37043
-0.17929
0.05884
0.00183
0.07022
-0.24045
-0.15773
-0.20949
-0.39850
0.10886
-0.01078
-0.24107
0.10880
-0.01307
-0.13226
-0.06091
-0.25153
-0.26111
0.00290
-0.30064
0.17381
-0.00807
-0.12466
-0.16919
-0.31970
0.10678
-0.43015
0.04406
0.03077
-0.36629
-0.16881
-0.26088
-0.36352
0.02465
-0.40625
-0.36605
-0.45938
0.04636
-0.52168
-0.41265
-0.38839
-0.24827
-0.02914
-0.35645
-0.16371
0.01915
-0.20846
-0.78585
-0.03436
-0.85763
-0.35656
-0.77228
-0.12855
-0.26953
0.13179
-0.18956
-0.48259
-0.36232
0.04912
-0.36388
-0.18291
-0.63416
-0.19555
-0.66616
0.24560
0.02696
-0.63431
0.05977
-0.44400
-0.48207
-0.07948
-0.37627
-0.03114
-0.41478
-0.60600
-0.20469
-0.60801
-0.28416
-0.65449
-0.57717
0.24538
-0.27208
-0.35039
-0.17323
0.04488
-0.33645
-0.17159
-0.42889
-0.09719
0.30720
-0.56346
-0.36258
-0.06170
-0.15872
0.16644
0.26852
-0.44845
-0.19399
0.02704
-0.07083
0.18212
0.15898
-0.03182
-0.21907
0.00144
-0.41049
-0.69810
0.06539
-0.57566
-0.17923
-0.72606
-0.64382
-0.45413
-0.10879
-0.14532
0.14168
0.37740
0.19533
-0.44332
0.12806
0.10798
-0.95069
0.14384
-0.58796
-0.25763
-0.13058
0.05865
-0.85131
-0.18043
-0.20009
-0.45286
-0.43795
-0.57724
0.02208
-0.31950
-0.46478
-0.18239
-0.66855
-0.25237
-0.38746
-0.19175
-0.21946
-0.66157
-0.52017
-0.01791
0.35666
-0.24494
0.25367
-0.14558
0.19261
-0.12567
-0.48493
-0.22438
-0.17896
0.21256
0.02949
-0.18829
-0.51159
-0.06057
-0.00033
-0.03993
0.60841
-0.16070
-0.10551
-0.23354
0.05422
-0.26616
-0.51366
-0.12221
0.02520
-0.37236
0.12416
-0.29105
-0.11278
-0.29411
0.01470
-0.10846
-0.15967
-0.69981
0.11079
0.15210
-0.77709
-0.55628
-0.61722
-0.19146
-0.03157
-0.14437
-0.12025
0.10230
-0.20466
-0.34458
-0.20117
-0.54923
-0.08854
-0.40488
-0.21478
-0.11419
-0.63342
-0.40377
0.32301
-0.76491
-0.30883
-0.15941
0.18293
-0.16790
-0.44008
-0.43783
0.06834
-0.13865
-0.01395
0.16663
-0.22213
0.19829
-0.41478
-0.56211
-0.04713
-0.79350
-0.46464
-0.23329
-0.83611
-0.18951
-0.49533
-0.14802
-0.32434
-0.28254
-0.20318
-0.08512
-0.49129
-0.23182
-0.50207
-0.07108
-0.38924
-0.37211
-0.04627
-0.48307
-0.35469
-0.15398
-0.68986
-0.24561
-0.35222
0.36040
-0.47709
-0.06070
-0.23414
0.16587
0.16827
-0.43633
-0.57290
0.10620
0.41294
-0.07789
-0.33701
-0.45793
-0.25052
-0.27522
0.11162
-0.24249
-0.37728
-0.51216
-0.29509
-0.07851
0.03811
-0.12074
0.17121
0.12495
-0.25718
-0.10178
-0.33630
0.20607
-0.18966
-0.13625
-0.19947
-0.36701
-0.23748
-0.24933
-0.25580
-0.34122
-0.08512
-0.25193
0.13686
-0.21032
-0.28389
0.14303
0.06560
-0.61396
0.35455
-0.27709
-0.15814
-0.25220
-0.42414
-0.14779
-0.18865
-0.14633
-0.28831
-0.61054
-0.03734
-0.37510
-0.44745
-0.64103
0.10388
-0.28255
-0.57433
-0.02262
-0.30377
-0.41582
0.01369
0.57943
0.01978
0.02446
-0.62982
-0.60039
-0.08189
-0.68396
0.01984
-0.09666
0.05360
-0.07282
0.23658
-0.03666
-0.07203
0.03978
-0.02602
-0.40763
-0.27179
-0.34751
-0.50795
0.07439
-0.34230
-0.58827
-0.38482
-0.31167
-0.75593
-0.28176
-0.79438
0.14748
-0.17317
-0.12050
0.09877
-0.23742
-0.28600
0.12005
0.28522
0.02674
0.00298
-0.28481
-0.30684
0.22878
-0.17162
-0.02747
-0.43964
0.49363
-0.37227
-0.11017
-0.45577
-0.56121
-0.40846
-0.03609
-0.38428
-0.02952
-0.45170
0.15870
-0.21046
-0.30392
-0.41322
-0.42767
-0.19761
-0.64494
-0.05999
-0.20308
0.13004
0.07489
0.18326
-0.76054
-0.42026
-0.42113
-0.66828
0.05852
-0.26027
-0.08028
-0.30311
-0.34324
0.15452
-0.33260
