-0.76084
-1.14753
-1.05385
-0.67917
-1.03797
-1.05475
-0.96343
-1.14228
-1.18235
-0.79543
-0.84529
-1.08604
-1.05465
-0.94521
-1.19111
-1.41198
-1.13281
-1.00446
-1.27582
-0.89821
-0.69627
-1.13320
-1.01943
-0.88585
-0.67018
-1.09458
-0.98494
-0.94884
-0.91137
-1.09139
-1.15471
-0.88097
-1.02378
-0.99874
-0.97648
-0.68720
-0.81401
-1.16230
-0.91151
-0.88871
-1.03926
-0.98564
-0.92676
-0.87858
-1.01301
-0.94948
-1.19983
-1.04829
-0.75346
-0.56401
-0.77603
-0.85622
-0.77990
-1.31561
-1.00681
-1.24211
-0.77106
-1.18329
-0.97680
-0.84948
-1.13835
-1.08223
-0.94237
-1.04366
-0.94340
-0.99566
-1.67054
-1.24216
-0.85785
-0.95937
-1.09395
-1.63485
-1.12141
-1.04488
-0.92982
-0.88263
-0.96535
-0.45011
-0.63192
-1.07248
-1.07270
-1.07104
-0.87169
-1.09543
-0.90037
-0.74143
-0.97743
-1.05419
-1.00339
-0.93559
-0.73834
-0.90854
-0.93888
-0.97617
-0.93909
-1.09492
-0.78448
-0.81809
-1.03134
-1.12909
-1.04377
-0.89997
-1.02706
-0.93851
-1.00132
-0.87679
-0.82187
-1.27697
-1.11706
-0.95833
-0.81513
-1.00776
-0.99718
-1.06240
-0.82754
-0.74500
-0.69616
-1.06885
-0.87311
-1.30452
-0.84661
-1.33678
-1.06114
-0.82626
-1.10260
-1.02060
-0.79610
-0.79277
-0.63860
-1.10854
-1.09791
-0.86390
-0.83333
-0.80587
-0.93194
-0.96664
-1.16381
-0.77342
-1.32167
-1.27330
-1.28535
-0.96725
-1.10496
-1.13336
-1.01809
-0.92857
-1.01366
-0.98214
-0.90738
-0.92918
-1.20680
-0.97409
-0.62029
-1.27500
-1.05375
-0.93930
-0.54233
-0.94600
-1.04845
-0.75831
-0.88380
-0.78074
-0.69882
-1.05184
-0.88109
-0.74502
-0.84779
-0.96472
-0.93637
-0.75537
-0.82871
-1.20836
-1.10495
-1.09954
-0.89316
-1.03482
-1.14122
-0.65733
-1.16932
-0.77157
-1.22272
-1.08771
-0.69479
-1.44548
-0.87100
-0.98265
-0.92911
-1.19086
-1.09000
-1.06653
-0.97212
-1.00761
-1.33450
-1.22066
-0.95287
-0.93829
-1.29508
-0.94295
-1.25306
-1.25291
-0.68277
-1.43040
-1.06089
-0.96714
-0.99270
-1.00972
-0.76024
-0.93180
-0.81331
-1.14615
-0.68494
-0.72320
-1.37678
-1.12989
-1.17462
-0.90005
-0.94944
-1.27825
-1.09600
-0.78295
-0.92491
-0.83948
-0.84176
-1.00697
-0.88013
-1.59641
-1.42390
-0.81886
-0.89956
-0.86480
-1.20335
-1.14365
-1.15459
-0.88504
-1.05712
-1.04306
-0.87554
-0.87444
-1.06320
-1.42576
-1.10335
-1.11078
-0.84984
-1.03993
-1.07510
-1.00816
-1.14341
-0.85811
-1.55396
-0.96865
-0.84254
-0.91435
-1.21276
-1.00172
-1.40619
-0.70313
-1.12855
-0.79434
-0.79748
-0.93908
-0.75372
-0.91199
-0.75485
-1.13343
-1.22784
-1.25390
-0.86107
-0.84811
-1.12220
-0.79658
-0.76675
-1.08878
-0.97657
-0.85265
-0.74508
-1.15413
-0.90729
-0.95857
-1.24130
-1.18672
-0.81787
-1.12435
-0.94923
-0.86059
-0.86231
-1.17862
-1.31348
-1.07059
-1.07423
-1.43813
-0.97962
-0.98543
-0.59409
-0.90816
-0.83943
-0.97854
-0.88887
-0.89267
-1.13852
-0.98230
-0.87281
-0.81090
-1.01738
-1.22690
-1.17677
-0.69881
-0.95822
-1.07511
-1.17901
-0.81061
-0.82052
-0.97089
-0.91223
-0.90866
-0.98095
-0.94370
-0.98066
-0.83701
-1.13265
-1.30881
-1.30620
-0.89201
-0.99349
-1.15416
-0.90594
-0.73876
-1.21602
-0.74128
-0.72450
-1.25894
-1.12119
-0.75346
-1.08300
-0.81821
-0.88783
-1.30710
-1.22418
-1.10047
-1.01075
-1.17706
-0.88948
-1.40427
-0.71658
-1.06835
-0.97029
-1.01101
-0.49199
-1.47622
-0.93194
-0.97307
-1.22000
-1.17008
-1.35275
-1.03834
-1.10122
-1.18836
-0.93808
-0.86689
-0.93669
-0.95332
-0.72381
-1.15908
-0.65219
-0.76290
-0.74293
-0.84716
-1.08626
-0.96132
-0.64264
-1.15851
-1.28006
-0.69695
-0.91356
-0.96222
-1.28070
-0.79768
-1.06023
-0.97541
-0.81256
-0.73836
-1.17946
-1.00343
-0.75441
-0.72033
-1.56637
-1.06560
-0.87622
-1.02582
-0.68572
-0.99170
-0.95249
-0.82587
-0.87419
-0.85837
-0.91621
-0.75675
-1.08406
-0.93941
-0.89752
-1.18366
-0.99662
-1.16339
-1.14519
-0.98402
-1.02644
-0.89822
-0.78231
-1.29451
-0.77282
-0.89626
-1.07865
-0.96575
-1.11599
-1.15645
-1.04187
-1.12316
-0.57849
-1.15966
-1.08107
-0.88474
-0.92325
-0.90380
-1.15176
-0.68549
-0.88232
-0.93246
-0.45760
-0.93706
-0.83726
-1.17006
-0.93029
-1.03813
-1.32272
-0.81386
-1.02835
-1.06396
-1.01464
-1.27016
-0.95025
-0.50927
-1.15860
-1.04876
-0.73141
-1.02137
-0.90901
-0.95130
-0.75194
-0.76702
-1.15324
-0.98054
-0.97083
-0.87845
-0.87079
-1.02616
-1.04224
-1.19377
-0.93896
-0.69575
-0.94524
-1.25877
-0.97192
-0.93545
-0.68771
-0.58948
-1.00524
-1.10671
-1.13410
-1.12286
-1.14669
-1.13562
-1.02788
-0.81894
-1.05242
-0.82629
-0.68614
-1.15057
-1.17172
-0.70037
-1.03611
-0.83384
-0.81004
-1.10696
-1.11135
-0.95397
-0.86462
-1.11287
-0.94164
-0.69695
-0.94293
-1.31443
-0.75304
-1.17396
-0.83371
-0.90563
-1.18672
-1.00328
-0.90239
-1.09628
-0.95285
-1.04346
-0.84508
-0.93385
-0.91758
-0.97518
-1.02187
-1.32624
-0.78548
-1.02980
-1.28104
-0.98893
-1.01429
-1.27159
-1.03172
-1.05433
-0.88033
-1.05613
-0.80058
-1.03281
-1.15056
-1.05144
-0.97528
-0.92359
-1.03862
-1.19683
-0.90450
-0.70123
-0.95411
-0.83822
-0.93569
-0.80340
-1.04638
-1.16483
-1.01959
-0.95846
-0.87656
-1.08522
-1.31624
-0.98927
-0.94462
-1.28929
-0.96152
-0.65336
-0.89304
-1.08098
-0.97721
-0.83846
-0.91339
-0.62194
-1.33629
-0.90138
-0.82022
-0.81866
-1.12568
-1.04752
-1.17437
-0.94248
-0.87724
-1.30681
-1.11896
-0.74870
-1.05878
-1.27978
-0.92830
-0.82011
-0.86414
-1.47872
-1.08542
-0.98272
-0.65132
-0.81517
-1.49113
-0.92321
-1.09322
-0.91909
-1.14520
-1.10046
-1.02315
-1.00694
-0.90137
-0.87076
-0.85665
-0.95276
-0.70759
-0.95077
-1.23628
-1.01240
-0.90895
-1.12071
-1.03991
-0.98645
-1.26035
-0.59548
-0.73995
-1.21462
-0.91591
-0.75939
-1.36187
-1.01178
-1.18655
-0.82257
-0.80101
-0.82946
-0.87184
-1.12726
-1.27051
-1.12817
-0.83057
-0.99438
-0.96445
-1.21503
-1.17623
-0.64387
-1.17682
-1.06039
-1.37410
-0.79367
-1.02094
-1.08664
-0.93953
-0.84357
-0.81753
-0.80393
-0.96820
-0.98688
-0.88712
-1.01867
-0.77738
-0.84178
-0.97757
-0.77369
-0.83971
-0.93507
-1.21991
-1.00191
-0.95864
-0.85559
-1.19635
-0.76643
-0.90689
-0.92866
-0.80127
-1.07471
-0.80779
-1.13114
-0.81242
-0.74288
-1.07523
-1.05234
-0.88315
-1.12279
-0.84152
-1.08575
-0.94681
-1.17262
-0.80147
-1.18811
-1.00695
-1.11085
-1.03756
-0.99691
-1.06898
-1.03340
-0.78321
-0.99013
-1.32667
-0.87473
-1.32762
-1.16256
-1.42355
-0.83585
-0.98585
-0.82844
-0.84686
-1.12434
-1.11674
-0.85446
-1.07249
-0.94933
-1.26564
-0.93495
-1.39359
-0.64099
-0.77496
-1.18672
-0.76978
-1.11113
-1.15652
-0.78593
-1.16350
-0.81189
-1.08441
-1.30592
-1.00152
-1.26117
-1.02181
-1.25862
-1.25608
-0.65041
-0.97789
-1.11811
-0.91109
-0.74836
-1.10170
-0.94461
-1.05083
-0.93405
-0.69376
-1.27323
-1.04884
-0.87540
-0.97154
-0.77249
-0.69210
-1.16737
-0.97215
-0.84421
-0.90893
-0.70034
-0.86087
-0.90339
-1.15201
-0.95964
-1.09884
-1.31009
-0.81202
-1.33216
-0.85355
-1.36161
-1.25337
-1.23671
-0.86114
-0.93491
-0.86924
-0.60560
-0.74983
-1.64654
-0.75655
-0.81165
-1.51364
-0.75456
-1.30943
-0.99005
-0.89040
-0.86062
-1.40270
-1.09329
-0.97595
-1.14861
-1.15580
-1.41205
-0.86642
-1.03669
-1.12322
-0.91723
-1.32327
-1.04683
-1.05796
-1.00071
-0.99196
-1.33700
-1.21249
-0.93357
-0.51492
-0.99267
-0.65828
-1.01685
-0.89830
-0.87435
-1.29107
-1.09633
-0.96695
-0.61576
-0.94974
-0.94714
-1.18037
-0.98860
-1.00712
-0.80975
-0.40123
-0.94679
-0.87455
-1.02991
-0.80665
-0.93784
-1.31377
-1.01525
-0.84625
-1.10626
-0.72069
-0.97409
-0.94295
-0.95678
-0.82662
-0.88576
-0.94231
-1.34658
-0.83325
-0.77214
-1.31689
-1.17919
-1.31616
-0.87291
-0.85099
-0.91018
-0.90173
-0.76566
-1.05318
-1.09500
-1.04204
-1.15700
-0.96894
-1.09514
-0.95490
-0.95776
-1.16870
-1.16197
-0.63961
-1.36788
-1.02974
-0.89421
-0.64849
-0.99900
-1.18262
-1.13560
-0.74871
-1.06700
-0.89782
-0.73321
-1.01532
-0.68002
-1.15356
-1.17732
-0.88580
-1.26122
-1.19631
-1.00775
-1.32431
-0.90690
-1.18929
-1.02200
-1.02066
-1.06956
-0.95462
-0.87576
-1.16932
-1.01245
-1.46502
-0.90763
-1.04557
-1.04983
-0.76399
-1.09591
-0.95115
-0.88400
-1.24083
-1.20108
-1.06674
-0.57536
-1.17277
-0.82273
-0.92737
-0.63213
-0.60588
-1.13259
-1.22195
-0.69556
-0.58069
-1.00041
-0.98602
-1.22811
-1.17982
-0.92290
-0.70334
-1.01490
-1.01154
-1.20992
-1.01759
-0.85211
-1.06463
-1.14684
-0.79749
-0.76382
-0.97003
-0.91348
-1.04352
-0.74156
-0.96037
-0.90447
-1.08793
-1.04230
-0.97120
-0.94984
-0.96884
-1.02390
-0.82667
-1.10098
-0.75270
-0.91717
-0.94310
-0.75979
-0.75160
-1.22341
-0.59831
-1.00272
-0.96268
-0.97192
-1.12505
-0.90539
-1.00461
-0.95652
-1.01961
-1.19380
-0.77782
-1.07539
-1.08842
-1.27377
-0.79698
-0.99914
-1.21542
-0.83540
-1.10312
-1.10292
-0.84384
-0.43428
-0.81872
-0.83572
-1.17201
-1.19391
-0.90787
-1.32512
-0.83002
-0.92473
-0.79639
-1.04206
-0.77553
-0.84653
-0.92134
-0.87899
-0.81648
-1.12271
-0.96191
-1.08202
-1.20452
-0.70884
-1.16190
-1.11507
-0.97847
-1.05071
-1.32735
-0.91120
-1.43236
-0.76136
-0.88707
-0.88918
-0.78543
-0.88756
-0.99332
-0.68070
-0.55722
-0.76215
-0.84455
-1.01129
-1.04198
-0.81035
-0.93327
-0.83732
-1.22673
-0.52545
-1.16158
-0.96129
-1.15305
-1.26146
-1.03398
-1.07383
-1.05071
-0.79444
-1.13787
-0.81382
-0.97988
-1.06388
-1.07870
-1.12373
-1.04242
-1.24783
-0.98198
-0.98794
-0.86133
-0.84434
-0.89154
-1.47493
-1.26153
-1.17275
-1.30804
-0.79322
-1.06058
-0.80959
-1.03082
-1.09968
-0.78601
-1.11428
