1.012191413072510012e-15
-9.075071019736390946e-10
-1.573809187735989127e-11
-6.737502734029252491e-18
-1.268245853801658684e-11
-2.236341473837832832e-11
-6.367391287711025497e-13
-7.113836439795248372e-10
-3.790553917212863310e-09
1.614377101546722086e-15
-6.449690083599762500e-15
-3.189066588732602824e-11
-2.709577156458845036e-11
-2.255158755637869983e-13
-4.897524933652830929e-09
-2.202605891069321699e-05
-4.461723642923504084e-10
-3.758930769362254470e-12
-1.393627036235893978e-07
1.408025484703973308e-14
-1.084338636351306118e-17
-4.855244466839841602e-10
-2.106470797199736412e-12
-3.456582150419348616e-14
1.754652800622969158e-18
6.001593680400472729e-11
-1.701972345308218247e-12
-3.747443076175268950e-13
-1.306953886731000716e-14
1.097603511979329920e-10
-1.040309689154974582e-09
-2.391783561255452148e-14
-7.983892896937495735e-12
-2.981944860030436221e-12
-8.353210423555833275e-13
-1.429569026161254162e-17
-6.652332257567577920e-16
-1.605908542343871686e-09
-3.028760927859058092e-14
-2.042915802244162034e-14
4.095610158233714458e-12
-1.870758981572648922e-12
-7.639332622846827736e-14
-2.320062672272014295e-14
-4.338548626753896277e-12
-3.875731545651297628e-13
3.170294721812227150e-09
-1.650332985564393979e-11
6.057653462625019188e-18
-1.558184031329956439e-19
-4.184171694921381819e-18
-3.363457586410813112e-15
-6.174794750048084259e-16
1.598092510022545328e-08
-3.744989648385727529e-12
-1.160809678580577743e-08
4.450024231238594951e-16
7.610134909430868116e-09
-7.219882574118920372e-13
-5.870449622895470405e-15
-2.126403483788549721e-10
-6.926549317192210997e-11
-3.046294179113025768e-13
-5.437775916449313596e-12
-3.269645469048080892e-13
-2.625647857181589142e-12
-6.031893817156551707e-01
-3.527289562827289511e-08
3.043288779526009788e-15
-4.355175768946054537e-13
-8.544865564178669494e-11
-1.395244277766506391e-01
-2.894780261541651173e-10
-1.669093292886126690e-11
-2.086848589260963704e-13
-3.143542920891793275e-14
5.835466411069929674e-15
1.544849398851601275e-19
-3.321978913616397450e-19
-5.018364656327745867e-11
-2.436535981850536142e-14
-6.537915486996844668e-12
-6.494713880931285670e-16
-1.314190013660842722e-10
-4.908383743935082519e-14
2.673764618428296191e-17
-6.278651649930593218e-13
-2.148049215403123676e-11
-3.438541633720823568e-12
-2.015031966158152207e-13
-6.662195692452580044e-17
-7.593295174079337940e-14
-3.040306073572328625e-13
3.104441350021398067e-12
-2.794829326817622092e-13
3.038592678814184268e-10
-5.242464021105627863e-16
-2.676970015836887732e-15
1.572387017224873975e-11
-4.804785751869785319e-10
4.590073919024848217e-12
-6.609568533793077469e-14
-8.495545327597335220e-12
-2.861496521974075160e-13
-2.003754131533484228e-12
5.448875844485084397e-14
-2.677140535234919084e-15
-5.729810742065414977e-08
-2.917898920742982903e-10
-1.869116717989429177e-13
-1.856709454850137974e-15
-1.577949609449544233e-12
-2.331564700116236748e-12
-2.762027474504559134e-11
-3.700143147018548758e-15
-1.371725917724706833e-16
-2.247947527958711092e-17
-2.705844971216554713e-11
-2.404505843992172504e-14
-3.938548146578131874e-07
-3.339091791358995987e-15
-1.364717511271939429e-06
-1.046417673616222245e-11
-2.297199612419195406e-15
-1.207933475860823088e-10
-7.146369318898099037e-12
-8.287290705314414202e-16
-7.202030425583944351e-16
-9.914159426177152837e-19
2.224515106588391449e-10
-1.182296483281243175e-10
-1.581971136949184952e-14
-4.150169108874189199e-16
-6.261127273109425160e-17
-1.375073299504993445e-13
1.640140441174630688e-12
3.408235036198887165e-09
-5.006522478606333339e-16
-8.080137042872766073e-07
-5.883603524916831991e-08
-1.995520329196452133e-07
-6.545258679777811338e-13
5.873818294918393507e-10
-4.620182006953104123e-10
-3.943070094500012833e-12
-5.581349747979683903e-14
-5.512675348854267241e-12
-1.510758459215838147e-12
1.731010775900811759e-13
-1.249301287157461524e-13
-9.769001724943472758e-09
-2.835625954971426153e-13
1.469852147839491164e-18
-1.057316178042509778e-07
-8.040972830635953736e-12
3.469920555864445698e-14
-4.074592329979143875e-20
-2.733888190546416571e-13
-6.327972931936078485e-12
-1.991883344634890842e-16
-5.284158873759467777e-15
-6.673765721028106399e-16
-8.851823598875651223e-18
-2.008299427354042111e-11
-3.224994592458431538e-14
-1.565538674074569213e-16
-7.515705352288719830e-15
-8.739439118592274433e-14
-1.995465153861526845e-13
-4.992576364176769537e-17
-5.644106297710839247e-17
-7.205767713770358260e-09
-1.698653962584331781e-10
-9.269997774856475328e-11
6.630174089716068557e-14
2.838241414352135584e-12
1.522104661269941260e-09
-4.239346596785394413e-18
-1.777519451036830686e-09
-3.654620708642399158e-16
-7.160145736958223187e-09
-8.965484510432578363e-11
-2.034811619538765926e-17
-9.189031111570148205e-05
-2.090076984180576715e-14
-1.364258386858115885e-12
-1.580478566667099469e-13
-5.204315623978547672e-09
-1.013692892089779062e-10
-3.182230765121645855e-11
-1.046608382037231984e-12
-3.536778590244529326e-12
-1.336311960397099629e-06
-1.614598943016721181e-08
-5.064489435125549617e-13
-2.440893644037781503e-13
2.262223356048630330e-09
-2.014548429313195306e-13
-5.811424877946085395e-08
-5.349262550629782168e-08
-9.417992062797267290e-18
-5.574851679571644588e-05
-5.331219047773067660e-12
1.426931941164387058e-12
1.603254621991196865e-12
-4.776212985449291236e-12
-2.309263945517272225e-16
-1.578394153229501857e-13
-1.134260610008487851e-15
8.699380877152091382e-10
6.617949536544944932e-18
-3.600973460752183962e-17
-4.184709014271210439e-06
-4.951890166715767970e-10
-1.619631535543676072e-09
-2.231492420404728101e-14
7.125370029573256813e-13
-1.217526244415372098e-07
-5.295662185084602203e-11
-2.726770639403640793e-16
-1.533066175896853427e-13
8.511299148165878902e-15
-6.864045294754197293e-15
-3.271540858766652486e-12
-1.084390810848706208e-14
-2.386457462896042145e-02
3.301042409754681290e-07
5.340609185890089873e-15
-3.910629400200468641e-14
-5.942190370570426463e-15
5.199935373358713098e-09
-8.477341655164068627e-10
-1.192949474260895655e-09
-1.901343531929720937e-14
-2.978349905088175668e-11
3.096349380990074724e-11
5.237098038227919467e-14
-1.668618885398629646e-14
-1.896723535321559881e-11
-1.313260139672252740e-05
-2.497378124353807046e-11
-1.558613571264286307e-10
-7.709442125309667063e-15
-1.251165920994936594e-11
-2.507149635136685120e-11
-3.062439654989892147e-12
1.272987035037369219e-09
-1.088576920364660531e-14
-6.495698510608671934e-03
1.771560183867617168e-12
-5.173426288766260998e-15
3.900214316866604426e-13
-1.192334050647607607e-08
-1.067671474948643213e-13
-2.010180350280456416e-05
-3.105147052425014326e-17
2.456571329812975052e-11
-7.916166777127692358e-16
-4.073560596998792947e-17
6.098085919410171904e-13
4.203756129222695911e-16
8.881254688796480480e-14
-1.057362834857201553e-16
-3.417631243614347444e-10
-2.204424544484417833e-08
-4.215063743522094510e-08
-1.210907954869887966e-14
-8.509273000034780653e-15
6.914254173883689437e-10
-1.082768996529288141e-15
-2.775541711504212814e-16
-7.101730566445692430e-11
1.782584408489673078e-12
-7.450330567075354608e-15
-6.095619974170081095e-17
-3.258324340869889470e-10
6.856080385174330590e-14
-6.200901177739032534e-13
-1.386934734279117459e-08
-4.391912344747457611e-09
5.604400309154917823e-15
-3.723173685776013963e-10
-4.522025654384608749e-13
-2.081918716134067966e-15
-1.383475765636135978e-14
1.079422289090442008e-08
-2.376012639204511019e-07
-4.824790946193447285e-11
-4.168872027688001256e-11
-6.915625832128165587e-05
-5.414204414496106993e-13
-1.289116858320389924e-12
4.425405170885536847e-19
-1.028358856549434106e-14
-5.873999278433622530e-15
-9.225692058241887081e-13
-1.210825119690289034e-14
-2.373305348519444034e-14
-5.789753216928555613e-10
-1.192609837197740420e-12
-2.141022351969724583e-14
-1.405960621186454847e-15
-6.260895161973228671e-12
5.213466434598078038e-08
-2.446330837297826540e-09
-1.934801487142708262e-17
-5.991747943678092049e-13
-4.239696614908643580e-11
-2.348317523771357669e-09
-1.691433743770185640e-15
-1.447848548910480058e-15
-8.374924157859948531e-13
-1.064966227090960644e-13
1.124956767304672715e-13
-9.381890747682025607e-13
-2.664345290683052246e-13
-3.086633690928714584e-13
-4.117649138956225321e-15
-4.466636537178239177e-10
-4.549300108371967188e-07
-3.174244585414997105e-07
-4.848099316927477962e-14
-2.011518158870482171e-12
2.439457781375658234e-09
1.496184336822019841e-13
-7.551381586197678317e-17
-1.391206227487287923e-08
-1.048946664445964176e-16
-6.415813077392307970e-17
-5.921949546757811314e-08
-6.384140957441809586e-12
-1.890802972273361727e-16
1.341533488006207387e-10
3.100940710277332064e-15
-2.465433218197383453e-14
-4.638558396506850120e-07
-1.356706016779072117e-08
-1.161529687617248559e-10
4.108499630741391664e-13
-2.489669598185980533e-09
-3.916644125148922468e-14
-9.356209941831165319e-06
-5.500099579533233765e-17
-4.545599582855408671e-11
-1.023697833717029958e-12
-4.913013157011176496e-12
1.202171625869650277e-19
-3.210924399234711679e-04
-1.838170697381413239e-13
-1.145099128222936124e-12
5.360134116921329804e-08
7.767074920910335154e-09
-2.228703201583904290e-06
-1.327564793606058487e-11
-1.626105443709922611e-10
-4.351957546621137161e-09
-1.826237345580873644e-13
-7.401339771575477228e-15
-1.520241911230831791e-13
7.344230338308578835e-13
-5.622266033000747969e-17
3.037919435836330322e-09
1.404124208560524098e-17
-2.873589258763499140e-16
-1.448697322418710291e-16
-3.960802262851715189e-15
-2.370744863631884015e-11
-5.715982419085400562e-13
9.640342610508570121e-18
-1.476743188399167239e-09
-1.489149001259859749e-07
-1.113068825059992446e-17
1.491850195063177442e-14
-7.529127372097399146e-13
-1.372875955597730968e-07
4.210126045323558757e-15
-3.141661165420491479e-11
1.893012652238427219e-12
-3.778110856173009115e-17
-7.681054568913290705e-18
-2.359640347766092504e-09
-3.349356882831143821e-12
-1.665076104441499931e-16
-5.081417567969939344e-17
-1.063313283700239621e-02
-2.478586477967757782e-11
-1.047003195283214702e-14
-3.194441245212092198e-12
-4.447546911642239742e-18
-2.328504554619639562e-12
-4.426278510726467865e-13
5.274337118536077052e-15
-1.801768541924274910e-14
-7.546009175377042256e-15
-1.245789276441258703e-14
5.065213257802651346e-16
2.093538524363971558e-10
-2.812511046736840236e-13
-8.826549659872092400e-15
-3.204370252680732147e-09
-1.964091536049571556e-12
-4.391490852492888546e-10
-6.931761723706159644e-10
-1.580127507946157905e-12
2.994336104366786976e-11
-4.683071716743934287e-15
-6.535278523813049151e-16
-8.849409550721804471e-08
-1.873422878186197960e-16
-4.209294775371034868e-14
2.263131461368802049e-10
-4.013496324407029552e-13
-2.858159715430260120e-10
2.576539573520112824e-09
-6.510359362809232035e-12
-3.819699169426249409e-10
-4.352739872983973816e-20
-1.497669908459278576e-09
-6.175160280713669575e-11
-3.602732298865804318e-14
-1.662530905652951094e-13
-7.826015835085129838e-14
-1.155827879059928668e-09
-4.167748428382155686e-18
-5.460601921991605646e-15
2.044025674636538841e-13
4.066576895406531704e-20
-2.079419455015333454e-13
-1.707037466257254058e-15
-3.411872283804550173e-10
-1.891098287298060909e-13
2.618125449915395005e-11
-6.023859515520061961e-07
-5.037858720061956559e-16
-5.147075013335819828e-12
-3.110988052784277199e-11
1.479572657448148947e-11
-9.127964420897659364e-08
1.261176721376307743e-12
6.690255934391017640e-20
-1.489482271320251074e-09
-1.663653418302084767e-11
-9.228151399912370740e-17
-5.449431344727478182e-12
-8.901102327149096402e-14
2.147399168749624268e-13
-1.579456420445580623e-16
-3.200501784531293673e-16
8.880497285826576971e-11
-1.529979641884774469e-12
-9.657018060660159754e-13
-2.289417178484266317e-14
-1.523905228143523162e-14
3.200314363979335599e-12
-1.624972797500817902e-11
-4.937214011335684135e-09
-2.115011144560940524e-13
3.150675917130970687e-18
-3.016901188377129193e-13
-6.787045321046682961e-08
-9.094491780024845319e-13
-2.014076462652336957e-13
-1.317375911748233207e-17
-1.141278249788162750e-19
-2.445236257613890623e-12
-7.700116393296731771e-11
-1.776957290208674671e-10
-3.325764761738161454e-10
-7.449849878953839406e-10
2.646140829889996766e-10
-7.813729263254654125e-12
5.175616746726265177e-15
-2.001297047011051961e-11
2.392711208225019144e-16
-5.581096846902182111e-18
-1.078790136921718857e-09
-1.749968228463965598e-09
-2.696664655185573682e-17
-4.023115118333402012e-12
-3.237441546423274799e-15
-5.328130880270715076e-16
-1.868398223003916591e-10
-6.239279837185741922e-11
8.343780420346384523e-13
-1.410310954514933512e-14
-2.466844705201821217e-10
-2.764745994784420373e-13
-6.761417441060077221e-18
5.127730578985334917e-13
-5.778740841869969398e-07
-1.202217756490116045e-16
4.263309040839260860e-09
-4.807580237125560340e-15
-3.726054412007413424e-14
-3.622387502408572894e-09
-2.586779724860779457e-12
-6.107186602765749219e-14
-1.060565221631346755e-10
-9.523719784572621457e-14
-1.722778864065766027e-11
1.399726599854990670e-14
-2.060455512145285043e-13
-1.040796301218040242e-13
-5.256421179212909220e-13
-1.948989703354281994e-12
-8.879958015811624595e-07
1.174280949701887343e-15
-8.005805801638247957e-12
-1.545746747074429248e-07
-6.039002559444726852e-14
-4.380203233848538117e-12
-1.093468193557751310e-07
-6.743976100630590596e-12
-2.162044504495527626e-11
-2.268391151287131995e-14
-4.010119332233853083e-12
-1.131749725480775963e-15
-9.413205982300479328e-12
-6.508234770469110590e-10
-2.147153963266689859e-11
-1.183076783654200454e-12
4.448884606991676325e-13
-3.855521685758363424e-12
-6.525187770748923202e-09
3.908969184083554986e-16
-1.452358461884764942e-17
-4.474733887557263557e-13
-4.274636904268350583e-15
-2.208262345927669601e-13
-1.423054281924665932e-15
-1.585477555274015965e-11
6.242660228078508675e-09
-2.725172161770227402e-12
-4.557310309048131556e-13
-2.512463238493468799e-14
-6.194899131814103949e-11
-5.435807217426473821e-07
-2.051287895788461041e-12
-3.047096699055089963e-13
7.820135265634191369e-07
-6.608369210918453279e-13
1.539748232729568465e-18
-3.818928561158765531e-14
-7.430277871069560954e-11
-6.531503720579786587e-14
-5.532615555491747066e-15
-3.494244730802153382e-14
-9.693364112039641602e-19
-6.721211276958013269e-07
-5.162332935931366454e-14
8.528067045492557935e-15
-1.720984941516194910e-15
-4.269348397508363150e-11
-1.655915961830796110e-11
-1.939454411001125071e-09
6.286584772611103186e-13
-2.643837763142058300e-14
7.256717449686298066e-07
-2.782900238874878143e-10
-1.750703512265696861e-16
6.431147754020663747e-11
-4.945728777909172608e-08
-1.875199266117741461e-13
-2.978446713254008943e-15
-1.309448464156158141e-14
-3.498273772268881100e-04
-2.119447048481062029e-11
4.128061121964859308e-14
-2.918800161946961437e-18
-2.514179536482595290e-15
2.482155612136202074e-04
2.642825626188480177e-13
-7.201707688408905466e-11
-7.508251663058360890e-14
-7.279831971612876632e-10
-1.289169398738720141e-10
-3.046118983353745639e-12
-3.373543762192796847e-12
-6.822561463728550817e-14
-2.029844956954928827e-14
-3.770042854705602928e-15
-3.050509643782318700e-13
5.656372066007269098e-17
-4.869561762668114474e-13
-2.128452716340636665e-08
-2.864617120029199798e-12
6.573714300769665332e-14
-3.434928890896203939e-10
-1.066897047402193950e-11
-1.394414554099384446e-12
-7.135962480804119934e-08
-4.525897186422766381e-19
-1.324826198366800627e-16
-1.064932326241181820e-08
-4.925580040750284515e-14
-4.271837818808912930e-17
-1.006134479910815394e-06
-5.128106672612759323e-12
-3.579649761813997473e-09
-2.937305888634160655e-15
-5.308034993949908477e-16
5.157855568223472391e-15
-2.576728136889666111e-15
8.483151040818316229e-10
-3.491074988351968899e-08
-3.659330587668162715e-10
-2.803378452022095137e-15
-2.101834484796461452e-12
1.548708504985042245e-12
2.430274350017926850e-08
-2.953990103733724625e-09
-1.164616324063165884e-18
-2.135073438340449220e-09
-1.035316384369967959e-11
-5.728439315230192710e-06
-6.509774230491456497e-16
-5.945138577977512785e-12
-3.695562976268726390e-11
-1.955909774471827018e-13
-6.209229396132579664e-15
-2.025148799615948591e-15
-1.554262934572042762e-15
-4.643896510773851816e-13
1.475306324245781827e-13
-2.994730415405357336e-14
-5.983953290317238673e-12
9.458372696872871563e-16
9.955019130365201533e-15
-3.679533678695607379e-13
-3.673818878628262406e-16
4.368378957257957741e-15
4.690547247794237946e-13
-5.746145458118232447e-09
-3.239978946582792785e-12
-3.037664364112356260e-13
2.294100049941359014e-14
-4.519823494149073688e-09
-2.583032196026680071e-16
-1.620762898140410815e-14
3.503284255578435518e-14
-3.548060215441183746e-16
-5.775955898123853572e-11
3.325141790639997630e-16
-4.739390066937827220e-10
3.793713917648422951e-15
-1.223379664205325272e-16
-3.761396718442575530e-11
-2.277519453541421865e-11
2.750490134174265750e-14
-2.699827599254617967e-10
-6.924779687681771047e-15
1.231786666086453370e-10
-4.156847996756992021e-13
-2.245724801409030473e-09
-1.486968546092551298e-15
-4.336890153432174968e-09
-4.233852960532280577e-12
-1.774596126150394777e-10
-1.401854878412322416e-11
-2.285284692651497094e-12
-4.386709341154333956e-11
2.145088233044538056e-11
-6.738614893521205651e-16
-1.789926433201397812e-12
-1.004358591342117560e-06
-1.787306247385703415e-14
-1.037254860820148493e-06
-1.225025048208880934e-09
-4.277565475612386082e-05
-5.021283353585869407e-15
-1.689788786121943675e-12
-3.747781347205883156e-15
-2.549048830273791620e-15
-3.912112008972281863e-10
-2.937996180276147868e-10
-2.955330268137605695e-15
-4.361941862026317280e-11
-4.515487262606190637e-13
8.030261093608405473e-10
-2.077853977500819477e-13
-1.077278907547230544e-05
-1.362034084919570394e-18
-4.631545608782235587e-17
-4.394608227980797697e-09
-3.510560878116684847e-16
9.266500791699593018e-11
-1.379615342256506899e-09
-5.676842415187222254e-16
-1.830407179811069198e-09
-1.339600654423518984e-15
-6.838418099700952610e-11
-4.398019925611981659e-07
-2.208910187201281001e-12
1.468129202708921547e-07
-6.141267295033292361e-12
-7.252545154861100172e-08
-1.680779229606802243e-08
-2.761348314936416262e-18
-1.142728150684011179e-12
-2.561302668089610906e-10
-4.350889661417310935e-14
-1.012512566412830841e-16
-7.900110819145868666e-11
5.956135063512766419e-14
-1.883373770175792073e-11
4.744422058612441025e-13
-1.742498052077037830e-18
-1.047496134178339619e-07
-2.038366558315430002e-11
-1.459423728180336597e-14
2.090478905085651370e-12
1.623668636371301010e-17
3.460336559874757377e-17
-6.402422328949488834e-10
9.335402150471643617e-13
-6.170436388454355637e-15
-7.578025704343468562e-14
-1.571818106087942064e-17
-1.026921437915479971e-14
-5.344639180282289299e-14
-1.148551958931946227e-09
1.354727819487040319e-12
3.282700445472328054e-10
-5.309834448050454778e-07
-4.272134126694725865e-16
-1.146563653996054346e-06
-1.118310030275043432e-14
-3.124614743164579268e-06
-5.863747188501379757e-08
-3.081467108573570811e-08
-1.395759973140716643e-14
-1.341896342286545868e-13
-1.670618069667643622e-14
-5.536105135945943062e-19
3.475023276532160670e-16
7.848375771616873386e-01
-2.041278615711971582e-16
-1.951791755952933904e-15
-3.566783470570265391e-04
-1.893573743883109321e-16
-4.531477683977699091e-07
-1.042971745828838715e-12
-1.213458799090511238e-14
-1.274080060021126855e-14
-1.540638460706627541e-05
-1.000740779423371216e-10
-8.997661487429454886e-13
-9.463488686624062215e-10
-9.628052597875217915e-10
-2.209717760839544415e-05
8.593998153307603014e-15
-1.075357294937491912e-11
6.797393333941226294e-10
-1.320742911563343745e-14
-8.091165305077792524e-07
-1.993983712566924398e-11
-2.840879443002286675e-11
-3.239527443279778891e-12
-2.227259222737315592e-12
-1.207001739766572126e-06
-1.096168219558953958e-08
5.968515413953791005e-13
2.588865733601946138e-20
-2.001595885915804857e-12
-3.880241220555211905e-18
-4.395324222212196471e-12
-6.277721887148744055e-14
1.008521502089099308e-15
-1.983251034620628260e-07
2.672151306532974272e-10
2.208869519987156025e-12
-1.024310329036901444e-18
-4.460137302598340278e-13
-3.553126325330349629e-13
-2.086202405920473303e-09
-1.499842905271038874e-12
-4.274069365235999859e-12
-2.067934955481350258e-15
6.907510101314359452e-20
-4.076702642541995812e-13
-2.102304269912044182e-14
-8.482629362226469598e-12
-1.787613339500383290e-15
-2.148609117631091507e-15
-6.104733441635498797e-07
-1.777481749916976811e-12
-6.280174334432904911e-15
-1.839050734509974110e-10
-4.425822452016720319e-17
-1.186880241213073237e-12
2.498534637453472917e-13
-5.988351353104094200e-13
-2.077653337319924688e-15
-3.702290014233963023e-14
-2.473395154984164331e-13
4.032572733287861843e-06
-4.474910834834352446e-15
-1.005121139403363914e-18
-4.819763796421392499e-07
-2.006399564387667604e-09
-4.686752532879517332e-07
-2.346849996684177982e-14
-3.771302680036386088e-15
-2.709138794633286549e-14
8.014202569213827015e-15
-3.373678586243097945e-17
3.750632457435599171e-12
3.730017656882623065e-10
3.182429732105696380e-11
-5.429899240831663271e-10
5.985574188171008372e-13
-1.194315418475426189e-10
-5.726525087447071777e-13
-5.761213525662199541e-13
-1.538499461861056378e-09
-1.397430903622505639e-09
-1.525566895203636039e-18
-4.965305542680919316e-06
1.558490615951688367e-11
-4.837786454233323672e-14
-3.052124354560424783e-18
-7.461538078265658400e-13
-3.829170585653910203e-09
-6.037094373306923655e-10
-9.455276843686926328e-18
-3.322143327466021982e-11
-5.751245421978521763e-14
1.072469844415420005e-16
-4.710707894567444301e-12
-4.395252780890295040e-18
-1.145627497662597416e-09
-2.872963785676238948e-09
-2.077972375542585006e-14
-5.567888618798054815e-08
-4.246482332540814126e-09
-1.973038147709563929e-12
-9.009893646206764076e-07
-4.808311777366263765e-14
-4.840651663571993132e-09
-6.089713014986339759e-12
-7.104648340547793287e-12
-3.455140701148631155e-11
5.885426647377467891e-15
-5.273537415637933443e-15
-2.164562137425824107e-09
-3.866896185263042537e-12
4.189135845705180554e-04
-2.731267421720311946e-14
2.675231933166620823e-11
1.713177309777188894e-13
-3.375047646394770981e-16
1.311581953064689316e-10
-2.043736112737857553e-13
5.612127638741751290e-14
-3.644479333198468049e-08
-2.921398918809592811e-09
-1.413924526587145656e-11
-5.589270197499210739e-20
6.390945327221419487e-09
3.422002636361222395e-15
-1.457034258703963902e-13
-1.814459905869839754e-18
2.000193077253005067e-18
8.597874184929781192e-10
-1.742179225143537298e-08
-1.840488055694093317e-17
-1.451224337709416196e-19
-3.166856211711076827e-12
-1.890612870291159457e-12
-1.546619648541948827e-08
-2.554997032315755168e-09
-8.201291251673403544e-14
-3.307524333514885293e-17
-1.399343805601813264e-12
5.495538432105060729e-12
-8.840841470520428105e-09
-3.749822968249931926e-12
-3.216562837171184859e-15
-2.288995377477760593e-11
-7.738988721663474745e-10
2.209185813524034812e-15
-2.247900727391475587e-16
6.506823445467611769e-13
1.093655086496270371e-13
-1.198311714973179305e-11
3.040785984007381660e-17
-4.230015648744082242e-13
-5.402291252163582537e-14
-2.548676353947986686e-11
-1.569971637088199118e-11
-8.650493645595636757e-13
-3.481446761289652124e-13
-7.865557873477856654e-13
9.627929826934691091e-12
4.440020117102510633e-15
-1.371738692343224642e-10
-1.817927837472689225e-16
-1.242639065456718334e-13
-3.481965852245596427e-13
5.871353250090015586e-16
-5.245003693604956959e-17
-1.856801328421954178e-08
-4.003601899003201329e-19
-2.113498757719961462e-12
2.534254252377792124e-12
2.053970241795744525e-12
-3.725640242228473687e-10
-6.825521609775056382e-14
-3.047659399426502129e-12
-5.097052904376257832e-13
-4.516529180007281161e-12
9.097373686775321256e-09
-4.503432872277856344e-16
1.713679389269900192e-10
-9.881188577322840503e-11
-1.239559721888569071e-07
3.389260291968877230e-16
-2.537222952697057984e-12
-9.473037857062186344e-09
5.664528112836287964e-15
-1.583788972874841693e-10
-1.403845110058322281e-10
-5.580875557502301590e-15
-2.690554082657475021e-20
-2.614153290769028042e-15
-8.891369493481987909e-16
-2.489622344156685989e-09
-2.759650903420821094e-09
-7.500856206019986325e-14
-8.500283390832166514e-07
-3.035256018455051286e-15
-1.359427366587995135e-13
-7.492021927631656010e-16
-1.318734280689319112e-11
-4.311044910267450412e-16
4.513660914925562983e-15
-8.673122063477075578e-14
-2.447101596559035958e-14
3.000045066167030576e-15
-3.478683617793293907e-10
-7.452149663286536797e-13
4.855846788476402700e-11
-7.345943040916460972e-09
-1.302506682449278450e-17
-1.363979428119338313e-09
-3.274727506784848861e-11
-1.414170100093285090e-12
-1.624649970108872894e-11
1.914518860630996202e-06
-8.510838545345515564e-14
-6.015363632739349900e-05
-2.607947755678914221e-16
-1.172963674192429525e-14
8.868790821832420683e-14
7.823287139437424572e-17
-1.698964632918400322e-14
-1.908286447894765272e-12
-1.338772845164780387e-17
6.555907680285888051e-21
-2.703990487228232385e-16
-6.567253615853935333e-15
-4.869104345444642867e-12
-1.493527598690561687e-11
-1.088575221810331158e-15
-9.178799073380327498e-14
-5.867336548385718660e-15
-1.692662264428582933e-08
-1.315959393045889606e-20
-1.644277884002127174e-09
-5.844306881260248256e-13
-1.109593996255149389e-09
1.494244795215193691e-07
-9.796861315019259204e-12
-4.445575906745981197e-11
7.209634201915535070e-13
-7.009629872163258251e-16
1.936517733396132971e-09
-2.110528459180465700e-15
-1.436588337750026336e-12
-3.797160963375503489e-11
-6.879263527019460983e-11
-3.847120439360508471e-10
-1.167452403733940713e-11
-1.221260298465843247e-08
4.563582524055136862e-12
2.276213311250699130e-12
-8.838045788533526588e-15
5.334492946031030844e-15
6.147129926963582722e-14
-3.034443776350241530e-04
-1.131709152993441641e-08
-2.129252956559403677e-09
-4.511909688376617153e-07
-2.376967886813419184e-16
-2.685055974345055325e-11
-6.071767153472158824e-16
-7.734282502894110151e-12
-1.504150873333965128e-10
-6.855606645236151033e-16
2.565613368867172339e-10
