-2.739449444784396992e-16
-1.503598830111296756e-09
-2.081138085448414066e-11
-9.075507289553979496e-18
-1.362792009736363686e-11
-3.914675384588644412e-11
-1.029489828540240316e-12
-7.291344339067152305e-10
-5.952133101766316353e-09
-6.729956524948247609e-16
-1.067942324306320340e-14
-4.176285570424534008e-11
-4.213358063211855706e-11
-4.800449906518756912e-13
-8.114959139123580387e-09
-3.596905733638759836e-05
-7.295028683743088326e-10
-6.055675496664815978e-12
-2.211380224010198659e-07
2.156358637073298329e-12
-1.867338683743026867e-17
-7.862256207551112742e-10
-9.398750983347738590e-12
-5.438876604111114252e-14
-1.107893269630990438e-17
-1.506408578801581767e-10
-2.695936665559853383e-12
-6.158297105134138269e-13
-1.407139925136004777e-13
-1.227691683863705752e-10
-1.686103588990814905e-09
-4.207919787011360532e-14
-1.214107221530287338e-11
-4.555398272928357226e-12
-1.509858105411880356e-12
-2.628234937662735643e-17
-2.972712065561125601e-15
-2.663507967852507910e-09
-1.034775244497584891e-13
-3.669718134630355736e-14
-1.818412331233474054e-11
-2.846953381741730434e-12
-1.039970745800086253e-13
-3.805783887370482861e-14
-7.116632046528945487e-12
-6.348409301630061994e-13
-9.012215274743478337e-09
-2.483543743387442373e-11
-1.362483602606044842e-16
-2.259134965956760056e-19
-5.917689632612456845e-16
6.805481784677944921e-13
-1.010607563392311447e-15
5.395779588754251646e-06
-4.399184795248544694e-12
-1.421017752683609309e-08
-5.400843247351194429e-16
-3.447772884254832593e-09
-1.882328943144201388e-12
-7.280524186250762097e-15
-2.632562335723680585e-10
-8.894727752480136519e-11
-4.942438903121877438e-13
-6.697263668810926999e-12
-3.231072609050140845e-13
-4.255352257036995637e-12
-9.468691273262916930e-01
-5.842087895455491085e-08
-7.066223895354576371e-15
-6.498474113345486858e-13
2.375413064451659154e-10
-2.311416545393959188e-01
-4.726460521974113963e-10
-2.729841154752886041e-11
-3.362279150482933832e-13
-1.513874031974257130e-14
-8.747902834546332445e-13
8.914146591603324490e-21
-2.365066028600366159e-18
-8.183413358831903203e-11
7.506659934156076039e-10
-3.348463514274498526e-11
1.423502706547821513e-13
-2.062952776137568816e-10
-8.092800171086598989e-14
-5.529876904883151781e-17
-1.548832767952519087e-12
-3.506116506396880429e-11
-5.702702775600276157e-12
-3.958023797624490059e-13
-1.464249829439154370e-16
-1.272750385065577898e-13
-4.818441378883888232e-13
-1.005846679165718622e-12
-4.566649233156427851e-13
-1.117191647940473101e-10
-9.358823752344598154e-16
-4.312933790102643980e-15
-7.283247328451686726e-12
-7.533696240819697678e-10
-2.277486872839352254e-11
-1.047506557772686737e-13
-1.287733500006204630e-11
-4.426680052385443892e-13
-2.342796123888219434e-12
-9.727657525693432043e-15
-4.530755735393099905e-15
-1.651525242098679674e-07
-4.702039817576665055e-10
-7.757813679046800141e-13
-3.258455813910260114e-15
-3.048673323442608410e-12
-3.770753029974549085e-12
-4.660791264194624945e-11
-5.736018212495667967e-15
-2.388899453038552013e-16
-3.631963731170435142e-17
-3.447297765584493237e-11
-3.773736428018565363e-14
-6.526279813640409664e-07
-2.595719844440281031e-15
-2.268511368964829940e-06
1.793445021585563156e-09
-4.704698291952056446e-15
-2.071955037182249133e-10
-1.132014445434093603e-11
-1.740547827744358391e-15
-1.511053686916138107e-15
9.849452096710787119e-17
-1.716309330467118409e-10
-1.934148549795136560e-10
-2.529776595926668596e-14
7.803300633804258497e-14
-2.184838564021390912e-15
1.032942661093798492e-14
-7.861122586412977249e-13
-1.627263049412465567e-09
-7.757581082713019985e-16
-1.208500262239172722e-06
-1.450663132062802438e-07
-3.191049978903944829e-07
-7.359062353427564728e-13
-1.611654083403116259e-10
-7.868850998732289342e-10
-4.180077825913699396e-12
9.230064365606436043e-12
-8.697593989090462108e-12
-2.502486665792718711e-12
1.557564399234339817e-14
-2.109978970051238127e-13
-1.533939075497624633e-08
6.375625784475017340e-11
-6.720392296271985134e-19
-1.823444950628268991e-07
-1.045442486063229219e-11
-3.308885286315557593e-13
-2.225826484101094803e-19
-3.643461020782035201e-13
-8.361733638664072772e-12
-7.914860809173029021e-17
1.417239971993208281e-12
-1.063720293309802405e-15
8.130789602473091318e-18
-3.305287649592437895e-11
-5.106625381833947261e-14
-2.598462008248129608e-16
-1.048088869335390450e-14
-7.064758934872814872e-13
-2.767959271179704748e-13
1.289702380785212422e-14
-4.890805201368360853e-15
-1.149828490577003438e-08
-1.680316441064325081e-10
-8.813409120405554378e-11
-2.070174053977040215e-14
-1.318015516102195132e-11
-2.665989460647222183e-10
-7.193498269603708852e-18
-2.670621542552408739e-09
-6.072363598465631492e-16
-9.736456734375553636e-09
-1.484729976001864038e-10
2.893985025598663113e-17
-1.522340964034209242e-04
-3.227353315130433484e-14
-2.208524817127124669e-12
-2.520375375467238367e-13
-8.221482530744582416e-09
-1.564093745291132584e-10
-5.118094089403783233e-11
-1.616298286010753305e-12
-5.781276902401724166e-12
-2.137621541888445001e-06
-2.486880961380858065e-08
-8.180537057432596366e-13
-3.994170870003451592e-13
-3.045120157178984553e-07
7.722382863355142079e-12
-9.154766663176690845e-08
-8.862106100046886534e-08
1.252085706261387640e-18
-8.751658031433336453e-05
-3.286118334652532106e-11
-6.299200503856911707e-13
1.067250310158000321e-11
-7.498274735479854929e-12
-2.518218904017470612e-16
-1.631370784428826257e-13
-2.402159291338702181e-15
-6.399442270915872530e-10
-2.047745027586852158e-17
5.973701066694721149e-16
-3.957126714176688435e-06
-7.807783680458761143e-10
-2.558269356415900996e-09
-2.310006746882754714e-14
-3.213183693735234905e-13
-2.007220718950334393e-07
-7.184223069303434369e-11
-1.014010316146804003e-15
-2.463067172358369138e-13
-1.619221135959993534e-15
-1.089801460738312485e-14
-6.245860755125265434e-12
1.470501273174805757e-12
-4.129786624572338860e-02
-4.442661233665806821e-05
-1.388247798814480730e-15
-5.773482778020010152e-14
-9.658516542249847513e-15
-9.885270074508499361e-09
-1.331240805543357381e-09
-1.974744533836777041e-09
6.357270792865131300e-13
-4.642665403436971208e-11
-1.246748494072179995e-11
-9.211966103674214716e-15
-3.206285602346590579e-14
-4.414327864835746459e-11
-4.915269621673624631e-05
6.927298181253252261e-09
-2.262762809047140519e-10
-1.121875376089113242e-14
-2.253680386358071477e-11
-2.678431953072329340e-11
1.845226653601930643e-11
-5.715552116188147951e-10
-1.944029312438069412e-14
-1.039078276467544915e-02
-5.592252742184090651e-13
2.675275693804885534e-14
-1.017581755698574106e-13
-1.835204934051381945e-08
-4.515644342488296540e-12
-3.330143992308309505e-05
-4.924787516280974775e-17
3.558127029649362481e-09
4.781165666055894599e-15
-8.094324654839028300e-16
-2.711230477636070547e-13
-2.100446836842546332e-16
5.070135432986567580e-13
-2.810043470668787542e-17
-3.234067182492692781e-10
-3.460642487834667185e-08
-7.286133855573491695e-08
-2.205895058967552014e-14
-1.319019569689212117e-14
-1.569363163051397895e-10
-1.742584962692221640e-15
-5.682913767908889478e-16
3.454100778430852910e-10
-8.330014763463745070e-13
-8.935542894333246395e-15
-7.723190016220484249e-17
7.238233625935943089e-08
-5.816470242820817722e-14
-7.783465530463365978e-13
-2.350631688237665710e-09
-6.999476897210417913e-09
-1.009694271268836090e-15
-6.141442479134094230e-10
-7.171044619812896944e-13
-1.771247325680999230e-14
-2.228215900202534372e-14
-2.807935057288586367e-09
-3.212872351796771972e-07
-7.579369724321179165e-11
-7.280053216632003621e-11
-1.145700576083595119e-04
-1.312993324393814686e-12
-1.831955073756998951e-12
1.422789314926325610e-19
3.437052342133870959e-12
-9.347153362027425209e-15
-1.715266323053969680e-12
-5.127944642509964389e-14
-5.844057254354131896e-14
-1.007052766022574905e-09
-1.359928932731098624e-12
-3.613564294092270523e-14
2.336523556293116279e-15
-9.896674288306384095e-12
-1.824380508655871559e-08
-4.000082193893186082e-09
1.260343570554756751e-16
-9.914943625036810577e-13
-5.480741292046883495e-11
-4.043076938627559379e-09
-2.132390884079987186e-15
-2.431500688736265382e-15
-1.303303343759668301e-12
-1.710260122826614491e-13
-1.027304613725792393e-13
-8.858587188198837273e-13
-4.557032241995262653e-13
-2.683281295049735500e-13
-6.816493961140868519e-15
-7.286561518065086471e-10
-4.696722594179785044e-07
-5.443727101259793496e-07
-7.741448915263152281e-14
-3.314248686358552943e-12
-5.553604604973175434e-10
-6.975841057887980781e-14
-1.524596611818897280e-16
-2.184050192108747934e-08
-1.444008820168862515e-16
-1.129039822102124822e-16
-9.669020811091692731e-08
-3.720593882504130990e-10
-3.014160173424000886e-16
-7.431530265123196528e-11
-1.885199146032605220e-15
-3.116767570878009763e-14
-7.403915789823722764e-07
1.983505693728732857e-08
-1.867012046743184973e-10
-4.757837589306207100e-12
-4.065255710952897795e-09
-6.676219593563116523e-14
-2.304776069183983532e-05
-8.716842561127619365e-17
-7.175642431216817595e-11
-1.617944850436960827e-12
-7.776633936693740034e-12
-1.135031372451701530e-20
-5.136227495116274955e-04
-3.052564105470576262e-13
-1.810844786195752383e-12
-1.393605192407391864e-08
-2.018036479830868683e-09
-3.639187212720263471e-06
-2.197631217941274294e-11
-2.567503771349003591e-10
-7.280911276555338017e-09
-3.013660007911068949e-13
1.018585983171938333e-13
-3.482370749747712097e-13
-2.927883344487498919e-13
1.568916357293239374e-17
-5.329453335107091873e-10
2.122724021386004996e-18
-4.780308978732187081e-16
-2.398202614646445383e-16
-8.681839160789969290e-15
5.130864930205470880e-09
-9.804820196203067245e-13
1.093762599464495399e-17
-2.361772952456347067e-09
-1.502513727246379695e-07
1.002593843575517907e-16
-1.385412120155101840e-13
-1.141106506850964662e-12
-2.241910863160652553e-07
-1.093461400277806013e-15
-5.172213406229696975e-11
-8.976801537984010072e-13
7.816186134484692640e-14
4.345582292293043015e-15
-4.075615462656706509e-09
-3.304484273516759457e-12
-3.013841895391641863e-16
-8.384993999447572561e-17
-1.679735516244706614e-02
-2.356337946946944196e-11
-3.484047142383136494e-14
-4.234856896900728141e-12
-1.673392963462641375e-17
-3.702382973586205276e-12
-6.060980367366948462e-13
-2.093375381445080127e-15
7.961431714319125479e-14
-1.867719498198813062e-14
1.115129190711155023e-13
-1.097786875811947617e-16
-6.956564251081022981e-11
-2.665999953507815313e-13
2.396618519099939499e-12
-5.231222260325273258e-09
-3.141801630734277258e-12
-7.019117609885513402e-10
4.310658326131587591e-10
-1.282090675533405104e-12
-7.805817966067477298e-12
1.579704646548457913e-12
-7.320190062385719616e-16
-1.087107525197239715e-07
2.065216026492018055e-14
-7.031917573869678649e-14
-5.883428380693105275e-11
-8.905478537165148664e-13
-4.545568232516718339e-10
-1.224444319025065258e-09
-8.821160695307180977e-12
-6.025162212641122169e-10
-3.300966387737144858e-19
-2.357174417618495609e-09
-1.009380385437909718e-10
-4.875450590961797541e-14
-2.636320068235969508e-13
-1.231723228841220495e-13
-1.820726357333977339e-09
-2.074567922109650333e-17
1.415787482239185358e-12
-2.742023033944510549e-13
-9.148307001096733314e-22
-3.255457200867151494e-13
-5.168605317930073399e-15
9.298924375401828179e-08
-3.065821681210155600e-13
-6.403074686557541569e-12
-1.042434344181402726e-06
-8.639217198639808855e-16
-1.161502256248786672e-11
-5.079431481958630185e-11
-4.908641276410633652e-12
-1.490785152013638409e-07
2.415013814203408840e-12
4.514201690449333216e-20
-2.360660265746779728e-09
-2.892319665388350056e-11
-9.657716497402675583e-17
-8.603288993427749550e-12
-1.037430377890747408e-13
-5.984049423779526110e-13
-2.425920826133452934e-16
-3.840042082962691075e-16
-1.477205151505673250e-09
-2.418743556140785991e-12
-1.613778464399450778e-12
-3.835473234817967222e-14
4.306902173720976344e-14
-3.784535158836127051e-12
-2.568515149071805117e-11
-8.070859164196514272e-09
-3.662901611778542192e-13
-3.249385012493502219e-17
-4.954688705298591869e-13
-1.048517257648222983e-07
-1.478245429908143889e-12
-3.967015641173951367e-13
8.083434998793000142e-17
-4.886423867156308595e-19
-5.693935891986474484e-12
-1.020470344708475571e-11
3.084573944903124666e-10
-5.215425930069472124e-10
-1.230227527612305483e-09
-7.516547870149224297e-10
-1.278924958347211390e-11
-1.338021907627573450e-15
-3.268348152756348731e-11
-3.698238041584575707e-15
1.867329265298799431e-18
-1.719475069026052629e-09
-2.998486616503198072e-09
-4.492938867464891500e-17
-5.235254633108382395e-12
-6.223614099696538051e-15
1.159572635224243961e-13
-3.125187855175232111e-10
1.376609399999717022e-08
-3.780284293901900712e-13
-2.145406715538449719e-14
-3.570533328598167215e-10
-4.514515745522619477e-13
-8.522682226624963192e-21
-2.424348312539663371e-13
-9.573284300784732939e-07
5.241394771715997774e-15
-1.890944948337231324e-09
-7.984068642498130630e-15
2.977063107380475002e-12
-5.915093934148924564e-09
-4.323380443453717632e-12
-9.671879061465731354e-14
-1.753295405732037200e-10
-3.779621695289717721e-13
-2.753096535540909953e-11
-3.589786541051892506e-15
-3.369540369752487679e-13
-1.975211862857417287e-13
-7.525950964607402762e-13
-3.858064457789078348e-12
-8.901041853553667408e-07
-4.257679627473424421e-16
-1.329660205038947937e-11
-1.556681933688844367e-07
6.496564016527612106e-12
-7.285001514353905040e-12
-1.820531266208937879e-07
-1.394177398020268146e-11
-3.530561145510189197e-11
-3.935718702603435107e-14
1.113732272390126199e-09
-1.726989949302606820e-15
-1.536919994088118310e-11
-1.112797655603388884e-09
-3.501313702296956350e-11
-1.929779215002039834e-12
-1.570079445414634433e-13
8.064088723222329950e-10
-1.033660448546715447e-08
-8.389275165567161133e-14
3.954363358418555864e-16
-7.309707432999269994e-13
-5.712075476839826710e-15
-3.574799016098742666e-13
-2.432034786809160313e-15
-2.590799342568334985e-11
-1.631416483454282841e-09
-3.678532192203434719e-12
-7.686629260019231738e-13
-3.183679948594655523e-14
-1.065988859721021986e-10
-8.874786536566836145e-07
-3.343270264028043214e-12
-4.725925392039988871e-13
-2.032972549496281111e-07
-1.044846335539578961e-12
-5.362062973739293967e-18
-5.707973508022272243e-14
-1.173201005347174343e-10
3.203784739188993814e-11
-4.585241064486544775e-15
-1.292657541698712708e-13
3.047668053990498731e-18
-1.659189094834326783e-06
-8.909197742875892088e-14
-2.386228345669770545e-15
-1.407360374913044244e-15
-4.146014810035138280e-10
-2.701884712556884508e-11
-3.356522927362909257e-09
-3.329895863264933366e-13
-4.276465618890686133e-14
-3.211616801598426922e-07
-4.524746516290461622e-10
5.758407520883546478e-17
-1.189563399819922514e-11
-6.181978962426511773e-08
-3.108673402319982785e-13
-4.787482775831929296e-15
1.108144396479372208e-14
-5.599263837569672629e-04
4.705623633051749249e-09
1.428257993773679325e-11
-4.462634171999074855e-18
-3.798734508487183374e-15
-7.054982478449823170e-04
-1.179492478864526753e-13
-6.897858315302419343e-11
-1.797654317922936960e-13
-1.186996974729902993e-09
-2.107390088046950097e-10
-4.078285205331611257e-12
-5.159413019704673511e-12
-1.111485126966760600e-13
-3.341088532260964468e-14
5.888457627099188278e-13
-4.824625350099431061e-13
-5.014051579281486044e-17
-7.561173401667273932e-13
-3.682357734035525554e-08
-6.619698169888797592e-12
3.767780883930488499e-13
-5.449323825577897468e-10
-1.738635423056840110e-11
-2.295319378932800335e-12
-1.181829922591578210e-07
-6.698922372589303567e-19
-1.896371919718640814e-16
-1.739080038999058445e-08
-1.229669335008738105e-13
1.178765832059065786e-14
2.236641899766737070e-04
-8.097562770503330744e-12
-5.847633702545249158e-09
3.513108089483738613e-15
-8.148797879334783565e-16
-2.975353990231160100e-15
9.068390299961919088e-15
-1.053261381385435824e-10
-4.262459147876335539e-08
-5.944833282680117469e-10
-5.027779607211801793e-15
-3.406598690679889165e-12
-6.943734369436639513e-13
-1.279578919927576519e-08
-4.667058835763283073e-09
1.429413330643988356e-16
-3.698976659962514233e-09
-1.267497380386269944e-11
-9.604062029019932686e-06
-1.106465429272002717e-15
-9.714430605177087356e-12
-5.043827338393994677e-11
-2.884318240266046696e-13
-1.013389104720049682e-14
-2.992823027945298800e-15
-2.558878846728277186e-15
-7.535017335631385481e-13
1.372199928015649074e-11
1.914216655671077092e-14
-5.472552812623654363e-12
-1.599573403533563887e-16
-3.920657274678174520e-15
-1.430791919915546054e-12
-6.297402256543962234e-16
-3.607447449442086351e-15
-2.435800407804752517e-13
-7.581503978510448594e-09
-4.950802745004870589e-12
-9.119413189854120517e-13
-1.159498946412389068e-14
-7.324029623170237476e-09
-4.541737598749721095e-16
-9.545380851872898921e-14
2.086525648285877711e-12
2.409507217356629981e-14
-9.237479317346186274e-11
1.953087343095134609e-14
-7.787278263339245746e-10
-2.153101277748366927e-15
-2.330871717685038009e-16
-5.536420950501385203e-11
-2.609200044344762464e-11
-2.180452829556696897e-14
3.814350319261980198e-10
-1.108775879255050678e-14
-4.909707062575992220e-11
-6.560295535679089992e-13
-3.625858170048868636e-09
-2.354382620592957289e-15
-5.158107844814835105e-09
-6.714150151510586196e-12
-2.820748840092882464e-10
-2.199966986641589041e-11
-3.521908256149458264e-12
-7.241101647878800066e-11
-8.405466729283759433e-12
-8.177549205632587433e-16
-2.900499008683675668e-12
-1.581156022973788596e-06
-3.032671116805815172e-14
-1.638231946320433931e-06
-2.000340942603331146e-09
-6.714810435883453664e-05
-7.985404643592057526e-15
-1.790884546429685457e-12
-6.454342584187147669e-15
1.120592011296018726e-13
-5.853528853813124568e-10
-4.675702926152770064e-10
-1.303510381246418221e-14
-7.123900529389033606e-11
-7.207240963135604739e-13
-9.773863522585008443e-08
-3.830299467520520564e-13
-1.758544098739362715e-05
-3.792997023729451872e-18
-6.321782893591217701e-16
-7.031274032542588822e-09
-5.384325806170882019e-16
-2.914259923234131005e-10
-2.186253889811484435e-09
-9.892019050446763811e-16
-2.869356769706449306e-09
-1.355899753688990137e-15
-1.122750490951461306e-10
-7.054852092073164864e-07
-3.643421743561967706e-12
-7.029340936238160020e-08
-1.002586566032420873e-11
-1.138573457956678163e-07
3.736378859737052489e-06
-5.348061457781941206e-18
-2.001205322298498235e-12
-4.184420522722925808e-10
-5.362322253954685937e-14
5.464011727180066711e-15
-5.099639876455140789e-11
-4.695561310006642755e-13
-3.089455042698516411e-11
-2.368317070812674796e-13
8.158945700742603053e-16
-1.711098534944342255e-07
-3.356018152740615749e-11
-2.273034552176119417e-14
-4.770327963182973876e-13
6.223445699381371896e-15
-2.185283888044622159e-17
-8.006004008028852111e-10
-4.329427936257172421e-13
-1.021501456122875920e-14
-1.176204439507020787e-13
5.234290163823101049e-16
-1.852983658420120693e-14
-8.018661287018153530e-14
-1.826187074765903519e-09
-2.407592740428479385e-13
-1.310062538221315251e-10
-8.335226833525519013e-07
7.417160207459726493e-14
-1.901532098655904510e-06
-1.771227421906368068e-14
-5.084454399151377123e-06
-9.265166262574616505e-08
-4.866513448014655774e-08
-2.295018251677241472e-14
-1.946975033577703772e-13
-2.728486416948286206e-14
-9.439994626857035927e-19
1.181706447221030355e-17
-2.040306145788477188e-01
-3.463711155332021715e-16
-2.125691260312249886e-15
7.928973800948435624e-02
-3.138560085360462445e-16
-7.278537008500107156e-07
-3.127683263122415165e-12
2.634521446175523567e-12
-1.732933980106869760e-14
-2.515341799260102627e-05
-1.743612800381092916e-10
-1.545636871079996004e-12
-1.567717926397667022e-09
1.492136614781153751e-09
-3.608329746366443846e-05
-2.339346015055861969e-14
-1.766904617204586817e-11
-2.753580618486762497e-10
-1.729408378439035931e-13
-1.344978079161785659e-06
-3.140521766888489689e-11
-4.703644972107207290e-11
-5.003667119234029478e-12
-3.360651412029386971e-12
-1.970298356505782404e-06
-1.131723264107670997e-08
-2.372505297032800218e-13
1.625427897721192611e-19
-2.846646924634351873e-12
-6.973158860871707498e-18
-7.993969805969124729e-12
-1.002840473885150055e-13
-3.288934497464232217e-14
-3.282714398140168664e-07
-4.756157585470074969e-11
-7.823156655453486914e-13
-1.557459321008185069e-18
-7.106371352981032218e-13
-5.627386255977487584e-13
-3.528985358097688740e-09
-2.526040679623811179e-12
-6.737290081258975504e-12
-3.267740119882294954e-15
-2.079362140475471319e-22
-6.140998677528482144e-13
-2.864320137284416013e-14
-1.381103528447746487e-11
-2.768032702012282448e-15
-3.059888285568634770e-13
-9.586015417692105238e-07
-6.393283352215438796e-12
-9.898135313055926058e-15
-3.046323294655410803e-10
-1.630146256123104420e-17
-1.881724512442020579e-12
-3.977433784890789329e-13
-9.003734219298520971e-13
7.149785638045801503e-14
-5.930459366231861373e-14
-4.280005044585163049e-13
-1.913308898207689353e-06
1.838256243022502565e-16
-1.261998915284951443e-16
-8.331804312509044752e-07
-1.897367214368581746e-09
-8.101084807335499459e-07
-3.113858518830409842e-14
-1.002141518545616940e-14
5.404608269270145488e-12
-1.741265650959450485e-14
-4.194704655798623210e-16
-1.186929860989122293e-11
-1.152368271156920958e-10
-7.078573221022428557e-12
-7.276841469908743990e-10
-1.079711800928872210e-12
-1.963985003813916822e-10
-8.993726693170764957e-13
-9.680087598165508919e-13
-2.629235653316098595e-09
-2.276280862314240864e-09
9.050136949946631252e-19
-7.794412403900964872e-06
-9.522178963998769208e-12
-5.869007452780124698e-14
-4.954346281978917379e-18
-3.512551219785321458e-13
-6.015709716856867213e-09
-9.495831009622119522e-10
1.807535527605836930e-15
-5.457476772240744512e-11
-6.906084105590565537e-14
-6.682113873966498408e-17
-7.361767727732026852e-12
9.710850614447429807e-17
-1.897595627931568616e-09
-4.759611824155166557e-09
-1.874091775506808860e-14
-9.641277696928006338e-08
-6.186508124657822878e-09
-2.356478345475713757e-12
-1.441270088609526169e-06
-1.229951144177155713e-13
-7.754312636739297917e-09
-7.632651391489758453e-12
-1.123638593982917705e-11
-5.924853737924468579e-11
4.068660885193346944e-12
-3.282154907641705490e-14
-3.451088495955968019e-09
-6.485068663736438306e-12
-7.346167359422062389e-05
-9.879051259294741030e-14
-1.747912600495719019e-11
-2.308841742755412170e-11
-4.615827036105572039e-16
-1.444790938826124813e-10
-6.724795770154473075e-13
-3.401791056376682394e-14
-5.721259572547409504e-08
-4.784706255586840885e-10
-1.793394394538025129e-11
-2.986429123168105211e-19
-2.253620668586436641e-09
-3.103558644193340553e-15
3.748791835885345034e-13
-3.091091020607812312e-18
-4.815125236449092100e-19
-3.811351597820938849e-10
-2.749264414909684613e-08
3.121413244050931334e-17
-1.820902050526699686e-19
-5.002138115497158138e-12
-2.979737288796072904e-12
-2.465547529069600057e-08
-4.060758964012858980e-09
-2.348102300400495040e-13
-5.242995288568662432e-17
-6.458906832211873707e-12
-5.602625333040332531e-12
-1.438587243392662383e-08
-1.731054835974717468e-12
-1.612086985405630583e-15
-3.613262052006055103e-11
-1.263937616216585301e-09
1.483028544757001482e-15
-3.973749820518248744e-16
-4.520504960209736925e-13
-1.248166532661525391e-13
-1.938999584135008146e-11
3.465591721308782622e-15
-2.958452223631481025e-13
-1.049007725011006278e-13
5.553317130185809420e-09
-2.583799148673407993e-11
-1.413315981768974633e-12
-6.242817424196507709e-13
-1.276860236739041102e-12
-6.174787985285458004e-12
-4.359511653386578498e-15
-1.573047184903486203e-10
-2.782374599204606092e-16
-2.014936739658132070e-13
-5.463225820404295538e-13
-1.045132102898836019e-16
1.169445168772691489e-14
-2.915614557383752452e-08
-4.338018643434947027e-19
-3.196193271677199533e-12
-6.649846497670645645e-13
-9.675247423927727271e-13
-4.036207280976165193e-10
-1.109372863466293074e-13
-5.028899297258576945e-12
-9.064722324903991817e-13
-8.401444730595145888e-12
-4.066206855906395061e-09
-7.248264565310012606e-16
-5.071537347079799943e-11
-1.559744438701444427e-10
-1.850435368956534426e-07
3.126431316915277168e-14
-4.155525528991163830e-12
-1.607667634027288625e-08
-4.490326861138349469e-15
-1.604798796545979719e-10
-2.271459881772490077e-10
8.692930348184450597e-15
3.210274123986618025e-20
-4.291274632379023020e-15
1.989212962439842711e-13
-3.978248037804209302e-09
-6.780043849740252131e-09
-1.223473235037759771e-13
-8.517473977306063838e-07
-6.361554849780803278e-15
4.382717998543585444e-13
-1.184901346861225147e-15
-1.871503305036173462e-11
-5.800857861299598195e-16
-8.862795064000445854e-15
3.107488936885930186e-12
-3.997433984349395988e-14
-2.707925730949513005e-15
-5.765185556558321805e-10
-1.176834475551772386e-12
-8.845223081995037892e-11
-1.199648359871097201e-08
1.704166309207091760e-15
-1.709428682525740862e-09
-1.801137167932010784e-10
-2.233948575289977871e-12
-2.812239145269045474e-11
-9.094593834767453781e-07
-1.387349813002042978e-13
-9.442743495608389530e-05
-2.735171510477329828e-16
2.168497096882127909e-12
-1.549420884507683268e-14
-7.404076720597505931e-16
-2.767958435875661718e-14
-2.385255660058104869e-12
-2.185402459203666584e-17
-1.014663206832112036e-19
-4.852041451442377129e-16
-1.066220877302550598e-14
-6.525196217421305742e-12
-2.502146285476521376e-11
4.312572095408702881e-14
9.460523538809741327e-12
-9.010727978423170349e-15
-2.761634228416377493e-08
-4.288094005595152809e-20
-2.620714762959606166e-09
-8.221812083759524485e-13
-1.227797938240115928e-09
-7.110217783664217293e-08
-1.600602433126216413e-11
-7.358449307845833488e-11
1.739389740859716064e-10
-1.320034341031504740e-15
-5.543652515550664180e-10
-2.980047248137646210e-15
-2.161021971599975413e-12
-6.069319892054647584e-11
-1.078005591349130398e-10
-6.152915833309833893e-10
-1.690100352762539169e-11
2.714833089191204453e-06
-1.359712129943033516e-12
-1.257598660109481198e-12
-1.175007872570646089e-14
-1.973888360419398800e-15
-5.154596840367747902e-14
-4.538794951152938387e-04
3.142621697602138809e-06
-2.706794398126657673e-09
-7.478036709973424754e-07
6.014950965285536954e-16
-4.431102776316098676e-11
1.876150422235276276e-14
-1.185814598776618375e-11
-2.406842997856173940e-10
-1.156836183201603202e-15
-2.052186776210004638e-10
