-1.012184309465812213e-15
9.075106923386573210e-10
1.573792749131801361e-11
6.804464437450264987e-18
1.268251342594257979e-11
2.236353292152674676e-11
6.367411021222486885e-13
7.113866501052789248e-10
3.790566543107331231e-09
-1.614768820851316623e-15
6.450247733420488911e-15
3.189089321030041272e-11
2.709586227736324746e-11
2.255124749062537696e-13
4.897544358536696413e-09
2.202617018578319956e-05
4.461760537621439701e-10
3.758952641549300484e-12
1.393633306454306698e-07
-1.408863034115585188e-14
1.151808504607419615e-17
4.855267616959724616e-10
2.106490224238033342e-12
3.456595241314278348e-14
-1.094857610121804769e-18
-6.001546125579234389e-11
1.701979283639339041e-12
3.747463881557505894e-13
1.306540614332772625e-14
-1.097597750377966450e-10
1.040315330740964675e-09
2.391660248883569663e-14
7.983922586564369114e-12
2.981948792780275066e-12
8.351596038561808305e-13
1.405295516719835962e-17
6.646672130359687833e-16
1.605914903551599842e-09
3.026580259291533329e-14
2.042933275284998060e-14
-4.099995078245156652e-12
1.870765364604083596e-12
7.639369961964244064e-14
2.321348245547384176e-14
4.338294243191626340e-12
3.875755428847020857e-13
-3.170267879948449401e-09
1.650341508847316866e-11
-5.374117093288932614e-18
2.713771354099725976e-20
4.242334974127187326e-18
3.363221573066962184e-15
6.176851340589045921e-16
-1.597831664349481184e-08
3.745007263140483008e-12
1.160821131220242775e-08
-4.449703267414224303e-16
-7.610114052581500768e-09
7.215092251403746090e-13
5.879147916352829076e-15
2.126424219781308093e-10
6.926585197409053842e-11
3.046284550668267849e-13
5.437829888785299731e-12
3.269659383785502721e-13
2.625656938444115791e-12
6.031913954802615718e-01
3.527303559218580908e-08
-3.043180765331673550e-15
4.355202666300646300e-13
8.544929978866307865e-11
1.395249810046497452e-01
2.894794858723079145e-10
1.669095501218637833e-11
2.086857644277776580e-13
3.143531152697098212e-14
-5.835312249827756306e-15
2.417324192333397456e-20
1.041787577500390911e-18
5.018441407243132405e-11
2.458773628734347435e-14
6.538180331752481834e-12
6.482604946346424404e-16
1.314194339474313213e-10
4.908395048055724453e-14
-2.680811621621185643e-17
6.278694795274090293e-13
2.148059074219838778e-11
3.438555230039614353e-12
2.015038855640752056e-13
6.617467455775292341e-17
7.593332435382215796e-14
3.040317293534326859e-13
-3.104437194399955392e-12
2.794840576612262723e-13
-3.038584429261615522e-10
5.237492665675376309e-16
2.676948827966421955e-15
-1.572379112234584422e-11
4.804801512943517762e-10
-4.590013215240389981e-12
6.609583871386842580e-14
8.495548234079490913e-12
2.861499424641209951e-13
2.003769048443798931e-12
-5.448873146727458610e-14
2.677161930451863025e-15
5.729857054183283257e-08
2.917907538848069736e-10
1.869134971002765182e-13
1.856680815657488624e-15
1.577966670888189672e-12
2.331576684967242185e-12
2.762041345170772590e-11
3.700213749156875270e-15
1.374903927969449645e-16
2.259804551278934385e-17
2.705864672959221408e-11
2.404518745549584188e-14
3.938563727796819985e-07
3.338843016749918595e-15
1.364722932466025248e-06
1.046433842853695131e-11
2.297355712381418729e-15
1.207939987694254127e-10
7.146388609321886271e-12
8.288123292502808212e-16
7.200645428586179231e-16
9.663995938272000081e-19
-2.224484324900942163e-10
1.182302298853018749e-10
1.581952456973319886e-14
4.150145852099272028e-16
6.300425476122823327e-17
1.375082131156042200e-13
-1.640135647127038992e-12
-3.408225423844447829e-09
5.005884035014308227e-16
8.080165849014913969e-07
5.883643515068819489e-08
1.995527643180207744e-07
6.545301373533589291e-13
-5.873805257739224380e-10
4.620203539664435657e-10
3.943091531605257704e-12
5.581428517009302335e-14
5.512689746723514841e-12
1.510764191534948770e-12
-1.730999936515937152e-13
1.249316570781890678e-13
9.769034306192354145e-09
2.835693956317911375e-13
-1.465605585971595586e-18
1.057321385246754424e-07
8.041050738345934322e-12
-3.469800180987660150e-14
3.584868540710706127e-20
2.733877278533633183e-13
6.328039803152724638e-12
1.992015461277603133e-16
5.284242292318270937e-15
6.674744387678256598e-16
8.832193260907082563e-18
2.008309085440346599e-11
3.225013216105221710e-14
1.565669455612123431e-16
7.515758782547778442e-15
8.739558606212536932e-14
1.995464158511911791e-13
4.996572072349824650e-17
7.724161894271751442e-17
7.205809724140638207e-09
1.698661006268667569e-10
9.270058125498785215e-11
-6.630170111729569839e-14
-2.838186392959623860e-12
-1.522101325484478811e-09
4.396756170504964091e-18
1.777528675275598748e-09
3.654065791346737028e-16
7.160192796574159039e-09
8.965520167535223723e-11
2.028504603259549089e-17
9.189067546679061701e-05
2.090063324311865508e-14
1.364265060173525224e-12
1.580478923104972617e-13
5.204332065475974153e-09
1.013696958434146069e-10
3.182224382046901975e-11
1.046612426988415073e-12
3.536793737293214192e-12
1.336316857535094931e-06
1.614605114767629751e-08
5.064714690750399769e-13
2.440905999912778146e-13
-2.262059312159703202e-09
2.014562707038362242e-13
5.811442550507482098e-08
5.349283760773136848e-08
9.438382039242720917e-18
5.574870298825918002e-05
5.330600333271794929e-12
-1.426924493662643095e-12
-1.603244174770579487e-12
4.776229011089119036e-12
2.309139410930259189e-16
1.578404644150833150e-13
1.134546319209701532e-15
-8.699339933847170879e-10
-6.669106264010075541e-18
3.608158068743361163e-17
4.184736313846043449e-06
4.951904425440163273e-10
1.619640989490220860e-09
2.231526291235816944e-14
-7.125337454368131548e-13
1.217532480156215554e-07
5.295697202668804605e-11
2.724967144986549728e-16
1.533071881539305485e-13
-8.510897806252707874e-15
6.864000510937555089e-15
3.271556166396633853e-12
1.084428654157599655e-14
2.386470161903883613e-02
-3.300802977370239282e-07
-5.340534717501339058e-15
3.910668882566652342e-14
5.942061672244611268e-15
-5.199902580416718826e-09
8.477368847029037008e-10
1.192954192785132376e-09
1.901365117135486527e-14
2.978359922443233316e-11
-3.096340128950876273e-11
-5.237094098624310791e-14
1.668615598952545173e-14
1.896734099618374086e-11
1.312306433340702123e-05
2.497469281429506078e-11
1.558621913473064078e-10
7.709395100511220813e-15
1.251161959904389082e-11
2.507168729561528867e-11
3.062459781530246947e-12
-1.272980383103977381e-09
1.088477621349871174e-14
6.495722315118837055e-03
-1.771554487110845878e-12
5.173451883322264174e-15
-3.900207912015408380e-13
1.192338375557287397e-08
1.067769329698714618e-13
2.010188320852945726e-05
3.096691045587900335e-17
-2.456392617108230070e-11
7.917315133159262028e-16
4.058728153026640999e-17
-6.098071799154912941e-13
-4.203148344508478298e-16
-8.881364906109284217e-14
1.056814457807706161e-16
3.417653531715609285e-10
2.204431889405068490e-08
4.215086149865912557e-08
1.210834996224984750e-14
8.509301526898520149e-15
-6.914234337461042848e-10
1.082946230641257204e-15
2.773046263628165707e-16
7.101773410712330270e-11
-1.782574698706113457e-12
7.450722023960403736e-15
6.093005091278487863e-17
3.258383671633535178e-10
-6.856399286389255915e-14
6.200923961510871178e-13
1.386953460822887545e-08
4.391926373557997373e-09
-5.604480265440648096e-15
3.723188285755772234e-10
4.522044353943010009e-13
2.081816760416466656e-15
1.383478911916127706e-14
-1.079420015972945124e-08
2.376028478512630441e-07
4.824777390630754210e-11
4.168910801279502593e-11
6.915653252845334093e-05
5.414252521618381774e-13
1.289124819564584505e-12
-4.329653458395163123e-19
1.028348126859728953e-14
5.874053437386165636e-15
9.225755925982555798e-13
1.210770301953183171e-14
2.373326565362932892e-14
5.789784970313458077e-10
1.192623776387480548e-12
2.141031626556697905e-14
1.405945605558240477e-15
6.260912477165787087e-12
-5.213452523982507133e-08
2.446343288768077459e-09
1.944158941233511823e-17
5.991772188736345093e-13
4.239721046095842484e-11
2.348329922292107087e-09
1.691439720150482495e-15
1.447794605715606062e-15
8.374966171322043411e-13
1.064969232568038030e-13
-1.124952133065317311e-13
9.381952328609783228e-13
2.664359209475195904e-13
3.086781923536689628e-13
4.117157137508437807e-15
4.466658706810997677e-10
4.549318440008687681e-07
3.174261822205834447e-07
4.848127974716074803e-14
2.011511383659005174e-12
-2.439450886527044481e-09
-1.496179082039006224e-13
7.553660300105082046e-17
1.391210861378975989e-08
1.050216334573064291e-16
6.414891476838553518e-17
5.921979404234960000e-08
6.384303588903165517e-12
1.891134764431486933e-16
-1.341529374412337315e-10
-3.101012195932360102e-15
2.465434415416620147e-14
4.638575270282753908e-07
1.356713759871416347e-08
1.161535921098025265e-10
-4.107847702541615724e-13
2.489682196124159531e-09
3.916884209190746300e-14
9.356273331618872370e-06
5.497150142407553583e-17
4.545612901980368486e-11
1.023701201672407996e-12
4.913025902795206640e-12
-2.601400997006426927e-20
3.210936165886588709e-04
1.838156147793636892e-13
1.145103077223249436e-12
-5.360122846084486941e-08
-7.767065890019986993e-09
2.228714441262803532e-06
1.327570052636336204e-11
1.626110179236395722e-10
4.351975010206258314e-09
1.826235484622280373e-13
7.395410219053155461e-15
1.520249548395386643e-13
-7.344194921396795038e-13
5.648687570959065419e-17
-3.037912776636299284e-09
-1.394876660654155961e-17
2.873485947668135859e-16
1.448832222519351804e-16
3.960929006259371899e-15
2.370774213984136434e-11
5.716009487228391432e-13
-9.714840347988785000e-18
1.476748598830898968e-09
1.489155094365049567e-07
1.116149523599605945e-17
-1.491752634819975306e-14
7.529153540057329136e-13
1.372882891687653799e-07
-4.210037605904736397e-15
3.141673132129910904e-11
-1.893003453976360283e-12
3.785551060976891530e-17
7.674713854162010817e-18
2.359652950765080363e-09
3.349370625205725485e-12
1.665437234921229581e-16
5.085394049076876174e-17
1.063316058003734195e-02
2.478602656475333288e-11
1.046999327732920546e-14
3.194463772957222810e-12
4.478447060152758850e-18
2.328510760217892475e-12
4.426299243599984959e-13
-5.274328708020210865e-15
1.801764331364134569e-14
7.546848144016533708e-15
1.245648569017184524e-14
-5.065054202214299596e-16
-2.093533019374600397e-10
2.812523237654422934e-13
8.827031025247352853e-15
3.204386571552443224e-09
1.964101574869989848e-12
4.391545106970846017e-10
6.931797078731570653e-10
1.580134282105140873e-12
-2.994319607425655167e-11
4.683303733453541845e-15
6.534288475804907915e-16
8.849496511366703520e-08
1.873575035398728041e-16
4.209331157613886720e-14
-2.263126706260281447e-10
4.013523348251705674e-13
2.858168657816152082e-10
-2.576532329340643821e-09
6.510402569955580478e-12
3.819709844735848110e-10
1.115679710216475727e-19
1.497675592825682000e-09
6.175190656858699109e-11
3.602747084506190577e-14
1.662538534631171701e-13
7.826045384819941351e-14
1.155831371509129435e-09
4.299162787672399482e-18
5.460625572448282432e-15
-2.044010417973819163e-13
-2.730291067339613776e-20
2.079428490732708461e-13
1.706917160971766248e-15
3.411992085241868133e-10
1.891107859228371213e-13
-2.618118874207770023e-11
6.023891570121172253e-07
5.037009240573357829e-16
5.147077739370167136e-12
3.111013662936598229e-11
-1.479569219463206432e-11
9.128010543261101791e-08
-1.262148860665589241e-12
3.493783198753415144e-20
1.489486126114731339e-09
1.663661834473202081e-11
9.225499756132706510e-17
5.449451433829789919e-12
8.901137838943786749e-14
-2.147379104627146686e-13
1.579205236649080292e-16
3.200228420933018261e-16
-8.880049381770275116e-11
1.529983874102880141e-12
9.657057671809019037e-13
2.289385896542139945e-14
1.523906977906689763e-14
-3.200239570338002656e-12
1.624977505305706226e-11
4.937237467155181843e-09
2.115020960543067839e-13
-3.145948836692417336e-18
3.016913006139894440e-13
6.787071644741410686e-08
9.094536339832492056e-13
2.014140810336077850e-13
1.314931414550479839e-17
2.561281693423843292e-19
2.445187461523188709e-12
7.700218752083720152e-11
1.776973602495665870e-10
3.325779437561906397e-10
7.449888137728343655e-10
-2.646118437370858471e-10
7.813769236677383522e-12
-5.175646889389127578e-15
2.001309638848220907e-11
-2.392650661786711888e-16
5.593553118788597054e-18
1.078794105305986661e-09
1.749977626849486367e-09
2.700573033589521882e-17
4.023155115496790137e-12
3.236391877676116525e-15
5.327545071716898037e-16
1.868405711615147157e-10
6.239393080343050999e-11
-8.343737989048109307e-13
1.410320748134697794e-14
2.466853805362690998e-10
2.764761579848880977e-13
6.719451678542598381e-18
-5.127703447987412644e-13
5.778763754988149130e-07
1.202152966079562291e-16
-4.263287180100389037e-09
4.807890403057236001e-15
3.726078088074259128e-14
3.622405789134358557e-09
2.586793557787775974e-12
6.107218273141288324e-14
1.060558270732751305e-10
9.523994169540332731e-14
1.722785181830099843e-11
-1.399714752917539218e-14
2.060463883623675957e-13
1.040802319210694737e-13
5.256468972263167053e-13
1.949017326998813873e-12
8.879994406592735800e-07
-1.174267755937182590e-15
8.005847046059739869e-12
1.545753078943598756e-07
6.039590144540090113e-14
4.380102526685318025e-12
1.093472546516603126e-07
6.744012911919966377e-12
2.162055342389524289e-11
2.268443916451117368e-14
4.010265310764414482e-12
1.131792793891831162e-15
9.413253446937575903e-12
6.508238599974647560e-10
2.147162722591412452e-11
1.183081152804685418e-12
-4.448883528890556605e-13
3.855589368804741314e-12
6.525205358073338837e-09
-3.909298941686992096e-16
1.448718581415086201e-17
4.474757230491571128e-13
4.274343076724749105e-15
2.208274241434609199e-13
1.423122719878832585e-15
1.585484633791737598e-11
-6.242646981366122215e-09
2.725190577364351945e-12
4.557363595320864183e-13
2.512455983315902091e-14
6.194931154227801210e-11
5.435834607803333433e-07
2.051362665137571383e-12
3.047105200027200716e-13
-7.820118820294742025e-07
6.608394167086670913e-13
-1.461867547012795208e-18
3.818945389351428209e-14
7.430301451962733818e-11
6.532103326560789201e-14
5.532745522065555604e-15
3.493691649770275852e-14
9.136890011202363881e-19
6.721257009666940756e-07
5.162360190773048680e-14
-8.528219833517421513e-15
1.720908860679200760e-15
4.268475392704970034e-11
1.655924302798319836e-11
1.939464734131310576e-09
-6.286549772105243659e-13
2.643728220170173935e-14
-7.256679819954251727e-07
2.782912779854407460e-10
1.750289432087187010e-16
-6.431132977823451999e-11
4.945778079010399646e-08
1.875205437822662574e-13
2.978517360659528947e-15
1.309529574337658065e-14
3.498284095074529029e-04
2.119488767438910273e-11
-4.127413587768361146e-14
2.875882386223016035e-18
2.514198960378614877e-15
-2.482134600137098535e-04
-2.642812024161879522e-13
7.201754444072041309e-11
7.508325485241410345e-14
7.279867476669781143e-10
1.289175868013091898e-10
3.046139849988846893e-12
3.373561703796561696e-12
6.822587834347734669e-14
2.029846686728929963e-14
3.770149999180251184e-15
3.050528094794636155e-13
-5.659939855634463916e-17
4.869578733768836870e-13
2.128464040785280890e-08
2.864632142061689946e-12
-6.573667659927282616e-14
3.434938603797261005e-10
1.066903017421265687e-11
1.394418507124257383e-12
7.135990666817132761e-08
3.388955633804262429e-19
1.324625327507894075e-16
1.064937707882786326e-08
4.925456292767272984e-14
4.271984500989544435e-17
1.006152807128522226e-06
5.128121834360915425e-12
3.579655246568577877e-09
2.937189999266442886e-15
5.308235624523250579e-16
-5.157866179238459153e-15
2.576745335434175596e-15
-8.483129320068327722e-10
3.491109360121103622e-08
3.659349494861279235e-10
2.803672661041049061e-15
2.101845640747294072e-12
-1.548761893808275883e-12
-2.430260421665321917e-08
2.953999408065274584e-09
1.259731609668293109e-18
2.135084794876482074e-09
1.035326547810739342e-11
5.728462360749326131e-06
6.509589639235962577e-16
5.945168999468538909e-12
3.695586894768240383e-11
1.955921814537158689e-13
6.209211193265311787e-15
2.025163559786361583e-15
1.554353419366444980e-15
4.643919649920060210e-13
-1.475251779658737013e-13
2.994778280564798806e-14
5.983978240568807262e-12
-9.459379343603771034e-16
-9.954840982083598273e-15
3.676912893693906800e-13
3.677797337437319885e-16
-4.368431012714871594e-15
-4.690514827437370809e-13
5.746194654487606838e-09
3.239979988444730820e-12
3.037691455524591064e-13
-2.294076378864336846e-14
4.519858088919438781e-09
2.584435487504966538e-16
1.619879326598322212e-14
-3.503173685968663578e-14
3.549123257816361798e-16
5.775977054003489809e-11
-3.323961776549101794e-16
4.739409445890126145e-10
-3.793629448773813716e-15
1.222873851161959954e-16
3.761420485001277827e-11
2.277528435127520671e-11
-2.750472810749250650e-14
2.699842905172912151e-10
6.924842026625654142e-15
-1.231780624375864158e-10
4.156859125205374769e-13
2.245734428069504736e-09
1.486992173744439253e-15
4.336907407420339973e-09
4.233871961080044246e-12
1.774602448338922387e-10
1.401859538090447804e-11
2.285296705059877620e-12
4.386728593799863507e-11
-2.145077300007653158e-11
6.738781748998444938e-16
1.789936266595693530e-12
1.004361677488310971e-06
1.787323101576864097e-14
1.037257601737981523e-06
1.225032447042676295e-09
4.277579756572624775e-05
5.021382067527667305e-15
1.689796031556335778e-12
3.747731894190088651e-15
2.549006987357851730e-15
3.912125956338606105e-10
2.938005415219723487e-10
2.954974035143996733e-15
4.361963920326042171e-11
4.515502145834987313e-13
-8.029611921145373231e-10
2.077862970853115281e-13
1.077284394715310954e-05
1.283048458765152567e-18
4.623800545087717502e-17
4.394624344499238184e-09
3.512220814393391756e-16
-9.266414054348047959e-11
1.379619241471677109e-09
5.677486623046064015e-16
1.830413292706156182e-09
1.339619845401977378e-15
6.838452805254918537e-11
4.398036165082894852e-07
2.208912333192528714e-12
-1.468125053579023206e-07
6.141297919459622318e-12
7.252569381178374574e-08
1.680809845829991353e-08
2.812896894951462928e-18
1.142730064947859021e-12
2.561315490651831321e-10
4.350898994689837189e-14
1.011818276188890822e-16
7.900192718531198610e-11
-5.956015636819769514e-14
1.883383323097242151e-11
-4.744393360820600269e-13
1.702755827053107629e-18
1.047501277314666231e-07
2.038373000916585228e-11
1.459391286292751962e-14
-2.090474734842748507e-12
-1.586866226433781629e-17
-3.473711021025711349e-17
6.402486029882317407e-10
-9.335329940748922231e-13
6.170418189099368667e-15
7.578093959877141028e-14
1.573902971458538515e-17
1.026857243531295284e-14
5.344666956460817405e-14
1.148555009904272160e-09
-1.354724952301614643e-12
-3.282692011390593928e-10
5.309852173018676459e-07
4.269447381645924618e-16
1.146568211224893757e-06
1.118305238799275025e-14
3.124629608314574857e-06
5.863762525302113081e-08
3.081475277244252646e-08
1.395771748276632890e-14
1.341904061918651306e-13
1.670625250387686164e-14
6.640852108310558544e-19
-3.475657079552431770e-16
-7.848359266846115512e-01
2.042537718432681461e-16
1.951883949445400171e-15
3.566848441195573632e-04
1.893426057450975996e-16
4.531503233847485813e-07
1.042943687611251456e-12
1.213481178987716739e-14
1.274082036945619731e-14
1.540646224258867926e-05
1.000746116699502146e-10
8.997710496533698354e-13
9.463526196017346954e-10
9.628107574704312099e-10
2.209728917598080102e-05
-8.597014106171686911e-15
1.075356829194426252e-11
-6.797363045063637905e-10
1.320809412351689699e-14
8.091197446973933072e-07
1.993989784758969127e-11
2.840890691546536717e-11
3.239537228843979151e-12
2.227259558669126344e-12
1.207007888210126926e-06
1.096172640079356527e-08
-5.968447765659574475e-13
-4.191105709552503522e-20
2.001605232132877034e-12
3.884079577576785563e-18
4.395041156978981069e-12
6.277737380382415592e-14
-1.008275084524725292e-15
1.983236907998189967e-07
-2.672145310360177822e-10
-2.208864769822965202e-12
9.016495793392548924e-19
4.460152928642398250e-13
3.553141435204026486e-13
2.086204369443845859e-09
1.499851235511721374e-12
4.274079913118148123e-12
2.067992381804561790e-15
7.887709233770359931e-22
4.076716923628427878e-13
2.102312683674669372e-14
8.482668839740233682e-12
1.787584460141567533e-15
2.146989724684804961e-15
6.104753688458953062e-07
1.776314087989085752e-12
6.280122152661344916e-15
1.839058028505839380e-10
4.425196218362257823e-17
1.186885503974640438e-12
-2.498507999834535585e-13
5.988372742230282440e-13
2.077673135267330291e-15
3.702295057389687833e-14
2.473410030691844511e-13
-4.032561410049253833e-06
4.475046092327470131e-15
1.081572856111970198e-18
4.819789417982565039e-07
2.006412653139806295e-09
4.686777445452634383e-07
2.346865148118875321e-14
3.771187030532620141e-15
2.709184277762155671e-14
-8.013599948660650561e-15
3.395237844753488283e-17
-3.750522104468449114e-12
-3.730009175074013610e-10
-3.182420814133178120e-11
5.429937693771849517e-10
-5.986363900788677314e-13
1.194316928922913743e-10
5.726544501948174249e-13
5.761252641845932844e-13
1.538507799836922807e-09
1.397437366492480152e-09
1.448404888398838742e-18
4.965322115964812446e-06
-1.558485587624749049e-11
4.837817455179433684e-14
2.931664556380736272e-18
7.461282618149084372e-13
3.829183147869566943e-09
6.037115427821466254e-10
9.455327906623603415e-18
3.322156423312577328e-11
5.751265504232659785e-14
-1.072565734348164600e-16
4.710720524374929182e-12
4.494097219256173092e-18
1.145632043141580983e-09
2.872975177306288582e-09
2.077997133680074587e-14
5.567918354067525906e-08
4.246504875133638132e-09
1.973051071298076532e-12
9.009926664982801604e-07
4.806036444654857718e-14
4.840669480158487965e-09
6.089748007819697024e-12
7.104642366640572168e-12
3.455158903040198220e-11
-5.883394431631314978e-15
5.274585688497835654e-15
2.164570413189093179e-09
3.866919994656641289e-12
-4.189126666555115187e-04
2.729438550657921886e-14
-2.675224117673428128e-11
-1.713054159927603233e-13
3.374942051830521356e-16
-1.311568890126739288e-10
2.043751545861954302e-13
-5.612120630022990458e-14
3.644491505490681553e-08
2.921438442629054481e-09
1.413937530421556483e-11
2.691660353301723369e-19
-6.390928153230072675e-09
-3.421744832012280612e-15
1.457040827691105896e-13
1.784038262252663183e-18
-2.003104182638395006e-18
-8.597829940314592933e-10
1.742184165552490350e-08
1.844518203171062817e-17
5.693855008451261836e-20
3.166855318146217548e-12
1.890618322432698070e-12
1.546628684137724490e-08
2.555006136624216797e-09
8.201378914561424575e-14
3.314452816304232939e-17
1.399368393310642498e-12
-5.495515031766863637e-12
8.840883526336031586e-09
3.749852489862708985e-12
3.216635593172620424e-15
2.289008807096406741e-11
7.739027822683338246e-10
-2.209131569213315739e-15
2.251967889774428254e-16
-6.506779188093633561e-13
-1.093634724661459681e-13
1.198318103369221948e-11
-3.051608203550317196e-17
4.230044261766120104e-13
5.402328704021397184e-14
2.548722151170571333e-11
1.569977456336822629e-11
8.650538497199354819e-13
3.481464488283127041e-13
7.865595370841270391e-13
-9.627878553894500355e-12
-4.439434134411090567e-15
1.371744809760847851e-10
1.819018301199848546e-16
1.242649643958202438e-13
3.481957632638800892e-13
-5.871215701014701689e-16
5.247344223896279108e-17
1.856807528580192827e-08
4.242117131754792968e-19
2.113504402935062942e-12
-2.534249161964472398e-12
-2.053964346863504744e-12
3.725655367484171410e-10
6.825560439836512700e-14
3.047675142413025329e-12
5.097075572477725371e-13
4.516553605243490061e-12
-9.097330651877052160e-09
4.502777148584216634e-16
-1.713674943594870974e-10
9.881217593519502124e-11
1.239564343682281593e-07
-3.388730575403283088e-16
2.537243065548005008e-12
9.473090011138291773e-09
-5.664473707271328200e-15
1.583795474465724565e-10
1.403852239430758360e-10
5.580906327058437151e-15
1.344178205326872905e-20
2.614330867638100618e-15
8.893174536546058984e-16
2.489631464346406988e-09
2.759669428008680123e-09
7.500880169299053389e-14
8.500318228959378112e-07
3.035621292815537633e-15
1.359434448055840347e-13
7.492198588998129690e-16
1.318740895250784243e-11
4.310781887134229617e-16
-4.513928151079276008e-15
8.673188982967006263e-14
2.447122916804344826e-14
-2.999954654648334206e-15
3.478697381844239505e-10
7.452169400742860089e-13
-4.855815373811145690e-11
7.345979127803806059e-09
1.310895521531258192e-17
1.363987257232132857e-09
3.274847817334858679e-11
1.414173813402949227e-12
1.624658615991148888e-11
-1.914513481599351762e-06
8.510873526199945970e-14
6.015383715121966162e-05
2.607063609787970800e-16
1.172987004263163586e-14
-8.868784365774659557e-14
-7.795676640563774936e-17
1.698990755308175894e-14
1.908297133826062184e-12
1.325375730943433135e-17
-5.886827043330384877e-20
2.705504708059176483e-16
6.567225970207932649e-15
4.869122099199340621e-12
1.493534076563804586e-11
1.088677654382180903e-15
9.178889856492029792e-14
5.867360359504977047e-15
1.692670924727438770e-08
1.752496502083098000e-20
1.644282838416240778e-09
5.844338777941807481e-13
1.109598449111316747e-09
-1.494240594003134924e-07
9.796898309995749695e-12
4.445544206974890302e-11
-7.208809621021724768e-13
7.010527328474260016e-16
-1.936513359663810267e-09
2.110506858640912396e-15
1.436593586230621367e-12
3.797174820840801326e-11
6.879286544546216519e-11
3.847134535184762958e-10
1.167458700705914655e-11
1.221282544117430350e-08
-4.563557140474317277e-12
-2.276200209503512034e-12
8.837690890314054281e-15
-5.334507039820295633e-15
-6.144196222908953755e-14
3.034454593312655205e-04
1.131750775945786426e-08
2.129264903689331884e-09
4.511927541382312672e-07
2.377639765663470931e-16
2.685070207880277088e-11
6.071787307744659385e-16
7.734326221073010998e-12
1.504155245610552162e-10
6.873250998484548533e-16
-2.565601423121180266e-10
