-0.77450
-1.08833
-1.02779
-0.71666
-1.03743
-0.92496
-1.01314
-1.05553
-1.16419
-0.84915
-0.85940
-1.06086
-0.92030
-0.95491
-1.07858
-1.31751
-1.05084
-1.01443
-1.11734
-0.81696
-0.97487
-1.08659
-0.94109
-0.88382
-0.69732
-1.05126
-1.01503
-0.82318
-0.87714
-1.03372
-1.11980
-0.87363
-1.00266
-1.00465
-1.01125
-0.71428
-0.78223
-1.19244
-0.90536
-1.35482
-1.02630
-0.99072
-0.82927
-0.85453
-0.91815
-0.92932
-1.15280
-1.03461
-0.73189
-0.61123
-0.76936
-0.84514
-0.71410
-1.22269
-1.07481
-1.14766
-0.76763
-1.13337
-0.94797
-0.85328
-1.05872
-1.04436
-0.89012
-0.99556
-0.87291
-0.97567
-1.51391
-0.96112
-0.85318
-0.93331
-1.03514
-1.50653
-1.45100
-0.95433
-0.99872
-0.81240
-1.00279
-0.59286
-0.70896
-1.00402
-0.90072
-1.09783
-0.88306
-1.06168
-0.87158
-0.72985
-0.91004
-0.99143
-0.99677
-0.89548
-0.76632
-0.87128
-0.90590
-0.97868
-0.94601
-0.99465
-0.77871
-0.88709
-1.05522
-1.06629
-1.03237
-1.06775
-0.97486
-0.94333
-0.98503
-0.91569
-0.89256
-1.09590
-1.05458
-0.93934
-0.78809
-0.99378
-1.01481
-1.00600
-0.83725
-0.73873
-0.73867
-0.93723
-0.80135
-0.91071
-0.82326
-1.24042
-0.93204
-0.85600
-1.02124
-1.00840
-0.78510
-0.80905
-0.74709
-0.86586
-1.04310
-0.77870
-0.75200
-0.80503
-0.90064
-0.91925
-1.11079
-0.78583
-1.24412
-1.16256
-1.26885
-0.92582
-1.02374
-1.12547
-1.01695
-0.93522
-1.00101
-0.92489
-0.88299
-1.01503
-1.17561
-0.97004
-0.34929
-1.24869
-0.98195
-0.89771
-0.56155
-0.98667
-1.07172
-0.72666
-0.93935
-0.76937
-0.73970
-1.05196
-0.87992
-0.68967
-0.79437
-0.89045
-0.87788
-0.77147
-0.84446
-1.18173
-1.09448
-1.05662
-0.84911
-0.97155
-1.17212
-0.69330
-1.18556
-0.78471
-1.15240
-1.00599
-0.70517
-1.28909
-0.84405
-1.03817
-0.93834
-1.11602
-1.02057
-0.88817
-0.90205
-0.96403
-1.21451
-1.09316
-0.99183
-0.92721
-1.08029
-0.87249
-1.14109
-1.14287
-0.67979
-1.28574
-1.04301
-0.99599
-1.06139
-0.99538
-0.78224
-0.90312
-0.83676
-1.09321
-0.76994
-0.69692
-1.26602
-1.09413
-1.01040
-0.90523
-0.99209
-1.16443
-0.94692
-0.78958
-0.82136
-0.86231
-0.92341
-0.99560
-0.92595
-1.32234
-1.21931
-0.82721
-0.92150
-0.88508
-1.09072
-1.07397
-1.07725
-0.89122
-1.00023
-1.01436
-0.89266
-0.93669
-0.97970
-1.21221
-0.90913
-1.01962
-0.87993
-1.02861
-1.01107
-0.99155
-1.10092
-0.91049
-1.45534
-0.96622
-0.81576
-0.87206
-1.08825
-1.03030
-1.24446
-0.75142
-0.90870
-0.74745
-0.84345
-0.92497
-0.69537
-0.90622
-0.76503
-1.04937
-1.17014
-1.25934
-0.78298
-0.92277
-1.07685
-0.83471
-0.71570
-0.93869
-0.91215
-0.75405
-0.78497
-1.01459
-0.85388
-1.06370
-1.06513
-1.12959
-0.84706
-1.04091
-0.85517
-0.88390
-0.84184
-1.05735
-1.24354
-0.98257
-1.05348
-1.37839
-0.84620
-0.87758
-0.66339
-0.85393
-0.85612
-1.03474
-0.87083
-0.85504
-1.09424
-0.98090
-0.92338
-0.86763
-0.99112
-1.19413
-1.11029
-0.66986
-0.88338
-1.03395
-1.10795
-0.75284
-0.69012
-0.98571
-0.83407
-0.94368
-1.01694
-0.89113
-0.97659
-0.79559
-1.08307
-1.24215
-1.25855
-0.88206
-0.92918
-1.06092
-1.02377
-0.79736
-1.20525
-0.67322
-0.70202
-1.09493
-1.01919
-0.78961
-1.03990
-0.95154
-0.90128
-1.14973
-1.20161
-0.99931
-0.98199
-1.11417
-0.84495
-1.24545
-0.76803
-1.06679
-0.94279
-0.98465
-0.64231
-1.12778
-0.91407
-0.95995
-1.10332
-0.94621
-1.22026
-1.01686
-1.06418
-1.27742
-0.84360
-0.91205
-0.83479
-0.95306
-0.75170
-1.02701
-0.71908
-0.74095
-0.76502
-0.79089
-0.97098
-0.93812
-0.69649
-1.03360
-1.27743
-0.77643
-0.90398
-0.92350
-1.21747
-0.80118
-1.05614
-0.99964
-0.84153
-0.68023
-1.10052
-0.96177
-0.75225
-0.76522
-1.35311
-1.07016
-0.88306
-1.03111
-0.74159
-1.02614
-0.98594
-0.86868
-0.93291
-0.90000
-0.87975
-0.83245
-1.06511
-0.15923
-0.86264
-1.12452
-0.91554
-1.19012
-1.04135
-0.93839
-0.95975
-0.80724
-0.80467
-1.15765
-0.79032
-0.81497
-1.05445
-0.87523
-1.14361
-1.11566
-1.00019
-1.11318
-0.59517
-1.09558
-1.02965
-0.86877
-0.92170
-0.95061
-1.18735
-0.66064
-0.87621
-0.92816
-0.51306
-0.85088
-0.83731
-1.16734
-0.84888
-0.98044
-1.23306
-0.78266
-0.85024
-1.03706
-0.93191
-1.23937
-0.89784
-0.57334
-1.10316
-0.96038
-0.72588
-0.92657
-0.83162
-0.93896
-0.74527
-0.79422
-1.04617
-0.84012
-0.96766
-0.91773
-0.90041
-0.97486
-1.04593
-1.13128
-0.96644
-0.78699
-0.93684
-1.17465
-0.92411
-0.89565
-0.68948
-0.57358
-1.08717
-0.98964
-1.04128
-1.10547
-1.08540
-1.05752
-0.94206
-0.75647
-1.05212
-0.74897
-0.72258
-1.04597
-1.18334
-0.70935
-1.00079
-0.93126
-0.82725
-1.01532
-1.09244
-0.98961
-0.87975
-1.17338
-0.91882
-0.72873
-0.95277
-1.28248
-0.67644
-1.08774
-0.78461
-0.88214
-1.13035
-0.99050
-0.90137
-1.15015
-0.94319
-1.05062
-0.81854
-0.96452
-0.88900
-0.88277
-1.01452
-1.31106
-0.77633
-1.02671
-1.23190
-0.93488
-0.99721
-1.09297
-1.02133
-0.97232
-0.86727
-0.99212
-0.78569
-0.97438
-1.11057
-1.00728
-0.93413
-0.85864
-0.93813
-1.14395
-0.88074
-0.80445
-0.92780
-0.88758
-0.90280
-0.78562
-0.96676
-1.10199
-1.02800
-0.89560
-0.92634
-1.02419
-1.28202
-0.97092
-0.94034
-1.12720
-0.93376
-0.70378
-0.87332
-1.01454
-0.95883
-0.73623
-0.92477
-0.68151
-1.02545
-0.87785
-0.85435
-0.76338
-1.12583
-0.97929
-1.03137
-0.86733
-0.81220
-1.34804
-1.10724
-0.76283
-0.87276
-1.07778
-0.86076
-0.85345
-0.90828
-1.19542
-0.99072
-0.96981
-0.62242
-0.86548
-1.41803
-0.96722
-1.04041
-1.00871
-1.15225
-1.08728
-0.94931
-0.99858
-0.94565
-0.85178
-0.93718
-0.95099
-0.67592
-0.96834
-1.00267
-0.97606
-0.93762
-1.12487
-0.97782
-0.95537
-1.12476
-0.65065
-0.75223
-1.22666
-0.95479
-0.72728
-1.24402
-0.83353
-1.04600
-0.80396
-0.78290
-0.76487
-0.84456
-1.07102
-1.20525
-1.02290
-0.78629
-1.00143
-0.93209
-1.19788
-1.10253
-0.74135
-1.08233
-0.99203
-1.35122
-0.82695
-0.96897
-0.99674
-0.88149
-0.90876
-0.77517
-0.79762
-0.99390
-0.94932
-0.84354
-1.02183
-0.80665
-0.83584
-1.01876
-0.78316
-0.86596
-0.89980
-0.94821
-0.98510
-0.91094
-0.87913
-1.15654
-0.75050
-0.89631
-0.90730
-0.81748
-1.05634
-0.79984
-1.04240
-0.77251
-0.68666
-1.02745
-1.03051
-0.97279
-1.01069
-0.85307
-1.01879
-0.98230
-1.04900
-0.83647
-1.18112
-0.93734
-1.12727
-1.01173
-0.92942
-1.02982
-0.92859
-0.78221
-0.97695
-1.35626
-0.86412
-1.35970
-1.14126
-1.34566
-0.86665
-0.99089
-0.82507
-0.90335
-1.14851
-1.10132
-0.83502
-1.13059
-0.84117
-1.15664
-0.90207
-1.32359
-0.66883
-0.83602
-1.15688
-0.77183
-1.04275
-1.11334
-0.79188
-1.13801
-0.80131
-1.07974
-1.22907
-0.94688
-1.15027
-0.96146
-1.18769
-1.14587
-0.69662
-0.94312
-1.11387
-0.93185
-0.78518
-1.04193
-0.88796
-0.94282
-0.93998
-0.68784
-1.22222
-1.05552
-0.82934
-0.93328
-0.74707
-0.72827
-1.12935
-0.96037
-1.72625
-0.91087
-0.74257
-0.81792
-0.85088
-1.01002
-0.87116
-1.09515
-1.32647
-0.81615
-1.18149
-0.85207
-1.31725
-1.20309
-1.09226
-0.86466
-0.91216
-1.08991
-0.64624
-0.72777
-1.21410
-0.77471
-0.82145
-1.37747
-0.76608
-1.30907
-0.95634
-0.88189
-0.86650
-1.36874
-1.06703
-0.90276
-1.11879
-1.08555
-1.11095
-0.81781
-1.05625
-1.05762
-0.93299
-1.29099
-0.94709
-0.99191
-0.99373
-0.96942
-1.22922
-1.16335
-0.91791
-0.57992
-0.98173
-0.75379
-0.98991
-0.68983
-0.84002
-1.17025
-1.02053
-0.98256
-0.59370
-0.85008
-0.94436
-1.12274
-0.84015
-0.89779
-0.78709
-0.53372
-0.91149
-0.75365
-0.95334
-0.84615
-0.96763
-1.20547
-0.95264
-0.85484
-1.00832
-0.70947
-0.88223
-0.93340
-0.93523
-0.83018
-0.85262
-0.95410
-1.17897
-0.75840
-0.79440
-1.23316
-1.06593
-1.20437
-0.88800
-0.88497
-0.94082
-0.95771
-0.78786
-1.05898
-0.99313
-1.00488
-0.99602
-0.99240
-1.06158
-0.95248
-0.96133
-1.18858
-1.04277
-0.69904
-1.31821
-0.99430
-0.93430
-0.71236
-0.99491
-1.03905
-1.10283
-0.74200
-0.88644
-0.94901
-0.80373
-0.97433
-0.67711
-1.10895
-1.16629
-0.85152
-1.16650
-1.08789
-0.96959
-1.32190
-0.89175
-1.10886
-1.01439
-0.97064
-0.96724
-0.95487
-0.88989
-1.11228
-0.98202
-1.18568
-0.94972
-1.00865
-1.02860
-0.78889
-1.03175
-0.96013
-0.90123
-1.17407
-0.96467
-1.01128
-0.65130
-1.10335
-0.84775
-0.93335
-0.66790
-0.60219
-1.14714
-1.17295
-0.72885
-0.60566
-0.96324
-1.00456
-1.21705
-0.91645
-0.97718
-0.70390
-0.95494
-0.94927
-1.20856
-0.93519
-0.86260
-0.88382
-0.91114
-0.75720
-0.77912
-0.97928
-0.88290
-0.95983
-0.70473
-0.97685
-0.86785
-1.02631
-0.96725
-1.06233
-1.03532
-1.01860
-0.98510
-0.81697
-0.95909
-0.73990
-0.91870
-0.95162
-0.72478
-0.72695
-1.12858
-0.67063
-1.05159
-0.91332
-0.93393
-1.06184
-0.94581
-0.97753
-0.90344
-1.00718
-1.12918
-0.82984
-1.02413
-1.06696
-1.19873
-0.80973
-1.06476
-1.19046
-0.82690
-1.01891
-1.06639
-0.82879
-0.43388
-0.87130
-0.79490
-1.22472
-1.13655
-0.92083
-1.21419
-0.90892
-0.86325
-0.86592
-0.94547
-0.76419
-0.87083
-0.88082
-0.84588
-0.82003
-1.08715
-1.00864
-1.05168
-1.10040
-0.75243
-1.07609
-1.18575
-1.03431
-0.94553
-1.31082
-0.85070
-1.36356
-0.73225
-0.95258
-0.90927
-0.72751
-0.92673
-0.95494
-0.67535
-0.53307
-0.79863
-0.92162
-0.89262
-0.97579
-0.83822
-0.92927
-0.75423
-1.14725
-0.49934
-1.05890
-0.84589
-1.17917
-1.20704
-1.02866
-0.97472
-1.04235
-0.81336
-1.03806
-0.74446
-0.94802
-1.02626
-1.09504
-1.01514
-1.02429
-1.17265
-0.95149
-0.99144
-0.80264
-0.89069
-0.80256
-1.24046
-1.13890
-1.13710
-1.24811
-0.82646
-1.03219
-0.79611
-1.00750
-1.14916
-0.70572
-1.05288
