-1.568084969014886425e-13
-3.049649723704212415e-08
-2.700501980180382099e-09
-1.594814160848726706e-14
-4.071400946990801423e-09
-5.384598928511999827e-11
-1.544075373621106547e-09
-8.202406342169480756e-09
-5.576031180461946869e-07
-2.715520459077506681e-12
-3.020818000588602522e-12
-9.697221825438164914e-09
-4.442658339383731769e-11
-1.685937196885992359e-10
-2.083485180787738328e-08
-1.984506953826574611e-04
-6.619612177195487816e-09
-1.735044499182413467e-09
-9.113803737335943795e-08
-8.051162853036617819e-13
-3.451276891208549441e-10
-2.769564628920390009e-08
-9.942306510562580354e-11
-1.044640309815747272e-11
-8.178127634670060366e-15
-7.155986212309064846e-09
-1.755724234853374748e-09
-1.014408039968152048e-12
-8.160909975175199312e-12
-3.589489980580723072e-09
-9.475385914578332432e-08
-5.773204447125652204e-12
-1.068301388131017160e-09
-1.120203032256832406e-09
-1.270901092671189456e-09
-1.468241238908086014e-14
-2.054524534772830159e-13
-1.697547645886405776e-06
-5.379156947695688605e-12
-8.793563275477650357e-04
-2.624768484225844971e-09
-6.793745590796582205e-10
-1.205518401561098814e-12
-3.468304917291175594e-12
-3.600207168821444904e-11
-6.270307757358270119e-11
-3.621599505802338600e-07
-3.490303836304834460e-09
-2.961477543320267393e-14
-2.861804755383645453e-16
-1.296658894445438638e-13
-2.388010421129559999e-12
-1.533723824458168149e-14
-5.295236391454438376e-06
-1.726684013738626282e-08
-2.729552586203224424e-07
-1.201237672677922075e-13
-1.678927418669975073e-07
-1.281622922112348689e-10
-3.157719816240580898e-12
-8.933460227497831869e-09
-5.314254859214223567e-09
-1.243691740858467628e-11
-7.612943074142995106e-10
-7.005261610522003252e-12
-3.791927296783620604e-10
-4.185082053257893064e-01
-2.196188023608188521e-10
-3.236435004739020553e-12
-7.134767640838698529e-11
-3.628580772567064675e-09
-3.234482107399107575e-01
-3.458284467141545249e-02
-1.644135500512227958e-10
-9.448823258200882265e-10
-6.751763140430874075e-13
-1.013566470315226163e-09
-1.331078183759835723e-16
-1.177049673836889958e-14
-1.126422409113747015e-09
-2.056564026266644077e-11
-4.173621942874580785e-08
-9.875778452281535447e-12
-1.057109522858977542e-08
-6.494941505990497176e-12
-2.725232227776047027e-14
-2.966671127655074559e-11
-5.379786934746659378e-10
-8.767335178578988571e-10
-1.753637736056078869e-11
-1.101925648280246819e-13
-6.657299131464789099e-12
-2.571128133556329336e-11
-4.220225296943953377e-10
-1.204880834050249033e-10
-7.858502771228759262e-10
-1.786339334233331395e-13
-1.235660700567353093e-11
-8.115332435081823596e-09
-1.264723168788657530e-08
-3.452627730855855571e-09
-1.301082252201166604e-08
-3.582567622328433201e-10
-1.072229715429392351e-10
-5.547346223684048408e-10
-3.655371850100421363e-11
-1.061524163024965010e-11
-3.942020624093891006e-08
-7.964828943836218754e-09
-8.920443385571699256e-11
-2.650617609651127471e-13
-7.576271233846455234e-10
-1.631198473701575670e-09
-1.174508613536720230e-09
-1.753063725427701181e-12
-4.041293688649322424e-14
-3.993351786904679027e-14
-8.437527895613876634e-11
-4.459071513439473982e-13
-3.145482958247884903e-11
-9.745214399218495215e-13
-1.086621789059061292e-05
-6.926165752186775270e-11
-3.594706327265881187e-12
-2.115200340083473443e-09
-1.333363370738207984e-09
-2.450843420569259600e-13
-5.734101040371525554e-13
-5.278167532345806789e-14
-5.439226661781527530e-12
-5.037143906111199862e-09
-1.867743486371447481e-13
-5.886910550252351498e-14
-5.130035040990384301e-13
-1.969941312417732380e-11
-4.246397082769977709e-11
-7.011654672344562504e-08
-2.479223609581821583e-13
-1.206126105936184689e-05
-5.180766355155686398e-07
-3.252286148030546545e-05
-5.281062310559193236e-11
-2.416665707892153348e-09
-1.253863162996126431e-07
-1.772217296380827231e-09
-7.791089517165782479e-11
-1.008350658495092301e-09
-5.462528884281510508e-11
-1.037572788330542553e-11
-1.638702372062530136e-09
-8.678471777305748198e-07
-3.002425769838317434e-10
-1.822782728612393108e-18
-1.483228308102768887e-05
-4.428541684021069745e-10
-1.847689109545711991e-11
-4.254355415501852337e-17
-5.599381756067500790e-10
-1.458497528457200621e-08
-2.357928786402809516e-14
-9.158529396394821319e-11
-1.311626148023394608e-13
-2.098884553154621340e-14
-6.977933749479117824e-09
-9.466762292872088593e-12
-6.076595460136286178e-15
-3.474917409336175946e-13
-1.284362172734596211e-11
-8.114071926655557445e-12
-1.376694833589547910e-13
-2.335523706590685369e-12
-1.051961969131735487e-06
-3.700810914853190046e-08
-8.257216244395380883e-09
-2.811799278211620998e-12
-3.151544358517884601e-10
-7.451001045220875258e-07
-6.267022960532459102e-15
-1.194752945818667154e-06
-2.078334889108935847e-13
-3.231691346339007534e-07
-1.261720361919644058e-09
-1.048747548844620256e-14
-7.194616471879874617e-05
-2.291500762090085675e-12
-4.177079767886799438e-09
-8.449956747447176333e-11
-8.593162342071443609e-08
-2.106545867758767713e-09
-1.188396241225160950e-11
-2.223057285581966463e-11
-1.609022080304777440e-10
-3.974870090195897094e-06
-3.502087446528949749e-08
-7.130467158639217842e-10
-5.658789332454998125e-11
-2.142404559313837977e-08
-6.916360809901825989e-12
-2.283176731744145907e-07
-2.514687594417464881e-07
-4.006592251067961352e-15
-6.145169522461479375e-05
-4.438817109813720922e-09
-8.210681210192133206e-10
-1.036442783745850520e-08
-7.919240543362046824e-10
-2.102364084986861193e-13
-2.305336589472103188e-11
-1.732094992768779211e-12
-3.550565584886711734e-08
-1.343452210867394332e-13
-7.662922654025151528e-15
-2.709073475426069234e-05
-3.660780988791121519e-08
-1.366325302459763130e-09
-2.310142650587947948e-11
-7.090999121308358426e-10
-5.359218387421294462e-07
-1.151040733263708840e-10
-2.803547581667037284e-13
-9.416408780524926679e-13
-4.803855181124735790e-12
-4.763319775104457457e-11
-8.190582641903292373e-10
-5.441615558939309706e-11
-2.414726392115221817e-04
-4.646236895738994939e-06
-1.208222858229420697e-12
-4.465691238413941797e-11
-1.034826280610430431e-11
-3.286174772566339169e-08
-1.700094006629013044e-08
-1.982730712469442477e-08
-1.406755081814598331e-11
-9.706201596547192962e-10
-1.592440912946790043e-09
-1.505350403984564787e-11
-8.568960777747433709e-11
-4.436303206344779039e-10
-3.539907842851945049e-07
-2.840120322408572554e-11
-2.021656300608544664e-09
-8.797109207869809077e-12
-2.839791034926221209e-09
-1.475572126236173819e-09
-6.925675170144528103e-10
-4.749964999429898132e-08
-2.991087534357966280e-11
-4.416468274740980443e-02
-2.613571802907456264e-10
-7.710475466346744757e-13
-6.818518564896144617e-12
-2.896772671652006965e-08
-3.178448189591469063e-09
-1.280125163171868303e-05
-6.454225718967818362e-14
-2.816536436329135694e-11
-5.486091362445265479e-14
-2.144817513118031469e-12
-5.293873202893865371e-11
-7.367975016973528409e-15
-2.529420790893958960e-11
-1.013074735127433000e-13
-6.224796415703842716e-09
-7.023766193815646633e-07
-2.110347226093381762e-05
-2.204452754648124292e-13
-4.904088609277997708e-11
-1.885692825391151461e-08
-1.615828054653644493e-12
-1.600111908203768307e-14
-8.720510701435185633e-11
-3.172273036773102585e-11
-6.365844739264838328e-14
-2.220871918789658831e-13
-1.676806200784546226e-09
-3.228063336713696759e-12
-1.123358975266899979e-08
-1.203626119123234038e-08
-1.462505563749041754e-07
-2.587859042983018481e-12
-4.788972468638140488e-09
-3.538863148707240627e-12
-1.051989040664420967e-11
-2.100720616523434681e-12
-8.869861388342292006e-09
-1.089557714142867946e-05
-5.035815775706481297e-10
-7.317760855418961554e-09
-2.275544088436627383e-03
-2.512811359968990552e-12
-8.086750865688378316e-12
-2.121774312534121956e-15
-3.331812223544362646e-12
-3.750885460996713328e-12
-3.630884265186949077e-09
-6.678106405903728232e-12
-3.535889058092031313e-12
-3.824555339022746034e-08
-4.489710717109909005e-10
-5.118748435188498628e-11
-5.750950514345759974e-12
-6.680305882947713650e-10
-1.764181952780393423e-06
-6.553897629339314912e-08
-2.717077241590308944e-15
-1.097189412270695757e-11
-3.679837225508625011e-09
-6.050980461287432288e-08
-6.719998407217945691e-14
-5.652589524466659721e-15
-5.474601948339051623e-10
-1.619912575094068554e-12
-1.097242941019439301e-10
-1.777552082566125904e-09
-1.376372669361333897e-11
-3.670196430512974735e-10
-3.508437748278027520e-13
-2.279151179273843594e-08
-1.119342597274197295e-05
-2.053742351489490348e-05
-9.831688462496773678e-12
-3.730201984610728575e-11
-1.018236108934406157e-08
-2.419211648065072421e-09
-3.605302275461708849e-13
-2.730583804415189999e-06
-3.104680689319145263e-15
-9.802187587255296210e-15
-3.652079278989512198e-08
-2.016865872592295006e-09
-2.827115580717858362e-13
-4.528658837908189432e-09
-1.467716662028704328e-10
-2.006834672916455342e-11
-3.241684640866343284e-07
-2.345837988536170374e-06
-8.973851586541394940e-10
-4.671320681324383870e-10
-6.257356382904913217e-08
-2.392749314932612049e-12
-1.282583441870301723e-05
-1.204709276917018745e-13
-1.289209125602641182e-08
-1.052757373713997121e-10
-5.289924640235146003e-10
-8.926248245254272120e-16
-1.381392004398245061e-07
-3.111711791514472563e-11
-2.068677620056134473e-10
-5.246978975724918356e-08
-1.196787006053053039e-10
-4.609534570186638116e-06
-1.907488824064656459e-09
-1.155059547698766539e-08
-4.546096999695758154e-05
-2.094476712976506821e-12
-3.147449902028658015e-11
-1.629196707024404310e-12
-1.521337630270771401e-10
-6.317429334219313180e-14
-2.721949195357412672e-09
-1.826666326843708698e-14
-4.113230523901006681e-14
-1.128334034901840017e-13
-2.782766067549993291e-13
-3.062786838533831064e-10
-9.011291139796441835e-11
-7.669597900759114745e-15
-3.618560837506624911e-09
-4.382026801277079403e-05
-1.638957565562724189e-13
-2.317720958591247048e-11
-4.979918150499625604e-11
-4.140332540375588669e-06
-4.199760586439187419e-13
-8.707838617763601868e-09
-9.422204094667843283e-10
-2.040771951791718354e-12
-4.023259525622494784e-15
-4.538879717269234454e-08
-2.181972598868593748e-10
-3.797082106441723787e-14
-3.275438036592199725e-14
-8.306750274034122332e-04
-1.398609604407564343e-08
-1.033018974137352190e-11
-3.005525003203298405e-09
-4.213060066524230433e-14
-2.658974338696887651e-09
-5.500432350995167888e-10
-5.673405812891597482e-12
-7.096094116054001474e-11
-2.042537999796166173e-11
-8.798177866306120487e-12
-1.458584963882007028e-12
-1.199313581989162300e-08
1.268602870520620787e-17
-4.671520300534015810e-12
-1.136076017351970324e-07
-3.562371753994503582e-11
-1.417255415466947788e-06
-4.742081215472003693e-09
-8.839259707162165093e-11
-2.030137756034310422e-10
-5.536004715552997961e-13
-5.030338776943305601e-13
-4.011703144552418404e-07
-2.880412367932313785e-13
-7.255663952961522740e-13
-7.901115890630068230e-09
-7.825584585120205907e-12
-2.517413204546206089e-07
-8.464002511426778223e-08
-8.886591377439730382e-10
-7.755468932865822539e-08
-1.575402876374454932e-16
-3.983692768255951196e-08
-2.995732060391406179e-09
-6.049168830929180033e-12
-4.593515006991153167e-11
-1.436798086609838530e-10
-1.366852498835384811e-06
-1.892546060725158293e-15
-7.967907070660279766e-12
-5.930526119672692827e-11
-6.484279239948529212e-18
-2.956152986643271701e-12
-1.726095041555877427e-12
-6.193870991647188457e-07
-2.812502017451053945e-12
-4.487557175444183674e-10
-7.639795311513712496e-06
-1.997950662728610893e-13
-2.943572103354027702e-12
-3.885151716341903528e-09
-6.935895324788786063e-11
-9.630151267553398886e-06
-1.851760573081369136e-11
-5.747223181876219731e-17
-5.250763009349121912e-08
-2.053590514460296970e-10
-2.378352760688359374e-14
-5.401020831631840280e-11
-1.417475863627654747e-12
-9.268030322635561963e-11
-4.866094392307870157e-14
-3.246088481206536351e-13
-5.604343421400090908e-09
-1.996000785359668173e-12
-2.846084539521363952e-10
-2.852745632221889115e-11
-1.980026831078569064e-11
-3.399851150387943421e-10
-5.550378601434997875e-09
-1.546470342241008693e-07
-2.544834628354759720e-10
-2.567572595303480851e-13
-8.102563467732851163e-11
-8.481103103978371893e-07
-5.054480607598285570e-11
-1.765985671504732164e-11
-5.818775475053248392e-15
-6.207044082180942924e-17
-2.763153376876956352e-08
-6.488438967902135286e-10
-4.457219212420793731e-09
-5.633366751514869948e-08
-2.521313413314168963e-08
-8.937099383797672024e-09
-1.016284593316528559e-10
-7.724840951805147075e-14
-6.955094557233095187e-09
-5.664955773071839302e-14
-2.066768730567774913e-14
-5.723535558587201506e-09
-1.118903951907504144e-06
-1.219638323544373407e-14
-9.535102959958168068e-10
-6.617290805736769074e-11
-1.194850942548472543e-12
-1.793697272244282820e-09
-3.417985802578239258e-08
-6.415357367456447049e-10
-9.118703599635217760e-12
-7.815170933087660773e-07
-3.983037173840229071e-11
-2.710334534087768326e-14
-1.542004605069412592e-10
-5.571307202178332621e-05
-3.436038725250095680e-15
-2.857294822321075468e-08
-2.373027221917987289e-13
-9.952160268526848873e-12
-1.470651497362157176e-07
-6.445438570080807548e-10
-2.090336621370053255e-11
-2.912427006928347348e-07
-1.023339089125716734e-10
-7.012814099298557423e-09
-8.276063951980801143e-13
-2.316322322122339706e-10
-1.349720186180817827e-11
-9.723233301224886715e-12
-1.654944115260723921e-09
-1.609655046725026284e-04
-1.642644085980778492e-13
-2.590621949131389318e-09
-7.529036154431569961e-06
-7.746785099447893000e-11
-7.800806961069779217e-10
-3.621165845888571451e-08
-2.216559938577422007e-09
-3.103598991321278612e-10
-5.581997505402080316e-12
-7.051050007837670893e-10
-2.341592262103133560e-13
-3.419040522846219562e-10
-6.220353962036363604e-08
-1.266706075323804454e-09
-7.763816711267821795e-11
-4.064341841801035735e-12
-8.757479700340140332e-11
-2.523214984670344919e-07
-9.707316498687312713e-12
-4.905714281370962192e-13
-5.642128699584961853e-11
-1.073368676733432928e-11
-2.262350842831933070e-11
-2.405454752137764414e-13
-2.377890320064424160e-10
-4.752355645244158336e-08
-2.656757442070753198e-09
-1.642554882191404778e-11
-5.526741468820677994e-11
-2.366883916342601574e-09
-5.091292146375085963e-05
-3.221850245735576512e-10
-9.077272323079661477e-11
-1.318061979946642610e-07
-7.238391777837621233e-11
-1.007521553495768597e-14
-6.795354554444160643e-12
-1.695049841992701013e-09
-1.947746093329480625e-10
-3.549828829220363317e-14
-4.963304963730075674e-11
-4.214462698346347724e-15
-2.576374351970654006e-09
-8.226700429983643149e-12
-3.431035641330838000e-12
-1.020869826776409817e-13
-1.081907102732011459e-07
-3.684435343191640794e-10
-3.124898880514597960e-09
-5.683708679358927056e-12
-6.792326456636253332e-13
-6.739028238066735801e-04
-6.011398343599870454e-08
-9.887197136339588618e-14
-6.996827222862462504e-12
-1.826913999190385524e-08
-4.576178224007308322e-12
-3.353603871246665530e-12
-2.686981215034354473e-11
-1.828105790751553227e-06
-6.681941058037818764e-10
-2.991358545730113376e-10
-4.061100475211071544e-16
-5.432173825022420767e-12
-1.038576094102003702e-02
-2.699856731592763601e-10
-4.365007470692592645e-09
-1.265260482103993962e-09
-3.311019390189722009e-07
-2.733471476033024556e-08
-1.263291882762055211e-10
-8.753905320917573725e-10
-1.195034830763303675e-10
-3.181697460663689951e-12
-8.427595179052502212e-11
-1.369302569380338571e-10
-3.433893595797205097e-15
-2.846666675784103144e-10
-1.029309016137353378e-09
-3.893148898909777921e-10
-8.585706246890177846e-11
-1.215524896314656322e-07
-3.944474499541858588e-10
-1.652056869092337191e-10
-1.238354068343402252e-07
-1.189466170513713004e-15
-6.542875580902371854e-14
-5.908370499453253970e-06
-1.451280547697055397e-10
-2.500271241105461230e-14
-1.202635133379862853e-05
-1.555044259636787054e-12
-5.167355955202819003e-09
-4.785289870254076507e-13
-2.030606603202746017e-13
-9.663417298432474101e-14
-2.159840404102515382e-12
-1.494873853978731607e-08
-2.531724443805204857e-06
-2.235350230862108035e-09
-2.458382838611701960e-13
-9.739474050929176658e-10
-6.871326895869973264e-11
-2.039617036430065193e-06
-5.084619454047432617e-08
-4.304846804554091632e-14
-2.249829382252787856e-08
-6.629893716466668826e-10
-7.891077550457625042e-04
-1.111087428674340110e-12
-2.825341218226690143e-10
-7.842007040775866815e-10
-9.481748626224558175e-12
-2.287995456509773675e-11
-1.581204870154597362e-13
-3.950569882256904513e-13
-6.940256638711912389e-10
-1.249711672916514415e-10
-2.255451859152082913e-12
-2.227524403802301880e-09
-5.372738585085981806e-13
-1.668554306678364503e-12
-1.444983967235872391e-09
-2.097982739791000276e-13
-5.264997957366100214e-12
-2.000113519834093559e-11
-1.211865700131946369e-10
-5.332541687180836282e-10
-3.129847769434836725e-11
-9.005150431324783812e-12
-3.969623748144187490e-07
-5.800110720546436535e-14
-5.235478053082607205e-12
-2.658341403489328936e-11
-7.773629309920828306e-13
-8.707663873293121999e-09
-4.162578997243269499e-13
-5.024033325957374183e-09
-1.455013083780828846e-13
-5.295909455054120398e-15
-2.721808722601948128e-09
-3.128751148914848979e-09
-3.336899509372879134e-10
-1.455023258722423526e-09
-3.377093233390528299e-12
-1.970324422908853125e-09
-4.907350705868097466e-10
-6.338382882324306584e-09
-1.730224123576429265e-12
-1.075744049079207897e-06
-8.421167835304807690e-11
-1.254432929274398204e-07
-1.514041947034093121e-09
-5.980808075486159590e-11
-3.136405264499846719e-09
-6.077970935980402669e-11
-2.085649992409116195e-13
-3.799373899408197130e-10
-9.404475927633754563e-04
-4.886022481293705503e-12
-1.074160268971541873e-03
-2.197678781148191479e-07
-6.240482714638036785e-04
-5.438769726003709458e-12
-6.724319420296356789e-10
-1.147926004699827034e-12
-2.249074640584245665e-11
-2.984292265761769612e-07
-4.896406747224407457e-08
-1.499484890834371494e-12
-1.437150435493028621e-07
-2.124732256395315868e-12
-4.114925046533200243e-07
-2.181708029227193582e-11
-2.510837258347815284e-04
-2.241827000499588897e-15
-1.655393933081018332e-12
-4.277436574265845544e-07
-1.399430007144715971e-13
-5.101365621394948351e-09
-7.792142374003672399e-08
-2.960827755803799606e-13
-2.026828492097885385e-07
-4.225026814614987331e-13
-2.010327373257341397e-08
-7.001052129970646468e-06
-1.168201659887552251e-10
-3.228520708245112946e-07
-1.573479300497098184e-10
-1.385515173860233315e-06
-2.699904214751658324e-07
-7.365200567555874373e-15
-1.071727074467452905e-10
-7.625022752815038818e-08
-6.366551502078071636e-11
-2.379607257463999859e-13
-4.926118420805141974e-09
-1.238249021166902700e-11
-1.023974737309560732e-10
-9.428004672062741671e-11
-5.417668087271358413e-15
-5.147920062068791373e-06
-8.214183750010342877e-09
-1.250523861503601595e-12
-7.236067518266658360e-11
-5.144744358977862570e-14
-2.641471011981517188e-14
-1.343045843531913087e-07
-2.084311368099590815e-10
8.467343747375334351e-01
-2.996756194886811067e-11
-4.508390935701578838e-14
-5.951688569040115060e-13
-2.910990982775021620e-12
-1.425051415879086973e-09
-6.570764625413284968e-12
-3.816149165793751476e-08
-2.970068447380508803e-04
-7.652460722220591659e-13
-1.111520349060686614e-06
-3.173354250510233147e-12
-1.958454099407660044e-04
-2.491961205986103275e-06
-3.452327084879482629e-08
-5.188289522505713631e-12
-3.081069742128914428e-11
-2.987115697800015589e-08
-1.079606230416613707e-15
-2.533644545005629960e-14
-3.799374637333094224e-06
-1.536208575626908453e-13
-9.176257040088552498e-13
-2.098526875098345647e-03
-8.811072974380040437e-14
-1.509212293769541581e-04
-1.766442214901279556e-10
-9.924265092942484995e-12
-5.376548776469525785e-12
-1.439335139938842118e-03
-1.335043122975021470e-08
-2.162638471880188729e-11
-9.908193893370290708e-08
-2.632265146419311478e-08
-6.736070607149714686e-08
-8.641444157720063282e-13
-5.202836579895602219e-09
-8.903380114207393587e-09
-7.401609505672394400e-11
-7.686121647072008737e-05
-1.256606742404900681e-10
-7.320537051160857334e-10
-7.467263184322471809e-10
-2.984100145346815105e-10
-6.523472321372785298e-06
-5.311077674749781675e-07
-4.021308701736980508e-11
-8.263401274583476115e-17
-4.577980184079798938e-10
-6.602087642693437363e-14
-6.115608646488746846e-10
-5.954675022002106167e-15
-2.016360107035624040e-12
-9.245843466158342724e-08
-2.111702971318729644e-09
-4.892945787997704488e-10
-1.408436593372911360e-16
-2.874131731751881317e-12
-1.054123644238860639e-10
-1.000576779479064199e-07
-1.931544332211108286e-12
-1.858104212001925975e-11
-2.577278712677350133e-13
-1.495942463133342027e-17
-3.113673641060787243e-11
-6.931902395439593895e-14
-1.550492182236024531e-10
-2.512789559600294926e-12
-2.681239590802252151e-10
-2.754484183133622371e-06
-1.929190263286918335e-11
-3.218082574517994656e-12
-1.380609255831642572e-09
-1.215362688665052264e-14
-1.002046719749567799e-11
-7.283049892816758970e-11
-7.797413460216260445e-11
-1.328783107623515731e-12
-3.165255519745070633e-12
-1.574484453005709232e-10
-9.798466630937226018e-07
-8.418180279551577819e-14
-3.470537237969858574e-13
-7.667778681149224913e-06
-1.178838456078441230e-08
-2.515500241334698101e-06
-1.295504103065134387e-11
-1.084004770463356845e-11
-9.699048932004126857e-11
-1.775465081141488798e-10
-2.672904984690598888e-13
-9.361014811220498213e-09
-7.379661846717621703e-10
-1.165058033137420190e-09
-7.645538519509044392e-10
-6.834104556608455317e-10
-1.016441648433979479e-08
-1.549318957320971997e-10
-2.213020473757704713e-10
-1.373121116084794537e-06
-4.769391611909329872e-09
-8.718094605593148842e-15
-2.158140809663563586e-04
-7.738960697127876441e-10
-7.527341103412125219e-11
-1.417388637042849851e-14
-7.348692683077794644e-10
-4.408461730277817654e-09
-5.046984831175811192e-08
-4.370826568570099733e-14
-1.155987844868937849e-11
-1.356559813850382545e-10
-4.656740020146745777e-13
-3.232641480253381647e-10
-3.444003799267425956e-15
-6.771087505971219624e-08
-6.222817588600210946e-07
-3.130598740596786183e-12
-5.888651148083721028e-07
-2.822584370978989322e-08
-2.731595334692168311e-10
-2.531847016243591372e-04
-1.463652026749603001e-11
-6.692660365699024319e-08
-1.664974920317490414e-09
-3.075124396599075534e-10
-2.685630496825336038e-10
-1.679418114694066274e-10
-1.290776001530979313e-11
-7.448162534632110135e-08
-4.594545231731749730e-10
-1.259151369578107860e-06
-1.106456178395728480e-10
-1.348513422084152757e-09
-2.906231026209575166e-09
-2.628508223682538028e-13
-3.352252864767675285e-09
-2.064430018150569952e-10
-2.113120493746846080e-11
-8.177272179741466196e-07
-2.459039120874830691e-10
-1.387437790956495823e-09
-1.339993331068666219e-15
-5.265273116871024763e-08
-2.648366418821788721e-12
-7.279549182774306772e-11
-2.234695753816605874e-15
-1.997703508354134865e-16
-2.843618713701383606e-07
-7.828725622619976116e-07
-2.666112195502349630e-14
-2.185346326357504902e-16
-2.325047915790340074e-10
-1.155562715779338849e-09
-4.124373529228377727e-06
-3.604455317782181170e-11
-4.073642869820214643e-10
-1.016058551536954714e-14
-1.600324829378224950e-10
-1.364621457069792274e-10
-2.923185480929559447e-06
-7.911793575357482217e-11
-4.743262596374824432e-12
-1.021598584894114015e-11
-2.950299299831338257e-11
-7.953065744298726925e-14
-1.631718243288663423e-13
-4.330726583757932768e-10
-1.047188734569797682e-11
-1.983053715048882029e-10
-1.041799964048040065e-14
-3.767587300210943238e-10
-5.697920706317751487e-12
-2.633111752842771568e-09
-2.773102667951565559e-10
-1.025121855128704138e-08
-3.862673302937040917e-09
-1.886661728843135626e-09
-5.395192419232741679e-10
-8.086338001340787184e-13
-1.963463773674467289e-10
-3.518916314832614472e-14
-4.254231167364536256e-11
-1.522917838490782806e-10
-2.275626529834108168e-14
-2.475831031455049022e-14
-1.407624478912315039e-07
-2.721501281833196696e-15
-6.739478953308637718e-09
-3.364569594289790480e-11
-7.450215747204228671e-11
-1.052357004102777362e-08
-1.146153749201622719e-10
-3.890744248902506543e-10
-2.362536438645145318e-11
-1.255319113709681842e-09
-1.418975914539435016e-07
-1.247661353731615235e-12
-2.453523467423710798e-09
-1.297756626457030707e-08
-2.076771979009053789e-06
-6.008550567074247194e-13
-1.134471210884737417e-08
-1.474693724013840453e-06
-1.200909360225215162e-12
-1.989935022839236242e-09
-1.199730901511061851e-08
-1.275784637481380049e-12
-5.265418199744824542e-19
-6.889699245574806661e-12
-3.312550380254156003e-13
-5.899306954227168332e-06
-1.899230207893165647e-07
-4.295901016047239576e-11
-3.795615977180550964e-06
-2.944673762693213118e-11
-4.710496747277893112e-12
-5.226603484340477383e-12
-1.116991990009445586e-10
-1.015250821011630171e-13
-6.528587714294011007e-12
-9.349710207575056170e-12
-2.137834965047818499e-12
-9.104356563126042263e-13
-2.869224502723099598e-08
-1.354171363137032995e-09
-7.190240694775129371e-09
-4.546858628316559789e-08
-6.631108826230298160e-14
-1.813457803027199246e-08
-1.266438790466808283e-06
-3.665283109655762152e-09
-1.126194649038864621e-10
-1.607184876558158902e-04
-2.901094612646021963e-12
-1.247375245303861211e-03
-3.006831027212061710e-14
-1.525948789926033174e-10
-2.861056520228996732e-11
-2.544265895993771247e-14
-5.321331411429358396e-11
-1.583800459904182637e-10
-3.400052970818465629e-15
-1.336570681126467340e-17
-4.032833404292272244e-13
-4.483548558680893978e-11
-1.501043990694876017e-11
-3.921913268248673709e-10
-1.784177452295149247e-12
-6.197084412642016135e-11
-7.112852924561652741e-14
-2.739011424030390792e-07
-3.616868287474352822e-18
-9.431013562346073045e-09
-2.402620185864743317e-12
-9.778429983987097333e-07
-2.901268002823613165e-06
-2.104437736455333883e-09
-2.317230546538734991e-10
-4.945055590691659770e-09
-6.936166504049439988e-13
-4.207857019595175271e-09
-4.781401383254914267e-14
-1.285406572283011131e-10
-2.727750488399815513e-09
-3.777062864647511485e-08
-1.772290117048423745e-09
-2.380032315145815992e-09
-7.606268841693664365e-07
-1.477002027266771000e-10
-6.918669993541173035e-10
-4.512240054411552010e-13
-1.306932427870105157e-11
-4.793409180989546151e-13
-1.046675904796014794e-05
-2.061014410457281973e-07
-1.918969868282505375e-07
-1.462347024376431806e-05
-6.579040984100572803e-13
-3.224045432226382218e-09
-3.408917184094009178e-13
-1.216177232284606365e-09
-3.069974742367511929e-07
-1.078532853778055635e-14
-7.461347657205645343e-09
