-1.513902186335416092e-15
-8.011161011717718735e-10
1.013452344246271843e-12
2.694810586838979853e-17
1.058889298987372264e-11
-1.016781275883799433e-12
2.227950547283581204e-12
2.015708041762334730e-11
4.090848782406330581e-09
-3.182668796748422164e-15
-4.318380938147545154e-15
2.852176901966529715e-11
2.039340302053296534e-13
2.166141367539228595e-13
-4.796296506631266253e-10
-1.758855074856275757e-07
1.581964741476414285e-12
-3.253920435801603870e-11
6.695926543916662511e-10
-4.111052794443174548e-15
3.985729375757607033e-13
1.948564026948690576e-10
4.866183218360459133e-13
9.410156375416863008e-15
-1.925416203714249987e-16
-1.258347213674942689e-10
-7.544250019806699099e-12
2.239756197413963109e-15
1.082639311480455323e-14
-4.198828050166899963e-11
-5.883455847690523041e-11
-1.396268173945126481e-14
-2.766401026138025022e-12
4.801729224022629899e-12
-4.355565678556711457e-13
-1.223639736411601014e-16
-4.173420034738828837e-16
-3.259010980054697939e-08
3.057533721193403378e-14
-4.899718246782435019e-06
5.430951812358089081e-13
4.787846156725699174e-12
3.510008548653839512e-15
1.753034433433705155e-14
-2.933014183906282637e-14
3.889066667773809346e-13
-6.144196925750552867e-09
3.552027074443820891e-12
-7.817216025045766921e-17
-4.598611512347640796e-18
-9.319061432060682720e-16
-1.143794918765482042e-14
-2.576105895262177838e-16
-3.306121503432117921e-08
4.860928398099372338e-11
5.856228214365604748e-10
-4.555002412744407470e-16
-4.253459271747445066e-10
4.802881679316810033e-13
7.415884293447928922e-15
1.002241013845222421e-11
1.531237289242024978e-11
1.051075749496461415e-14
1.664139646277039207e-12
1.753920737289547230e-14
-1.837414982004546431e-12
3.087967852567479778e-03
-3.935665002667199328e-12
-1.429041149963328652e-15
1.791551113334399875e-13
-1.441080041732888956e-11
-8.512557320716172826e-03
-1.683766790155215800e-05
-2.205553152861724772e-14
-1.830023481907006803e-11
-1.158083513377403673e-15
-6.615645618161109688e-12
-8.116228354038395600e-20
1.227833576060280466e-17
2.970254597553257122e-12
-1.084807528667986326e-13
-1.321677689769909815e-11
-6.406735270855460837e-14
7.658375080220619647e-11
-2.597108184385444975e-14
-4.492734302784831099e-17
-1.661543985104240877e-13
-1.405962438380219876e-13
-1.717883393282753305e-11
-4.437357173709023976e-13
-6.869034202081449482e-16
-8.484018930987005912e-14
-8.376886112316258357e-15
-2.447898050270938996e-12
8.456600928048486161e-13
-6.243485669744841610e-12
-8.160888130079160130e-16
6.172861011300388629e-14
-1.025912444502216496e-11
9.312042314727017893e-11
-6.189711640306075269e-11
7.870864846604319926e-11
1.029628991709874888e-12
4.453037064526533933e-13
-1.070965006092187727e-11
-1.531867336226194911e-13
2.940219692570351656e-14
-2.768612459772551920e-10
-1.083187347263894659e-11
-3.743717282577785302e-13
-5.669676319667905270e-16
4.132835380927130109e-12
-1.461933450604067407e-12
-2.280737775500228753e-12
9.000297677418079909e-15
-9.195966655940408606e-16
-5.111448201369060991e-16
-8.008626812839578395e-13
3.007605793628360551e-15
-6.497929997846599217e-13
2.719735203220495034e-15
-2.178794218630853137e-07
-3.551256547608319929e-13
6.232406169067558261e-16
-7.805471020238845780e-12
6.237829203645495456e-12
-6.084349067128329095e-15
-4.158071966444791480e-17
-6.737284176759776296e-17
-7.116291908100930775e-14
-2.347596415627895116e-11
7.794821010245055285e-17
-1.413796739958424134e-16
-2.680014713956936040e-15
5.591549451115341101e-14
-1.420992912476585802e-13
-1.686576102502617034e-10
-3.092431877891755917e-15
3.595398271136995320e-08
-2.887699016249417978e-09
-4.465052486287861336e-07
1.565337624167026505e-17
-1.195075019088628543e-11
-2.230270351942758263e-09
4.582261671983853577e-12
-3.812678043627063461e-13
6.699682409998805113e-12
-1.351661910922189748e-12
-5.908303427274493023e-14
-6.501855640465800985e-13
6.381029760469681841e-09
-1.536904684431266278e-12
-1.695831773343214324e-21
-2.981563541558521831e-07
1.289844162202695480e-12
7.529403083308793796e-14
-6.710991919958979377e-19
8.475881954721518606e-13
1.861994450384510677e-11
-2.659754566037574459e-17
-4.698859994464020477e-13
-1.446783092975751410e-15
8.135687150344016354e-18
6.252541138440038848e-12
-7.625225358627719168e-14
-1.185527436392975444e-16
-6.424945268705646956e-15
1.944347484845523788e-14
4.876121207540135093e-15
-5.994150280569106479e-16
-1.537746563805704681e-14
-4.147659859277460136e-09
9.269829649983236277e-11
1.922886242773614494e-11
-2.583578826958379344e-14
-2.473179147600270771e-12
-3.730070870129520842e-09
-2.316647927329944024e-17
1.235597851498697922e-09
-1.226679780751523464e-16
9.506174800978897058e-10
-3.314493917822950078e-11
-4.301258999400352053e-17
-1.892667823627444484e-06
-3.879043365752525384e-15
-2.356445560906636544e-11
-1.859095222720649531e-14
4.251020040195413707e-10
5.266260113609339556e-12
3.847032291916600144e-14
-2.698854630762942488e-13
-5.546133766446357703e-14
-5.470692239265152913e-08
9.450634781101945155e-11
-1.264080460425596638e-13
2.145403255102533568e-13
-1.542903982027765561e-10
-3.670612111727674483e-14
1.677565749508281780e-09
-6.617949122067125272e-09
2.465871717287934325e-18
4.530412802794919378e-07
2.120682703760897895e-11
-1.017687049529072094e-12
-6.681632230472782339e-11
3.661716950456237897e-12
5.243463700870507944e-16
-2.752988343504858198e-13
4.344456793994268098e-16
-1.672202464260772618e-10
-2.346295496010171401e-15
-3.699127434589363004e-17
7.794208225127817732e-08
1.219661594541393260e-10
-1.267240562851283454e-12
4.896588649906632713e-14
-4.757941656637098885e-13
-1.463100031772213341e-09
2.933926685338619576e-13
-6.113169540923862399e-16
8.446180298594889495e-16
-7.791657002936219480e-14
-5.577637245454948856e-15
-5.372003719768274739e-12
-2.632863568660816351e-13
-7.964382556300135503e-07
-3.358584199549059151e-08
-1.040936386089648292e-14
3.380639381742525817e-14
3.174012291807869041e-14
-5.963573921138160614e-10
1.230956679151724993e-10
-4.784868049492777025e-10
-3.575012052438353233e-14
4.526202474602427084e-12
7.590347918857551124e-13
-7.530760285354137715e-14
-1.358184310066934299e-12
-4.500125968464224473e-12
2.868324395549207510e-09
-1.423112830761672633e-13
-5.633634520132792823e-12
9.380736069472679791e-15
2.707248164374811270e-12
-9.061252032759027195e-12
-3.700725405934530862e-12
-5.551767040662412564e-11
1.013774456726705089e-13
-6.066709388722246656e-04
-2.465972227924571287e-12
-3.797080193222696901e-15
-5.437416195478349757e-14
7.936204459040901730e-11
-5.532150477426020612e-11
-3.366373027458023811e-07
3.532073760959482137e-17
-1.674696568886593360e-13
-2.674558070139341600e-16
-1.554179366446850081e-14
-1.857453111723371367e-13
-6.340871369483604283e-17
-2.411969881265820059e-14
1.979246260803304158e-16
1.621772220856680602e-11
5.174369368974202234e-09
-6.757836862489234591e-08
-2.035994783401454730e-15
-4.286214092633706546e-13
-9.265749814250105025e-11
-2.638739003670940381e-14
4.532494649769313447e-17
-3.275233480459183992e-13
-2.051805764837423497e-14
-1.919714033324550700e-16
5.105139281014295948e-16
-8.360577895474329982e-12
-7.266595726089646040e-16
3.310311044061040604e-11
-1.491062680740351272e-10
9.808026232799351712e-10
-1.588262270490725956e-14
-3.207087406565599995e-11
2.215643076117995532e-14
-6.156565297825185258e-14
-7.765201783157452570e-15
-4.539893423087289260e-11
3.659801640980038940e-08
-6.726969714053301199e-12
-6.888300414613844584e-12
-5.988820957835069972e-05
-1.349220335397481649e-14
-3.345065662041526637e-14
-1.290610379609874977e-17
-1.459100085159144374e-14
-5.642089869277510700e-14
-3.014300296370931866e-11
-1.157952379614981180e-13
-2.106431873133939521e-14
-9.668496280842759973e-10
1.209943624729647512e-12
-9.528081665420513905e-13
-3.332374028988847771e-14
1.133636601741209394e-12
-1.345013743962908706e-08
-5.915573622152720091e-11
-1.232912835033241343e-17
-2.786664015789475412e-13
-7.149019059739354448e-11
-1.621035399545250117e-10
-1.967541894716465812e-16
4.288059178533880252e-18
-2.618363908252621021e-12
-3.140447649334551266e-14
-4.200297282864752310e-13
5.468838742104162847e-12
-4.451808707428841325e-14
5.799045156240932158e-13
8.744970411014104073e-16
-9.847529070089176950e-12
2.786981005621339091e-08
-8.188801893136776700e-08
3.237372689931319220e-14
8.624622640215237177e-15
-6.559522089724618870e-11
-5.173868523440612279e-12
-2.446723349353889624e-15
1.997153418183685961e-08
-2.067286423639118306e-17
-1.898787742882588416e-16
2.246219429870260204e-11
-1.452846421618459898e-11
1.646730650022706887e-15
-1.901804511982912046e-11
-1.585623782324200275e-13
-1.844348804678148834e-14
-4.271395558159875543e-09
-1.295345385680589997e-08
-6.989238701629760751e-13
6.880044797926213149e-13
-5.084055767129294675e-11
-2.920860259106808936e-14
-9.347664936890767170e-08
3.763871859251505327e-16
9.403091015378764158e-11
4.757629276098373856e-13
2.201890564535615901e-12
-2.995429436816647354e-18
-1.125679337181743066e-09
-7.953784391490058024e-14
1.445579547331746503e-12
-5.302478584301256423e-10
-8.915032653257906929e-13
-1.545009198472240604e-09
-3.799318117010914089e-11
-7.072143398412879651e-12
-9.018608220845245387e-07
6.169064658495376459e-15
-1.194681319457669643e-13
-1.647974359920508536e-14
-1.554343196880150337e-13
-2.566982914516291221e-16
-1.398444579552175953e-11
-4.007220865837808915e-17
-6.875427989394967300e-16
-2.920537875590555385e-15
7.781756627139574653e-16
-9.553581023909407151e-13
-1.860451987990237951e-12
-4.079613480418011261e-17
-3.486144191307988878e-11
1.091868646291696741e-07
-2.108975195211048428e-16
-9.525900773668666561e-14
2.027682346212733313e-13
-3.697782112428527951e-09
-1.969272610797033970e-16
-1.659988280869293580e-10
-8.789316139777213025e-13
-8.100626812728495368e-15
-1.544900314890860623e-17
-1.616532786903211222e-10
5.086482475877559028e-13
-3.656001752993016004e-16
-2.454888442037929149e-17
5.724907069704629919e-06
3.767162906464823063e-11
-5.062123605397728332e-15
7.203880346955590025e-12
-8.295153344721949796e-17
1.276505151859002283e-11
1.089995888968767068e-12
-2.580167107653246490e-15
-1.251096899807129712e-13
-2.237237535718587295e-14
-2.349803025152798304e-14
-6.777458528582157967e-15
-9.063689377105662089e-11
-2.475682982765728891e-26
-2.107041053712383271e-14
-1.033818725368323116e-10
-1.602499981617601182e-13
2.467638044613917014e-09
7.389733665777805717e-12
1.696728337325957474e-13
-1.619110430713347999e-12
-3.111764481651335435e-15
1.976532834551603253e-15
9.172874868578325681e-10
-2.187408182909254837e-15
-2.110400733034372014e-15
-6.244874118467916609e-11
-9.458396630259599134e-14
1.848077887433212239e-09
-1.991256562748780254e-10
3.012068855773922877e-12
5.667766223966087098e-10
-2.743070374137218904e-18
-4.866356090129216251e-10
-1.425033441993683964e-11
-2.047794568432104770e-14
2.035170985249751236e-13
9.650509318266880128e-13
1.004501296745380038e-08
1.210183678341029925e-18
-4.161369950477470864e-14
2.757056558895211213e-14
-7.262400184979908747e-20
-1.106517733549710875e-14
4.966449650320746244e-15
-3.174098278521116269e-09
-1.478366341789084259e-14
-2.168268020884306397e-12
-2.514055306795110364e-08
4.450990884205723181e-16
-1.380493234914049940e-15
3.207618951724286480e-12
-4.561199704363926244e-13
-4.700972871249436789e-09
-8.915464149781068185e-14
-3.543820991378180967e-19
3.416870300383164951e-10
3.406208376606687222e-13
-1.026259403432566828e-16
5.519549593099278697e-15
4.072804820264540713e-15
-1.568974861032087737e-12
1.157380379709518010e-16
8.581604881601414226e-16
-3.501227092898215929e-11
2.715091736166643031e-15
-5.841499477412718431e-12
-3.493911708767705093e-14
-7.999389945985657578e-14
7.654857262078949916e-13
2.569092396098473802e-11
-1.211765828990650723e-09
-1.071474423932062984e-12
-3.741307582697665752e-15
-1.320195127419064793e-13
-1.025609478363681380e-08
-2.451695529815655478e-13
-4.562315097375294009e-13
-6.889899219086060880e-18
-2.815596359693901245e-19
8.237044313580921369e-12
-7.864010606971215745e-12
9.374284196970714669e-12
1.527375950930668615e-10
-7.061351310337671065e-11
-1.034530138945914540e-10
-6.122830013121951246e-13
-2.277894780286509400e-16
1.575251842702163336e-12
9.167166913576142734e-17
-8.816218819188601215e-17
-3.635809927479301737e-11
-4.336427894587938238e-09
3.753947797442148829e-17
9.444083359514828161e-13
-5.089591001233446954e-13
-5.909841536100664018e-15
-3.111650009318428116e-11
-1.750141491664368390e-10
-7.790899072256213761e-13
-5.697718949161883104e-14
2.317884802477074383e-09
-2.719826955262485358e-14
-3.566958634118546381e-16
-3.153131304526697695e-13
-1.466262904627303443e-06
-1.125276690179598613e-17
-3.833229739308867320e-11
-4.291183138329041015e-15
-3.707331118995120294e-14
3.570621662448752680e-10
-2.651329943216289922e-12
-6.087142593698886341e-14
-1.330852545693918326e-10
-6.015797480716469145e-14
-9.566269049287268354e-11
-2.371575696113978645e-15
8.521285178201247713e-14
-2.485070995402843381e-13
1.709206174433541622e-14
4.584775079953851769e-13
4.011258422573216716e-07
-5.670365060005181811e-16
-3.896979808851961554e-12
1.875191393980231852e-08
-5.172483057264350356e-13
-3.487406662406616007e-13
-7.271053906654293970e-10
-2.236387744572540036e-11
-3.126647363062048757e-14
-6.235167325462978910e-15
-3.612923601921849116e-12
1.809087750545903962e-16
-4.849497642882142804e-14
2.705927160647755156e-10
2.862342827615369921e-12
-1.442741146488186158e-12
-2.700828792809614148e-14
-4.593910972604051281e-13
1.172282727573266912e-09
-1.364396696844838285e-13
-2.152734393458330093e-15
-4.373338566652770374e-14
-2.644594449209105247e-14
-2.170796602054708317e-13
-3.091930601746658763e-15
7.792475936789293738e-14
-2.764574246383276599e-11
6.502626157441967801e-12
-7.017876342933233402e-14
1.570486855640495326e-13
-7.800716371434564625e-12
5.036178538873567842e-08
-6.162641932799054213e-12
4.436835984456859941e-14
-1.044514776782472701e-09
8.912124087196307921e-14
-1.079870326907813851e-16
4.161070565052209462e-15
8.259811138380185170e-12
-1.045418904815109802e-12
1.196209629041298016e-17
-2.281192711075851810e-13
-2.135894082021148266e-17
-1.439971404732346463e-11
-2.280364147851891251e-14
-1.724059334411023803e-14
-4.140174593149540619e-16
5.311484302223504987e-10
-2.224786868613462152e-13
-1.036207920797671929e-11
-4.006842852420628093e-14
1.029403592041455930e-15
-8.350969794270236202e-07
1.469311237738333428e-10
-5.367276377801303036e-16
-3.959415525327897265e-14
4.224547782958237279e-11
-1.138373191681441059e-13
2.193938886748399157e-14
-1.114013922563031540e-13
1.117464243944371308e-08
-3.420915038806566403e-12
-1.857964294950387043e-12
1.171245159136976049e-18
-6.891665382827081953e-14
-1.854326650383846550e-04
-3.576757159102347330e-13
1.426287328225337358e-11
-2.603741857959123199e-12
-1.611216228894351053e-10
2.387084123432378680e-11
3.158994853057228368e-13
2.184540907469333509e-12
3.942699604140877347e-16
-2.225755506109876927e-14
-4.393585557978371799e-13
-1.131662869028167336e-13
-2.566869430088320599e-17
1.174115880103142045e-12
-3.200655481027405447e-12
-5.818522650680066909e-12
-4.731986280378808359e-13
8.661450234771431406e-10
-1.477124435597556089e-12
-5.378676683376063152e-13
-2.366191699994331537e-09
-5.400501528319493973e-18
-2.811440550916371677e-16
-5.353198898911720388e-09
6.779335357037542197e-13
-1.268675530399232253e-16
-6.155067657703624117e-08
1.134059488154877442e-14
2.090180067379325097e-12
-1.894148198357150772e-15
3.277130027820082147e-16
-1.044353984937556942e-17
3.539539197664905919e-15
-8.376862256869402983e-11
5.480443678656590446e-09
-1.773211758639236961e-12
-1.282644982663557256e-15
-7.965827566246987823e-13
-2.566204428096129248e-14
-1.580083708190905677e-08
2.373144749141476067e-10
-2.007516760230560348e-16
-9.126454505362097190e-11
1.412700466928797391e-12
-1.546303322284449993e-05
2.130234416255391568e-15
4.945076080327374062e-13
2.311223444017499315e-12
2.999887685223261859e-14
-3.446429650890935581e-14
2.937392786287646495e-16
-7.417758944181410332e-15
2.507815200369921963e-12
3.001895801518589995e-14
5.457782134864622712e-16
5.530464584462329921e-12
-2.352159866521891333e-15
-1.916623511647860746e-15
6.816129996412961119e-12
-8.864888209515020834e-16
-1.691972672231031555e-14
-1.408983925681056375e-13
2.742705633002395593e-13
1.632813637337670113e-12
-5.569396221972174757e-13
-6.693206517202611416e-14
-1.565637563426815377e-09
-3.677087078719876551e-16
-9.315473680941638822e-15
-1.554502092144494925e-13
1.376847420286716771e-15
-6.201809349135904912e-11
-2.433030163907649302e-15
-5.811491217244022139e-11
-4.324039307397062603e-16
-1.282907695193998001e-17
-1.910548442271009186e-11
-4.748681990121057736e-13
-3.193991138120052098e-13
-7.930421569587109956e-12
-6.414564067262939395e-14
-1.886097199896325966e-12
3.586944311187551263e-12
-3.134823870666109946e-11
1.099109292600347717e-14
1.910366300979510007e-09
-9.697071394672591327e-14
-6.022940159766528144e-11
8.451384115842990096e-12
4.805883850411503616e-14
-5.917406906146081596e-11
-2.721808691770934886e-13
5.139739323695180967e-16
1.161338270871830662e-14
6.912402494128734640e-06
-2.781366356338973863e-14
7.887666619639750458e-06
-8.488099550022649180e-10
4.604533201301842914e-06
1.790736841390743161e-14
1.724147064174315544e-12
-2.739692620512385663e-14
-8.399868430117739269e-14
8.755095734990819965e-10
3.447472840305070748e-10
-9.611362708451417482e-15
-1.282945522816079733e-10
-2.927461213076879764e-14
-2.976600858957047612e-09
-7.674366441242297476e-14
-2.267199755833643987e-07
-3.386021054636343443e-18
9.546307886369363817e-15
-5.985147858104150153e-09
-1.198800461059304305e-15
-7.960839310312904654e-11
5.331307390928388666e-10
-8.057476863291136032e-17
1.470764133340517401e-09
1.174741560630526808e-15
-1.827929061859012625e-11
-1.332246003095767068e-07
6.521336064617967390e-13
-8.310631989348889586e-10
-6.988100711511521832e-14
9.821941598218014518e-09
-1.382122506278180444e-09
-3.965587806834194779e-17
4.621390505179149721e-13
7.238405449187669632e-11
1.940724655812462246e-13
-1.724134229072752481e-15
-7.314984867553294807e-11
-9.669292356472626126e-14
1.401738063037710297e-13
-4.236550269215850825e-13
-2.094606469926025826e-17
-2.463551551435828622e-08
5.190749858921626800e-11
-1.088908152549044582e-15
-3.320265453324644411e-13
2.236847202860210639e-17
-2.087802279733210134e-17
3.212245090437066616e-10
-1.604688465009274625e-12
9.999587960801684661e-01
8.165506461006868097e-14
4.710008647679171129e-17
-1.649081461558613480e-16
-1.160143394596395543e-14
7.018272857459465662e-12
-3.606919302463030559e-14
-2.938467106935344361e-10
2.191473271425984968e-06
-3.608121181552443285e-15
-2.178189396624279433e-08
2.000105660613975083e-14
-9.527919330493409873e-08
1.583038179920566780e-08
2.509563285702018900e-10
-3.240073752388244447e-14
8.999095581671611563e-14
-5.281250455648104692e-11
-6.763223405447707795e-18
-1.713477016039669994e-16
-3.002795227420132755e-08
-7.733708302772743832e-16
1.077065877141621989e-15
-1.074018142402016071e-05
-5.847533112302713593e-17
1.020973571798881242e-06
3.738742313441366477e-13
-5.110988094099024326e-14
-3.112411966445691644e-14
-4.163604510945908151e-07
-3.384126866874285875e-10
-5.816174678688140986e-14
-2.595256726601614999e-09
-1.436317264598789978e-10
-2.546343510036258056e-11
-1.895135548282621054e-14
-1.038828994783214574e-12
-1.192935647337146591e-11
-1.266524194548869404e-12
-1.541383518431697441e-06
9.002838727870065005e-13
-1.919854727425128973e-11
4.443573984768625482e-12
-3.022800330662164172e-12
-5.825306993946930808e-09
1.322605003084869700e-09
-4.071771104700961888e-13
-5.705125982060066181e-19
-8.851620563544659653e-15
9.983095759652107582e-17
3.702168698282968356e-12
-6.711311406329636871e-17
-3.275246570755777369e-14
3.435573833667545084e-10
-9.501252846323612489e-12
-2.139134264038173076e-12
-1.879797519813489899e-18
-1.275547560640147012e-14
7.470636524745560249e-14
4.203406478529437066e-10
-8.223969052273163019e-15
1.287841083717324632e-13
1.782420117789890466e-15
2.935907485233855621e-20
9.070644399509971799e-14
6.774798765680482447e-17
-5.620837958661923906e-13
-2.913798456737763483e-14
-1.833174172035485598e-12
2.020097894932880491e-08
1.337579595418591881e-13
3.695800706007665079e-16
-3.607388992086548012e-11
-2.780443694360799641e-17
2.519640659894592343e-15
-4.674546746826078758e-13
2.285519039690498247e-13
-2.253547137773463986e-15
-1.386559068822802950e-14
-4.997437789141221346e-13
-2.376082585560207827e-09
-5.255203467638301167e-16
-5.983029530636420439e-15
-2.523160515404735793e-08
3.387444123216301807e-11
-7.657106075062072285e-09
-1.265270140379656029e-13
-3.029482133576925934e-14
-4.988973057615537708e-13
1.602705998713253265e-13
-2.276160678674669669e-15
-1.015423961371737029e-11
-8.161224827581828796e-12
-7.339264677226127451e-12
2.184907562466673702e-12
-2.806986289440787674e-12
9.872398640348828852e-12
1.129747185863119730e-12
-2.841021922365080626e-12
-6.135488169820088001e-09
-3.397498661866678179e-13
-1.892839147492135514e-16
1.592183032000107620e-06
-7.249994781155862183e-13
2.166496349059371214e-13
-1.320335996174113755e-16
1.246699903917049644e-12
1.396548840755016332e-11
1.521206407601389373e-10
-2.367318815021498328e-16
-2.854534576435087146e-14
1.965071843468970164e-13
-6.757725904251846496e-16
1.312050656232897065e-13
1.249985393218395657e-18
-1.777802898813122686e-09
-1.637293355781983291e-08
-4.397104964996029794e-14
-3.658939126813098335e-09
-9.355076516022446942e-11
9.060238415775457377e-13
-3.481684014466920435e-06
1.055958683140061766e-14
-1.227144440218719678e-09
4.375474586722581044e-12
1.226969180437387443e-12
-1.520777552915337189e-12
-9.757246553182225085e-13
8.471062228151052457e-15
-5.058536674399509436e-10
-2.777084817164248188e-13
-6.303042409748663202e-09
2.597751497116526849e-14
-3.282487334745788008e-12
-2.101488985054031438e-11
-1.679557149224433661e-16
-5.498462833286968889e-11
5.073597803517256230e-13
-5.367624280277839275e-14
6.019055327865923419e-09
-2.237346637645114491e-12
3.384401908759173717e-12
-1.943551139052041457e-17
-4.041619437269818150e-10
-1.041223585429514698e-14
-5.915418183177855198e-14
-3.125142152034539862e-17
-5.813218170155829968e-19
-3.766277253779080298e-10
5.746411807082846870e-09
5.709464327711669819e-17
-2.307804448374642589e-19
1.574448188794777558e-12
6.965854946387118513e-12
-1.626998270959475137e-08
-1.728971473469126805e-14
-7.939060737766201828e-12
4.339734860048710315e-17
3.988547039734087844e-14
7.358906682270267605e-13
-1.422070532877334645e-09
-9.658384170105691743e-13
-4.233578784718440908e-14
-8.431457287075589717e-15
-2.696056363904984757e-14
-4.151782262701290162e-16
-5.899307169599388945e-16
-3.143543368830636254e-12
-1.371486224068939343e-13
-6.881943511916162822e-13
-4.107743667795871080e-17
1.051617773086892847e-12
3.009777867962813254e-14
-1.287735121028101263e-11
-2.287919192001002475e-12
-9.236609036389121892e-12
-7.670794726682970864e-11
-1.682635042262060359e-12
1.567346917269929041e-13
-7.261114527139670961e-15
3.539525235984904952e-13
-4.677730324709301084e-17
-7.804055699878197161e-13
-2.070490049168905248e-12
-1.135101221666568623e-16
-1.275857459355766785e-16
1.027847499069043326e-09
-8.569781163152314560e-18
-2.586536188004865550e-12
-2.660252156681301111e-13
-1.178806859866111637e-13
2.531904619656724233e-12
2.982327890845014463e-14
-1.214678228561284981e-12
-4.503255458114158382e-13
-1.158400357004750202e-11
-1.750838145799698501e-10
-5.722708814925374226e-16
-1.247609748140219081e-11
9.480087650702234682e-11
5.623756450380957753e-09
-1.392130319686629881e-15
2.608457909403172285e-12
-5.873869136212578202e-09
-1.309799126877259498e-14
4.812419646306540020e-12
-1.030355020316336017e-11
-2.005077069318577974e-15
-2.411425544025910930e-21
-1.797192867374564369e-13
-1.406409437600773838e-15
-8.085371310140603842e-08
-1.394820989899998634e-09
-3.327996277288549228e-14
9.321579887390530657e-09
-7.370341025621244812e-13
-1.080362098479446627e-14
-1.011623730526938039e-14
-8.264227455778791659e-14
-9.206089599679493697e-17
-4.981662618054699081e-14
-4.041467370995321203e-14
-1.638475372022866353e-15
-2.820031250878015958e-15
-2.751884023142127792e-10
6.979289898977308488e-12
-9.067349746292017005e-11
2.609126963363862593e-12
-3.362823636362946067e-16
4.925517271049013810e-11
1.295116971404546390e-10
2.569217041534005456e-11
-3.027536413960710985e-13
-3.892425485681431555e-07
5.762744808851114180e-15
9.203744884780216707e-06
5.188633194426206594e-17
-7.392615198218958077e-13
-1.429964008426575470e-13
-2.375481975605668309e-16
1.060600275514279403e-13
2.892302215884282622e-13
1.267208973689905006e-17
-1.511132808730001291e-19
-6.052723981035779440e-15
-1.063795131856579245e-13
4.454362684398871006e-14
-1.023874879831779401e-11
-6.958164572160041785e-15
-3.056926163315363186e-13
2.120849013699093148e-16
-2.265264036576987398e-10
4.205916283886467911e-21
6.544094596610632516e-11
-7.972182574743207270e-15
2.870500041890602080e-09
-7.023852995169814493e-09
-1.086347186701966703e-12
-7.241284710808064876e-14
-3.116026073053506611e-11
2.205118419377044150e-15
-1.645019007078014078e-11
4.546599410565278935e-17
4.484364500360209551e-13
-3.614701798503902665e-11
1.267683823550140042e-10
-1.683899610478389791e-11
7.670734142482563149e-12
-3.892764231958486721e-09
-7.480779154137598492e-13
-6.632772564264118242e-12
-1.840216244447710235e-15
-5.110833986858786181e-16
-1.096149456271247350e-14
3.125342785175214744e-08
-1.056175436601603024e-09
5.062980904897999763e-10
-2.792611616915222543e-07
1.169150298902949501e-15
-1.019868436322137138e-11
4.858364188661476158e-16
1.297974338583909173e-12
1.910827303073269702e-09
-1.193848592676636084e-16
-3.615058818632856192e-11
