0.04096
-0.35593
-0.17668
0.18145
-0.26172
-0.15589
-0.24965
-0.33569
-0.41083
-0.05585
0.08190
-0.31854
-0.08816
-0.25360
-0.44676
-0.71596
-0.29000
-0.26912
-0.44088
0.14808
-0.25428
-0.26202
-0.26829
-0.18144
0.09614
-0.33971
-0.31588
0.01863
-0.11944
-0.29007
-0.39166
0.01750
-0.28714
-0.28634
-0.25013
0.06996
0.06471
-0.48899
-0.00151
-1.20987
-0.23499
-0.29176
-0.02113
-0.07703
0.05161
-0.20305
-0.46371
-0.25445
0.12496
0.28599
-0.01379
-0.00501
0.31542
-0.46634
-0.20879
-0.44895
0.12503
-0.44997
-0.14869
0.02331
-0.39245
-0.20612
-0.06581
-0.27385
-0.11569
-0.32568
-0.89894
-0.29622
-0.03581
-0.22038
-0.15279
-0.95623
-1.26181
-0.17851
-0.23908
0.14563
-0.24369
0.28499
0.28951
-0.34084
-0.21846
-0.46797
-0.00186
-0.34763
-0.10923
0.23570
-0.19428
-0.29987
-0.23612
-0.05567
0.08564
-0.05037
-0.17728
-0.27948
-0.12669
-0.27223
0.13113
-0.15670
-0.16670
-0.26791
-0.35251
-0.28943
-0.20469
-0.26714
-0.23254
-0.00006
-0.01661
-0.34687
-0.31929
-0.16601
0.06426
-0.33997
-0.29996
-0.29721
-0.03986
0.08486
0.19981
-0.18741
0.02778
-0.17541
-0.00686
-0.53972
-0.17095
0.00789
-0.29930
-0.35649
0.02970
0.06898
0.12542
-0.03767
-0.30562
0.04816
0.12586
0.10154
-0.21343
-0.24211
-0.32410
0.00665
-0.48405
-0.45373
-0.57781
-0.07621
-0.23559
-0.44185
-0.19089
-0.26693
-0.24259
-0.17102
0.01581
-0.18291
-0.48402
-0.17834
0.98180
-0.52577
-0.22325
-0.09005
0.34122
-0.24872
-0.42906
0.17737
-0.16140
-0.08712
0.17031
-0.36323
-0.07633
0.21904
0.09759
0.01353
-0.06920
0.03716
0.16139
-0.36856
-0.40809
-0.32152
-0.04559
-0.30897
-0.38537
0.31571
-0.50505
0.16628
-0.40132
-0.14957
0.37205
-0.64075
0.02489
-0.35140
-0.19473
-0.48449
-0.28199
-0.11038
-0.19808
-0.12470
-0.60815
-0.36001
-0.19844
-0.18083
-0.40772
-0.07747
-0.36414
-0.47484
0.12070
-0.61611
-0.32775
-0.32745
-0.29735
-0.31175
-0.06109
-0.03807
0.06066
-0.36441
0.03016
0.22015
-0.62429
-0.53752
-0.21962
-0.25370
-0.32539
-0.55934
-0.13066
-0.01277
-0.04164
-0.04221
-0.20746
-0.39694
-0.16574
-0.84894
-0.62109
-0.00378
-0.08995
-0.07784
-0.35735
-0.38385
-0.45996
-0.10004
-0.20566
-0.18898
-0.05350
-0.20966
-0.28147
-0.33738
-0.11183
-0.25841
-0.04707
-0.33680
-0.29840
-0.25651
-0.40790
-0.10631
-0.98015
-0.34607
-0.02358
-0.18166
-0.32741
-0.33057
-0.55057
0.14134
-0.05454
0.12821
0.02445
-0.21066
0.18751
-0.09089
0.04794
-0.28828
-0.46287
-0.63290
0.03416
-0.24186
-0.34537
0.10187
0.12294
-0.24287
-0.14283
0.14388
0.01338
-0.19120
0.04524
-0.29941
-0.32883
-0.49186
-0.03300
-0.37736
-0.14490
-0.12584
-0.07838
-0.31169
-0.64203
-0.16841
-0.23731
-0.79297
-0.13428
-0.01068
0.26476
-0.00240
-0.08126
-0.20725
-0.19829
-0.02168
-0.39861
-0.23571
-0.13553
-0.04551
-0.26968
-0.45233
-0.37409
0.20714
-0.07215
-0.28320
-0.49831
0.20625
0.16633
-0.21417
0.05505
-0.17793
-0.26522
-0.13890
-0.18462
0.06586
-0.38044
-0.46185
-0.56225
-0.11186
-0.10716
-0.32607
-0.28599
0.07999
-0.42776
0.20496
0.08514
-0.46150
-0.41243
-0.01893
-0.37101
-0.16881
-0.09969
-0.60556
-0.55162
-0.32078
-0.17387
-0.35926
0.13471
-0.55626
0.04148
-0.44133
-0.27278
-0.21249
0.24997
-0.39455
-0.12907
-0.19422
-0.37123
-0.09588
-0.67107
-0.35246
-0.34105
-0.66820
0.14974
-0.19883
-0.10284
-0.20692
0.11874
-0.22146
0.20128
0.08088
0.06985
0.01798
-0.22302
-0.22784
0.12622
-0.34690
-0.58640
0.04576
-0.10396
-0.26454
-0.61957
0.10405
-0.41984
-0.26457
0.04934
0.22883
-0.51324
-0.23933
0.14322
0.34091
-0.70843
-0.27334
-0.17931
-0.30760
0.06706
-0.31856
-0.20526
0.01648
-0.09383
-0.08333
-0.11314
0.11562
-0.31881
1.65487
-0.00598
-0.33966
-0.07905
-0.50575
-0.35945
-0.10843
-0.20455
0.03773
-0.03969
-0.52210
-0.04434
0.02653
-0.36353
-0.12822
-0.57136
-0.41260
-0.28249
-0.49020
0.32426
-0.41010
-0.35846
-0.11309
-0.15739
-0.22464
-0.57419
0.23743
-0.16485
-0.22655
0.42070
0.01899
0.03930
-0.47792
-0.11141
-0.14259
-0.64242
0.03678
-0.04345
-0.38210
-0.23411
-0.65151
-0.07295
0.30728
-0.43680
-0.15577
0.23293
-0.07005
-0.04812
-0.23999
0.10888
0.01539
-0.34143
0.09169
-0.21004
-0.02984
-0.14394
-0.16545
-0.31546
-0.48170
-0.15973
0.03320
-0.22866
-0.53648
-0.17277
0.02439
0.13132
0.38270
-0.33741
-0.19816
-0.27253
-0.46508
-0.36054
-0.31610
-0.12061
0.21822
-0.34305
0.10316
0.16462
-0.31564
-0.68359
0.09302
-0.30846
-0.24127
-0.00270
-0.32837
-0.29761
-0.21739
-0.06492
-0.64611
-0.21563
-0.00471
-0.12238
-0.72546
0.20183
-0.45695
0.09356
-0.08127
-0.48767
-0.16437
-0.20494
-0.37878
-0.12095
-0.31553
0.19422
-0.16304
-0.26203
-0.11067
-0.35283
-0.70405
0.06794
-0.24846
-0.60027
-0.26762
-0.20238
-0.44016
-0.33005
-0.17301
-0.06532
-0.12664
0.03953
-0.20032
-0.45054
-0.35767
-0.10075
-0.00646
-0.11980
-0.52257
-0.22422
0.03968
-0.32067
0.02921
-0.09115
-0.05424
-0.18237
-0.35700
-0.34043
-0.00979
-0.19386
-0.26671
-0.59942
-0.15432
-0.03159
-0.38153
-0.18908
0.21532
-0.09519
-0.45982
-0.28619
0.02274
-0.02704
0.29798
-0.35387
-0.13044
0.02955
0.01351
-0.46885
-0.19462
-0.30731
-0.05305
-0.02798
-0.70171
-0.43173
0.01809
0.00215
-0.33866
-0.08645
-0.10991
-0.08939
-0.53338
-0.32413
-0.13774
0.26033
-0.19080
-0.80498
-0.24004
-0.30704
-0.33847
-0.35148
-0.45495
-0.15998
-0.22342
-0.17526
-0.06715
-0.24704
-0.21560
0.16210
-0.25566
-0.23018
-0.41779
-0.11357
-0.51272
-0.28835
-0.09404
-0.49060
0.32073
-0.05040
-0.65207
-0.18304
0.12710
-0.69746
-0.05767
-0.28801
0.03100
0.02781
0.21367
-0.00481
-0.36701
-0.56204
-0.35040
-0.00916
-0.24613
-0.15007
-0.45615
-0.55129
0.07811
-0.27841
-0.18396
-0.58425
0.01119
-0.29542
-0.26633
-0.15386
-0.02596
0.04875
0.06971
-0.27286
-0.13338
-0.12599
-0.38264
0.08154
0.01371
-0.27225
0.08135
-0.08489
-0.13933
-0.14489
-0.23021
-0.19175
-0.04980
-0.24086
0.19318
-0.00062
-0.10256
-0.15357
-0.32675
0.00078
-0.30857
0.05385
0.08614
-0.30392
-0.26218
-0.32630
-0.36604
-0.00061
-0.32374
-0.38470
-0.31827
0.01011
-0.42540
-0.27101
-0.38342
-0.19055
-0.18327
-0.31963
-0.10321
-0.00678
-0.17038
-0.78512
-0.02346
-0.84816
-0.34194
-0.61397
-0.13978
-0.25417
0.09314
-0.22082
-0.49209
-0.40273
0.05263
-0.40581
-0.16969
-0.51159
-0.13740
-0.61339
0.23896
-0.03811
-0.55986
0.07841
-0.32588
-0.42983
-0.07064
-0.40421
-0.00554
-0.42541
-0.48630
-0.16780
-0.49184
-0.19011
-0.57835
-0.49994
0.20829
-0.21683
-0.36007
-0.18876
0.07394
-0.28832
-0.10096
-0.25505
-0.08564
0.35584
-0.49645
-0.30790
-0.02688
-0.05762
0.15976
0.22461
-0.39843
-0.20768
-1.95107
-0.07877
0.12004
0.17750
0.03990
-0.23519
-0.02966
-0.41848
-0.66438
0.06388
-0.51483
-0.16013
-0.65442
-0.57452
-0.50212
-0.09942
-0.12379
-0.39555
0.30792
0.26637
-0.54607
0.14835
0.06186
-0.77840
0.13968
-0.52160
-0.18891
-0.08193
0.10373
-0.77463
-0.33873
-0.12403
-0.42651
-0.36328
-0.45293
0.06878
-0.29502
-0.38512
-0.21615
-0.63866
-0.15847
-0.32928
-0.20061
-0.14395
-0.61643
-0.47280
-0.05135
0.29331
-0.23319
0.16373
-0.13863
0.16136
-0.06697
-0.38258
-0.13226
-0.17261
0.26044
0.01198
-0.18533
-0.51613
-0.01505
-0.07366
0.00469
0.38392
-0.13465
0.04665
-0.15834
0.06749
-0.25550
-0.46117
-0.08534
-0.03173
-0.30884
0.12679
0.01861
-0.10579
-0.24754
0.03759
-0.06689
-0.12599
-0.56535
0.07755
0.07434
-0.67819
-0.40857
-0.57248
-0.16041
-0.08387
-0.23277
-0.15083
0.11983
-0.18658
-0.27006
-0.19750
-0.24469
-0.17679
-0.36234
-0.21138
-0.15795
-0.64963
-0.30040
0.23466
-0.70104
-0.25595
-0.17296
0.11863
-0.16079
-0.23575
-0.40057
0.05352
-0.01506
-0.02520
0.07585
-0.16542
0.20301
-0.38941
-0.51186
-0.04053
-0.65163
-0.38008
-0.25180
-0.79772
-0.18439
-0.41176
-0.15894
-0.25401
-0.20446
-0.22508
-0.05269
-0.42765
-0.15766
-0.48903
-0.12062
-0.34305
-0.31788
-0.03932
-0.38497
-0.36771
-0.19292
-0.58645
-0.19655
-0.34240
0.26450
-0.39895
-0.04320
-0.22176
0.15123
0.16039
-0.48420
-0.54452
0.09337
0.37249
-0.11012
-0.33455
-0.36670
-0.23051
-0.29269
0.13966
-0.18170
-0.29165
-0.48959
-0.19189
-0.10460
-0.04397
-0.13945
0.21802
0.08167
-0.25445
-0.05540
-0.23283
0.26232
-0.20985
-0.08342
-0.17534
-0.29253
-0.30669
-0.28623
-0.30870
-0.29250
-0.07487
-0.16116
0.15724
-0.19888
-0.24109
0.15602
0.13925
-0.47923
0.23321
-0.29070
-0.14046
-0.22315
-0.35882
-0.21405
-0.18022
-0.12712
-0.30108
-0.55238
-0.05541
-0.33264
-0.40008
-0.54208
0.11403
-0.35074
-0.52899
-0.09043
-0.21639
-0.35860
0.04644
0.58985
-0.02555
0.06143
-0.64160
-0.52252
-0.08530
-0.57208
-0.08392
-0.00651
-0.01822
-0.14522
0.21743
-0.05822
-0.03556
-0.02631
-0.00859
-0.41466
-0.36769
-0.30897
-0.40157
0.04987
-0.29045
-0.61442
-0.41174
-0.22071
-0.68528
-0.15047
-0.68416
0.13008
-0.19506
-0.13399
0.10627
-0.23387
-0.25395
0.11965
0.39170
0.02619
-0.06176
-0.12911
-0.22467
0.12068
-0.15516
0.07701
-0.41254
0.49863
-0.31288
-0.12393
-0.43558
-0.50335
-0.35732
-0.09060
-0.36202
-0.08358
-0.36026
0.17380
-0.16688
-0.33428
-0.42796
-0.32747
-0.17150
-0.52224
-0.11891
-0.24274
0.19950
-0.00313
0.09230
-0.58174
-0.33789
-0.36100
-0.58456
0.03045
-0.23299
-0.02044
-0.27378
-0.42030
0.26295
-0.33763
