-0.87000
-0.87018
-0.90880
-0.83922
-0.82283
-0.74740
-0.81850
-0.82862
-0.84568
-0.83044
-0.80394
-0.86160
-0.89356
-0.81793
-0.74564
-0.81504
-0.90837
-0.95768
-0.70593
-1.00554
-0.87310
-0.75005
-0.83904
-0.83654
-0.91163
-0.83833
-1.02558
-0.78957
-0.84012
-0.86907
-0.92450
-0.97005
-0.83912
-0.82893
-0.92570
-0.94798
-0.77908
-0.92930
-0.97622
-0.78381
-0.90358
-0.88921
-0.77136
-0.72954
-0.82478
-0.65418
-0.73194
-0.82828
-0.78539
-0.98177
-0.75968
-0.98493
-1.01365
-0.80259
-0.93867
-0.88695
-0.85928
-0.91168
-0.77335
-0.93015
-0.91194
-0.81142
-0.81120
-0.86932
-0.92125
-0.77855
-0.92772
-1.00631
-0.97367
-0.87784
-0.84999
-0.84870
-0.78637
-0.68798
-0.91630
-0.81989
-0.91997
-0.96674
-0.75369
-0.94539
-0.89370
-0.73442
-0.85271
-0.85152
-0.81501
-0.81903
-0.67221
-0.96448
-0.93094
-0.82437
-0.94065
-0.95411
-0.72372
-0.90934
-0.89848
-0.86907
-0.99512
-0.86848
-0.76358
-0.79293
-0.87727
-0.82815
-0.87663
-0.89849
-0.77814
-0.90205
-0.86083
-0.79348
-0.82906
-1.02366
-0.82779
-0.78219
-0.72788
-0.94880
-0.82446
-1.00789
-1.04572
-0.84050
-0.71743
-1.01322
-0.90248
-0.85442
-0.89314
-0.86975
-0.89295
-0.94149
-0.85964
-0.82401
-0.88662
-0.87230
-0.89910
-0.79994
-0.79332
-0.74682
-1.01085
-0.79430
-0.80944
-0.81739
-0.85628
-0.85005
-0.88331
-0.68365
-0.94578
-0.92257
-0.81397
-0.82910
-0.95776
-0.75889
-0.97615
-0.81370
-0.90793
-0.90824
-0.89467
-0.75272
-0.64609
-0.91639
-0.85690
-0.82485
-0.87369
-0.78339
-0.86359
-0.79027
-0.96124
-0.75038
-0.90651
-0.87702
-0.93660
-0.82348
-0.83004
-0.89230
-0.81660
-0.75924
-0.88103
-0.90124
-0.83654
-0.88508
-0.77655
-0.76622
-0.83957
-0.77515
-0.95289
-0.76797
-0.80605
-0.90343
-0.89020
-0.96575
-0.85449
-0.90469
-0.76589
-0.83713
-0.89738
-0.69430
-0.82440
-0.93182
-0.73412
-0.86704
-0.85345
-0.83679
-0.94587
-0.89894
-0.85124
-0.90193
-0.84146
-0.83193
-0.83266
-0.92399
-0.80891
-0.91293
-0.94468
-0.81127
-0.84428
-0.92244
-0.67976
-0.81864
-0.88797
-0.73559
-0.88438
-0.81129
-0.73678
-0.80652
-0.88172
-0.85057
-0.82051
-0.86173
-0.90550
-0.86190
-0.93912
-0.72512
-0.92746
-0.84635
-0.69047
-0.94338
-0.84872
-0.88272
-1.01587
-0.84868
-0.76285
-0.79527
-0.66540
-0.87456
-1.01656
-0.91089
-0.90790
-0.84202
-0.95761
-0.92179
-0.97603
-0.71956
-0.84961
-0.90762
-0.78886
-0.77177
-0.92493
-0.80200
-1.02372
-0.93583
-0.91443
-0.82481
-0.82765
-0.80713
-0.97079
-0.88036
-0.82185
-0.77261
-0.90354
-0.89929
-0.87881
-0.79887
-0.89967
-0.88963
-0.90280
-0.92087
-0.78024
-0.84216
-0.93827
-0.99889
-0.78416
-0.95144
-0.99993
-0.74663
-0.75419
-0.84737
-0.79946
-0.84189
-0.87850
-0.91684
-0.94510
-0.88812
-0.82059
-0.83521
-0.94096
-0.71602
-1.01941
-0.93994
-0.83727
-0.80859
-0.77838
-0.76411
-0.85233
-0.75083
-0.77792
-0.74324
-0.81918
-0.89634
-0.84032
-0.83837
-0.79324
-0.91525
-0.97211
-0.87432
-0.90385
-0.76114
-0.86274
-0.62621
-0.75078
-0.87378
-0.76453
-0.92718
-0.79118
-0.99544
-0.83032
-0.82394
-0.75483
-0.90458
-0.90293
-1.07227
-0.89460
-0.84819
-0.83853
-0.79024
-0.90542
-0.84231
-0.72121
-0.87636
-0.91781
-0.86028
-0.96694
-0.86870
-0.92868
-0.87477
-0.72541
-0.92151
-0.73628
-0.81387
-0.87108
-0.93603
-0.91487
-0.88255
-0.95406
-0.85260
-0.89160
-0.79798
-0.87747
-0.79525
-0.77427
-0.73227
-0.84853
-0.72792
-0.95467
-0.90560
-0.88205
-0.71507
-0.90671
-0.82559
-0.96982
-0.83179
-0.94246
-0.77390
-0.84975
-0.95628
-0.85461
-0.79182
-0.82247
-0.82737
-0.87102
-0.76436
-0.89284
-0.94280
-0.79745
-0.98406
-0.89629
-0.71520
-0.82376
-0.78510
-0.68863
-0.86930
-0.78769
-0.86933
-0.76252
-0.91533
-0.79911
-0.91526
-0.98427
-0.81628
-0.90474
-0.83180
-0.91652
-0.94905
-0.92366
-0.94107
-0.80210
-0.76509
-0.87503
-0.84699
-0.71620
-0.94392
-0.91524
-0.86351
-0.82839
-0.88025
-0.74330
-0.67270
-0.73488
-0.68099
-0.87024
-0.78737
-0.94230
-0.80672
-0.94749
-0.89505
-0.70521
-0.75361
-0.72488
-0.80320
-0.96895
-0.88277
-0.92571
-0.82709
-0.67944
-0.92817
-0.88460
-0.97229
-0.92154
-0.96469
-0.95642
-0.85845
-0.92959
-0.82781
-1.03028
-0.90253
-0.85897
-0.72219
-0.92108
-0.78127
-0.92585
-0.71904
-1.05262
-0.92966
-0.88531
-0.69988
-0.74333
-0.74137
-0.77496
-0.86677
-0.75269
-0.88944
-0.80342
-0.66736
-1.04048
-0.87260
-0.94885
-0.98534
-0.96299
-0.80921
-0.94932
-0.80290
-0.84332
-0.86149
-0.85496
-0.82936
-0.89049
-0.82125
-0.79411
-0.97516
-0.90602
-0.86530
-0.87176
-0.88140
-0.96024
-0.79548
-0.72379
-0.83618
-0.89111
-0.70430
-0.77840
-0.85741
-0.90423
-0.88883
-0.96206
-0.92822
-0.82100
-0.82039
-0.79646
-0.85308
-0.94261
-0.92005
-1.03495
-0.78229
-0.87898
-0.83614
-0.68176
-0.90392
-0.74273
-0.90588
-0.71211
-0.83450
-0.84583
-0.63715
-0.75397
-0.87618
-0.87320
-0.87331
-0.99114
-0.91827
-0.80177
-0.69751
-0.90589
-0.90103
-0.92059
-0.79291
-0.70466
-0.83454
-0.94563
-0.81664
-0.97564
-0.76133
-0.89388
-0.81452
-0.93891
-0.92016
-0.96184
-0.88269
-0.81275
-0.87659
-0.87577
-0.98266
-0.91783
-0.86934
-0.95007
-0.74581
-0.94239
-0.91239
-0.80794
-0.78294
-0.75903
-0.82480
-0.83987
-0.92863
-0.89817
-0.92487
-0.85417
-0.87312
-0.91415
-0.76315
-0.86442
-0.83960
-0.82511
-0.88874
-0.90946
-0.82796
-0.88314
-0.94330
-1.00955
-0.73630
-0.82651
-0.83591
-0.76601
-0.87554
-0.81501
-0.77007
-0.87520
-0.87212
-0.96577
-0.99548
-0.77762
-0.93408
-1.04970
-0.69809
-0.76511
-0.97910
-0.93084
-0.85605
-0.65350
-0.79337
-0.71792
-0.93007
-0.91611
-0.85875
-0.87979
-0.84277
-0.71713
-0.90382
-0.74986
-0.87956
-0.90658
-0.96405
-0.80231
-0.82395
-0.87042
-0.90414
-0.82392
-0.86712
-0.74585
-0.92600
-1.01245
-0.80180
-0.78628
-0.83264
-0.77899
-0.85851
-0.91120
-0.70851
-0.78931
-0.75763
-1.11968
-0.78643
-0.81575
-0.78332
-0.91981
-0.86233
-0.76640
-0.91176
-0.85195
-0.81085
-0.76930
-0.77322
-0.93593
-0.87043
-1.00889
-0.84391
-0.89178
-0.80433
-1.02829
-0.89552
-0.91119
-0.81796
-0.90461
-1.01206
-0.97201
-0.87982
-0.87288
-0.84990
-0.79633
-0.91447
-0.87360
-0.83316
-0.82859
-0.66953
-0.85772
-0.74703
-0.90403
-0.81722
-0.87798
-0.99556
-0.77736
-0.81877
-0.94644
-0.90522
-0.73408
-0.85480
-0.89509
-0.80207
-0.83842
-0.81126
-0.82515
-0.73971
-0.81455
-0.75315
-0.99177
-0.90765
-1.01729
-0.73043
-0.74520
-0.87401
-0.84062
-0.96244
-0.89825
-0.88315
-0.76950
-0.76779
-0.85265
-0.77360
-0.90336
-0.75382
-0.89124
-0.76637
-0.86159
-0.86052
-0.89277
-0.92834
-0.77262
-1.01862
-0.92656
-0.79560
-0.74527
-0.89897
-0.75394
-0.77561
-0.87289
-0.90849
-0.86841
-0.99893
-0.77384
-0.85316
-0.86566
-1.03142
-0.97074
-0.93084
-0.90808
-0.76003
-0.91867
-0.81598
-0.90142
-0.99522
-0.86457
-0.78672
-0.71654
-0.80197
-0.80548
-0.82176
-0.86172
-0.79802
-0.84678
-0.95054
-0.75504
-0.84084
-0.83304
-0.91775
-0.91921
-1.00652
-1.01502
-0.97856
-0.81114
-0.97210
-0.95642
-0.81291
-0.97979
-0.83758
-0.74274
-0.84878
-0.84154
-0.90731
-0.85741
-0.86287
-0.78593
-0.80853
-0.88933
-0.88311
-0.87686
-0.70588
-0.77684
-0.79035
-0.72630
-0.94225
-0.78765
-0.95998
-0.93394
-0.93690
-0.89184
-0.78649
-0.85247
-0.77395
-0.87023
-0.93000
-0.86532
-0.89916
-0.82967
-0.88956
-0.95470
-0.89381
-1.01358
-0.86350
-0.89951
-0.85978
-0.82933
-0.82155
-0.89387
-0.91299
-0.72308
-0.85618
-0.86972
-0.78790
-0.85321
-0.92076
-0.75772
-0.92749
-0.80166
-0.82287
-0.83891
-0.82492
-0.81544
-1.04961
-0.93625
-0.77157
-0.87048
-0.89126
-0.89772
-0.94794
-0.78661
-0.98670
-0.88718
-0.94303
-0.90852
-0.86156
-0.75509
-0.85953
-0.83227
-0.73433
-0.97026
-0.77665
-0.78346
-0.82954
-0.82415
-0.87673
-0.86102
-0.77342
-0.84847
-0.89634
-0.90292
-0.81507
-0.97400
-0.89257
-0.92503
-0.85248
-0.71444
-0.90857
-0.82076
-0.80993
-0.86021
-0.68721
-0.88297
-0.74807
-0.85435
-1.05541
-0.85108
-0.76060
-0.82849
-0.94003
-0.80568
-0.70089
-0.80989
-0.79113
-0.85369
-0.87213
-0.90427
-0.74852
-0.83774
-0.93945
-0.74359
-0.83922
-0.92178
-0.78091
-0.77534
-0.83914
-0.81340
-0.85232
-0.84514
-0.95057
-0.95416
-0.85546
-0.98219
-0.71925
-0.88545
-0.90016
-0.77988
-1.02068
-0.77988
-0.93460
-0.72383
-0.83266
-0.89590
-0.78521
-0.97945
-0.91631
-0.88344
-0.94474
-0.89779
-0.80601
-0.82207
-0.89476
-0.81800
-1.02777
-0.86035
-0.84690
-0.84558
-0.90270
-0.70355
-0.77930
-0.86182
-0.78614
-0.82039
-0.93458
-0.80523
-0.96566
-0.91097
-0.98153
-0.91059
-0.79778
-0.99500
-0.84332
-0.80759
-0.80288
-0.97532
-0.78874
-0.88588
-0.81627
-0.81715
-0.76985
-0.84248
-0.84481
-0.87245
-0.89712
-0.93757
-0.84184
-0.88387
-0.78484
-0.81299
-0.97644
-0.75714
-0.77932
-0.84779
-0.80847
-0.86461
-0.80030
-1.02118
-0.89845
-0.92837
-0.84881
-0.85841
-0.79504
-1.01221
-0.85503
-0.88129
-0.84842
-0.84593
-0.78922
-0.87507
-1.01318
-0.79529
-0.95994
-0.71352
-0.79522
-0.90072
-0.91882
-0.75949
-1.05321
-0.91856
-0.90345
-0.82977
-0.76017
-0.97624
-0.95737
-0.87440
-0.89771
-0.84977
-0.77761
-0.76985
-0.87363
-0.96268
-0.80083
-1.03378
-0.85882
-0.82545
-0.80712
-0.87535
-0.74402
-0.84679
-0.95307
-0.90270
-0.62714
-0.79088
-0.80010
-0.94840
-0.90245
-0.79557
-0.88078
-0.86439
-0.78614
-0.84414
-0.84435
-0.90263
-0.79570
-0.90149
-0.79341
-0.88352
-0.87006
-0.98641
-0.99132
-0.87445
-0.72518
-0.92585
-0.82530
-0.88088
-0.81974
-0.87523
-0.83619
-0.71490
-0.83657
-0.81042
-0.81216
