-0.59221
-0.62985
-0.56412
-0.68248
-0.68838
-0.64914
-0.67783
-0.62989
-0.63993
-0.69063
-0.67952
-0.60835
-0.65732
-0.66977
-0.60593
-0.62748
-0.68486
-0.62490
-0.62467
-0.55279
-0.64170
-0.64130
-0.64864
-0.67805
-0.53915
-0.62278
-0.58083
-0.62631
-0.61872
-0.65423
-0.61211
-0.57808
-0.64355
-0.62661
-0.60183
-0.60396
-0.66794
-0.62633
-0.60879
-0.63037
-0.58704
-0.61517
-0.65688
-0.57246
-0.67595
-0.70414
-0.60234
-0.65030
-0.63553
-0.63079
-0.62219
-0.59538
-0.61585
-0.59413
-0.61628
-0.56046
-0.62870
-0.61424
-0.64593
-0.65298
-0.55803
-0.61401
-0.61064
-0.56752
-0.56483
-0.62142
-0.60146
-0.62771
-0.62294
-0.66488
-0.59229
-0.65626
-0.61368
-0.67656
-0.60446
-0.73681
-0.57216
-0.59956
-0.63049
-0.63815
-0.62794
-0.58523
-0.69972
-0.69649
-0.65453
-0.66770
-0.73709
-0.62864
-0.60567
-0.56806
-0.61536
-0.58599
-0.65630
-0.66099
-0.61915
-0.64592
-0.65071
-0.57351
-0.59242
-0.74947
-0.69412
-0.62394
-0.64752
-0.55488
-0.70845
-0.62259
-0.65619
-0.67552
-0.62036
-0.60537
-0.60879
-0.58386
-0.63812
-0.58886
-0.63439
-0.63959
-0.66219
-0.63855
-0.58513
-0.59052
-0.63211
-0.69112
-0.57333
-0.66522
-0.51742
-0.67318
-0.59817
-0.62813
-0.67046
-0.60565
-0.57656
-0.65501
-0.59968
-0.73031
-0.56402
-0.64277
-0.55993
-0.66156
-0.64775
-0.60811
-0.63436
-0.62584
-0.58997
-0.68830
-0.61779
-0.64338
-0.54817
-0.68737
-0.60515
-0.63344
-0.59245
-0.59703
-0.66086
-0.67636
-0.66728
-0.62263
-0.62962
-0.56781
-0.61331
-0.59896
-0.67672
-0.60743
-0.55489
-0.68741
-0.62554
-0.61222
-0.58774
-0.59717
-0.61602
-0.59488
-0.64248
-0.55958
-0.64671
-0.51173
-0.63816
-0.55198
-0.63226
-0.63112
-0.52487
-0.72265
-0.69215
-0.68509
-0.65121
-0.65224
-0.62013
-0.64182
-0.56880
-0.58869
-0.74020
-0.58143
-0.59164
-0.76021
-0.66951
-0.63432
-0.69193
-0.65748
-0.59319
-0.65800
-0.62719
-0.61572
-0.56982
-0.56921
-0.62366
-0.64490
-0.64879
-0.63828
-0.63134
-0.66210
-0.61035
-0.63056
-0.63812
-0.62326
-0.65175
-0.64669
-0.61384
-0.62714
-0.65217
-0.68229
-0.65582
-0.68606
-0.61260
-0.67320
-0.70643
-0.66348
-0.65223
-0.61346
-0.58699
-0.64177
-0.60189
-0.57223
-0.72178
-0.62496
-0.67335
-0.64274
-0.57017
-0.62620
-0.65530
-0.66260
-0.67325
-0.72021
-0.60385
-0.65012
-0.65528
-0.62115
-0.57853
-0.58766
-0.60165
-0.61991
-0.57449
-0.63148
-0.62128
-0.66335
-0.56207
-0.69940
-0.58845
-0.57847
-0.62092
-0.62465
-0.63539
-0.68967
-0.61444
-0.62569
-0.64551
-0.64847
-0.67316
-0.67693
-0.62141
-0.60485
-0.62628
-0.55905
-0.60003
-0.61829
-0.68726
-0.62456
-0.66182
-0.64490
-0.65839
-0.57211
-0.57473
-0.60019
-0.68847
-0.73098
-0.63720
-0.60204
-0.67944
-0.62837
-0.58743
-0.64691
-0.73639
-0.67521
-0.61774
-0.67006
-0.60178
-0.61152
-0.60677
-0.63047
-0.65700
-0.64335
-0.55444
-0.62294
-0.68152
-0.62364
-0.66333
-0.58106
-0.64640
-0.69102
-0.60562
-0.65150
-0.64481
-0.58198
-0.61986
-0.63929
-0.64039
-0.73094
-0.66587
-0.67410
-0.65674
-0.61980
-0.67204
-0.66050
-0.61114
-0.64123
-0.67081
-0.59380
-0.55577
-0.56071
-0.75762
-0.56463
-0.62000
-0.63468
-0.64037
-0.69699
-0.64927
-0.65465
-0.61159
-0.62417
-0.51188
-0.67068
-0.55854
-0.64037
-0.62100
-0.60608
-0.61197
-0.65999
-0.69749
-0.58837
-0.65972
-0.61582
-0.60430
-0.54211
-0.65910
-0.59512
-0.56188
-0.60057
-0.54921
-0.59647
-0.62575
-0.66588
-0.69955
-0.70996
-0.56969
-0.73737
-0.60504
-0.61306
-0.64763
-0.71896
-0.64695
-0.63307
-0.54168
-0.58648
-0.60078
-0.53101
-0.70327
-0.65132
-0.55200
-0.65267
-0.53641
-0.64972
-0.62846
-0.62867
-0.51619
-0.64842
-0.63783
-0.59980
-0.68259
-0.58601
-0.67788
-0.60387
-0.68088
-0.52056
-0.70228
-0.58151
-0.60976
-0.66036
-0.61327
-0.60701
-0.65527
-0.60349
-0.70578
-0.58426
-0.60587
-0.63357
-0.62075
-0.67066
-0.61042
-0.60638
-0.67944
-0.62203
-0.65319
-0.64346
-0.53922
-0.75367
-0.68360
-0.62475
-0.60069
-0.64761
-0.73322
-0.61799
-0.68288
-0.66475
-0.72228
-0.59567
-0.65977
-0.63044
-0.62722
-0.56115
-0.69942
-0.73598
-0.64092
-0.62354
-0.61559
-0.58582
-0.69017
-0.62675
-0.58157
-0.66939
-0.62077
-0.58978
-0.56411
-0.66273
-0.68656
-0.65606
-0.66935
-0.62545
-0.67687
-0.67151
-0.51977
-0.64987
-0.64725
-0.63803
-0.64025
-0.63388
-0.60191
-0.60369
-0.67784
-0.58355
-0.55979
-0.58937
-0.57548
-0.59912
-0.65500
-0.67469
-0.58761
-0.54135
-0.54565
-0.59996
-0.67446
-0.69266
-0.71276
-0.58948
-0.61734
-0.67672
-0.73211
-0.65275
-0.58016
-0.62777
-0.63533
-0.63447
-0.61455
-0.66523
-0.65747
-0.67743
-0.59705
-0.66957
-0.71078
-0.60825
-0.62703
-0.71555
-0.65859
-0.54469
-0.73875
-0.66301
-0.69953
-0.67151
-0.56456
-0.55895
-0.54829
-0.64034
-0.64245
-0.56613
-0.62415
-0.57743
-0.62804
-0.55193
-0.71711
-0.63198
-0.69613
-0.68366
-0.69470
-0.69910
-0.65866
-0.65867
-0.58946
-0.68384
-0.62998
-0.63403
-0.69585
-0.69331
-0.67829
-0.58476
-0.72215
-0.54631
-0.65199
-0.63068
-0.61337
-0.62585
-0.66328
-0.71305
-0.58807
-0.65082
-0.60732
-0.56873
-0.71811
-0.62510
-0.58454
-0.64682
-0.58642
-0.62341
-0.56070
-0.62858
-0.58328
-0.69546
-0.61223
-0.58311
-0.65850
-0.60486
-0.65301
-0.58228
-0.61210
-0.66877
-0.62370
-0.67962
-0.55376
-0.65315
-0.65345
-0.60197
-0.62898
-0.65701
-0.59863
-0.64657
-0.65799
-0.61850
-0.61365
-0.72188
-0.66578
-0.60870
-0.63696
-0.70613
-0.64645
-0.67324
-0.62863
-0.66597
-0.56372
-0.63248
-0.65406
-0.65146
-0.52698
-0.79724
-0.64428
-0.68989
-0.60721
-0.62411
-0.70705
-0.67920
-0.65030
-0.65961
-0.61635
-0.63709
-0.64203
-0.56932
-0.65618
-0.61709
-0.68410
-0.65450
-0.69103
-0.58804
-0.65320
-0.65691
-0.58656
-0.59585
-0.69195
-0.65344
-0.65180
-0.61879
-0.60757
-0.51270
-0.67978
-0.61713
-0.62675
-0.67893
-0.61832
-0.66829
-0.60654
-0.66511
-0.55249
-0.61290
-0.62606
-0.65457
-0.56145
-0.64572
-0.55123
-0.67081
-0.65649
-0.70722
-0.70251
-0.66466
-0.61035
-0.59584
-0.56607
-0.59757
-0.68544
-0.65095
-0.68595
-0.67214
-0.57861
-0.72168
-0.60075
-0.58199
-0.61578
-0.65448
-0.56037
-0.56995
-0.60996
-0.64337
-0.64858
-0.66822
-0.67752
-0.66533
-0.63348
-0.66390
-0.62252
-0.71982
-0.62309
-0.63041
-0.63062
-0.69274
-0.62646
-0.68511
-0.65358
-0.73048
-0.57719
-0.64650
-0.74461
-0.66037
-0.66764
-0.60041
-0.65585
-0.63001
-0.65059
-0.60962
-0.60281
-0.67119
-0.65397
-0.58766
-0.65897
-0.63559
-0.55945
-0.62601
-0.61853
-0.67669
-0.64547
-0.69011
-0.54168
-0.69317
-0.58200
-0.66645
-0.58759
-0.72435
-0.71462
-0.60213
-0.66122
-0.61468
-0.61342
-0.57860
-0.68720
-0.57922
-0.65864
-0.66002
-0.66053
-0.61182
-0.62558
-0.54986
-0.59260
-0.69880
-0.55256
-0.58609
-0.59883
-0.59254
-0.58346
-0.66654
-0.63786
-0.61107
-0.66385
-0.69557
-0.67550
-0.64288
-0.59999
-0.61867
-0.57262
-0.66700
-0.69102
-0.60303
-0.61935
-0.57512
-0.64747
-0.61680
-0.62277
-0.58491
-0.60164
-0.58717
-0.62480
-0.64583
-0.67144
-0.54539
-0.61600
-0.53512
-0.63513
-0.56332
-0.70542
-0.63763
-0.59324
-0.61938
-0.67153
-0.61409
-0.66288
-0.57687
-0.58634
-0.58480
-0.58002
-0.69907
-0.65487
-0.67943
-0.67955
-0.61684
-0.63552
-0.64123
-0.63511
-0.59233
-0.58800
-0.66226
-0.61890
-0.65394
-0.58100
-0.55967
-0.60622
-0.60679
-0.58057
-0.59471
-0.54116
-0.72087
-0.64694
-0.65319
-0.63377
-0.66985
-0.59544
-0.71407
-0.58270
-0.63130
-0.65325
-0.63724
-0.69747
-0.67700
-0.65842
-0.63764
-0.61481
-0.64671
-0.60807
-0.55055
-0.61057
-0.66824
-0.62142
-0.60867
-0.62084
-0.71289
-0.56695
-0.67209
-0.62175
-0.53806
-0.64365
-0.60582
-0.60605
-0.55978
-0.64644
-0.67564
-0.57967
-0.69449
-0.70060
-0.57943
-0.65802
-0.68074
-0.66732
-0.59505
-0.70889
-0.68338
-0.68415
-0.60931
-0.63802
-0.60435
-0.63075
-0.70838
-0.52346
-0.67003
-0.57624
-0.70296
-0.54839
-0.67389
-0.67453
-0.65247
-0.62053
-0.64647
-0.57763
-0.70414
-0.65968
-0.53583
-0.61916
-0.70431
-0.58125
-0.60880
-0.67839
-0.66377
-0.61777
-0.66086
-0.68395
-0.59413
-0.65645
-0.67675
-0.71508
-0.61881
-0.63787
-0.64652
-0.64868
-0.68185
-0.65131
-0.65173
-0.68035
-0.60678
-0.63536
-0.65260
-0.62742
-0.66443
-0.58178
-0.62486
-0.62202
-0.63080
-0.67816
-0.60686
-0.68597
-0.65915
-0.67931
-0.60273
-0.65340
-0.56963
-0.65511
-0.59186
-0.63274
-0.63062
-0.61441
-0.64875
-0.64351
-0.59528
-0.69531
-0.59406
-0.63039
-0.61898
-0.61169
-0.64142
-0.68111
-0.62641
-0.59006
-0.60055
-0.67983
-0.58436
-0.59793
-0.64765
-0.62436
-0.62745
-0.70268
-0.61463
-0.66415
-0.62208
-0.60109
-0.71792
-0.65297
-0.59514
-0.64117
-0.63280
-0.69022
-0.62715
-0.69424
-0.65245
-0.67002
-0.70760
-0.72555
-0.66621
-0.61754
-0.69422
-0.54934
-0.55554
-0.70066
-0.72858
-0.67310
-0.63920
-0.60879
-0.59285
-0.56816
-0.73062
-0.63010
-0.65637
-0.63248
-0.61979
-0.56248
-0.61436
-0.65903
-0.57763
-0.67785
-0.66017
-0.67613
-0.54423
-0.60984
-0.60317
-0.64472
-0.62118
-0.62286
-0.61744
-0.65066
-0.62395
-0.61388
-0.54433
-0.62922
-0.67042
-0.62658
-0.51299
-0.64373
-0.63298
-0.64511
-0.63078
-0.64569
-0.58945
-0.65379
-0.59411
-0.57522
-0.70444
-0.64586
-0.64771
-0.68353
-0.58067
-0.68213
-0.58225
-0.64135
-0.62342
-0.62435
-0.69540
-0.58129
-0.70123
-0.63079
-0.66357
-0.59828
-0.63643
-0.64441
-0.61818
-0.56528
-0.61111
-0.66140
-0.72532
-0.68029
-0.63833
-0.63890
-0.55324
-0.61730
-0.66266
-0.64394
-0.65710
-0.62673
-0.60018
-0.60285
-0.64274
-0.65671
-0.59028
-0.68400
-0.60713
