-0.27779
-0.24033
-0.34468
-0.15674
-0.13445
-0.09826
-0.14067
-0.19873
-0.20575
-0.13982
-0.12443
-0.25325
-0.23624
-0.14816
-0.13970
-0.18756
-0.22351
-0.33278
-0.08126
-0.45275
-0.23141
-0.10875
-0.19040
-0.15849
-0.37248
-0.21555
-0.44475
-0.16326
-0.22141
-0.21484
-0.31238
-0.39198
-0.19557
-0.20232
-0.32387
-0.34401
-0.11113
-0.30296
-0.36743
-0.15343
-0.31655
-0.27404
-0.11448
-0.15708
-0.14883
0.04996
-0.12960
-0.17798
-0.14986
-0.35099
-0.13749
-0.38955
-0.39779
-0.20846
-0.32240
-0.32649
-0.23058
-0.29744
-0.12742
-0.27717
-0.35392
-0.19741
-0.20056
-0.30180
-0.35643
-0.15714
-0.32626
-0.37860
-0.35074
-0.21296
-0.25770
-0.19244
-0.17269
-0.01141
-0.31184
-0.08308
-0.34781
-0.36718
-0.12320
-0.30725
-0.26576
-0.14920
-0.15298
-0.15502
-0.16048
-0.15133
0.06488
-0.33585
-0.32527
-0.25631
-0.32529
-0.36812
-0.06742
-0.24836
-0.27932
-0.22314
-0.34442
-0.29497
-0.17117
-0.04345
-0.18315
-0.20421
-0.22912
-0.34361
-0.06969
-0.27946
-0.20464
-0.11796
-0.20870
-0.41830
-0.21900
-0.19833
-0.08976
-0.35994
-0.19007
-0.36830
-0.38353
-0.20195
-0.13230
-0.42269
-0.27037
-0.16331
-0.31981
-0.20454
-0.37553
-0.26831
-0.26147
-0.19588
-0.21616
-0.26665
-0.32254
-0.14492
-0.19364
-0.01651
-0.44683
-0.15153
-0.24951
-0.15584
-0.20853
-0.24194
-0.24895
-0.05782
-0.35581
-0.23428
-0.19618
-0.18572
-0.40958
-0.07152
-0.37100
-0.18027
-0.31547
-0.31120
-0.23381
-0.07636
0.02119
-0.29376
-0.22728
-0.25704
-0.26038
-0.18443
-0.18687
-0.18285
-0.40635
-0.06297
-0.28097
-0.26480
-0.34886
-0.22631
-0.21402
-0.29742
-0.17411
-0.19966
-0.23432
-0.38951
-0.19838
-0.33310
-0.14429
-0.13510
-0.31470
-0.05250
-0.26074
-0.08289
-0.15485
-0.25119
-0.27006
-0.32393
-0.28569
-0.31600
-0.02569
-0.25571
-0.30573
0.06591
-0.15490
-0.29750
-0.04219
-0.20956
-0.26027
-0.17878
-0.31868
-0.28322
-0.28141
-0.33272
-0.21780
-0.18703
-0.18387
-0.28570
-0.17758
-0.25083
-0.33434
-0.18071
-0.20616
-0.29918
-0.02801
-0.17195
-0.27412
-0.10845
-0.23221
-0.12899
-0.08096
-0.12046
-0.26912
-0.17737
-0.11408
-0.19825
-0.25328
-0.24845
-0.35213
-0.08335
-0.32556
-0.27413
0.03131
-0.31842
-0.17537
-0.23998
-0.44570
-0.22247
-0.10755
-0.13266
0.00786
-0.15435
-0.41270
-0.26076
-0.25263
-0.22087
-0.37908
-0.33413
-0.37438
-0.09965
-0.27512
-0.27614
-0.16757
-0.10842
-0.36286
-0.10260
-0.43527
-0.35736
-0.29351
-0.20016
-0.19226
-0.11745
-0.35636
-0.25466
-0.17633
-0.12414
-0.23038
-0.22235
-0.25740
-0.19403
-0.27338
-0.33057
-0.30278
-0.30258
-0.09298
-0.21760
-0.27645
-0.35399
-0.12578
-0.37933
-0.42521
-0.14644
-0.06572
-0.11640
-0.16226
-0.23985
-0.19906
-0.28848
-0.35767
-0.24121
-0.08420
-0.16001
-0.32321
-0.04596
-0.41762
-0.32842
-0.23050
-0.17812
-0.12138
-0.12076
-0.29789
-0.12789
-0.09640
-0.11960
-0.15585
-0.31528
-0.19392
-0.14736
-0.18761
-0.26375
-0.32730
-0.29235
-0.28399
-0.12184
-0.22236
0.10474
-0.08491
-0.19967
-0.10779
-0.30738
-0.11914
-0.33494
-0.21918
-0.18271
-0.08401
-0.31077
-0.34716
-0.51155
-0.13698
-0.28356
-0.21853
-0.15556
-0.26505
-0.14532
-0.07194
-0.22171
-0.30622
-0.23611
-0.45506
-0.19802
-0.37014
-0.23440
-0.10441
-0.31543
-0.12431
-0.15388
-0.17358
-0.34766
-0.25514
-0.26673
-0.34976
-0.31049
-0.23250
-0.20286
-0.31559
-0.19468
-0.22506
-0.13580
-0.22279
-0.06204
-0.25512
-0.19564
-0.31236
0.02230
-0.30167
-0.21253
-0.32219
-0.11283
-0.29552
-0.14083
-0.30807
-0.36980
-0.25383
-0.26081
-0.11920
-0.17604
-0.31902
-0.11169
-0.35642
-0.29308
-0.16898
-0.35538
-0.38009
-0.06678
-0.18592
-0.18529
-0.00604
-0.28329
-0.10981
-0.26545
-0.08164
-0.39477
-0.09683
-0.33375
-0.37452
-0.15592
-0.29148
-0.22479
-0.26125
-0.34556
-0.21788
-0.35681
-0.19623
-0.13152
-0.25428
-0.17633
-0.10578
-0.33754
-0.23580
-0.24148
-0.17520
-0.23679
-0.20408
0.08098
-0.05128
-0.05624
-0.26955
-0.13976
-0.20908
-0.18873
-0.26460
-0.23029
0.01708
-0.15794
-0.06510
-0.17276
-0.34173
-0.32162
-0.22629
-0.09111
-0.03852
-0.30463
-0.26901
-0.38646
-0.23137
-0.33795
-0.37485
-0.18906
-0.30881
-0.23804
-0.46617
-0.23979
-0.17241
-0.06613
-0.25173
-0.15583
-0.24897
-0.04753
-0.53285
-0.27979
-0.23806
-0.06185
-0.10309
-0.10749
-0.17305
-0.26308
-0.07485
-0.30589
-0.24363
-0.07799
-0.46501
-0.27348
-0.29385
-0.31065
-0.37538
-0.26786
-0.40368
-0.20295
-0.16886
-0.16883
-0.14220
-0.23988
-0.27314
-0.14453
-0.06200
-0.32241
-0.32586
-0.23753
-0.23644
-0.24693
-0.34569
-0.13025
-0.06632
-0.15875
-0.29406
-0.03473
-0.06762
-0.24916
-0.27720
-0.17328
-0.30347
-0.38353
-0.08225
-0.15738
-0.09693
-0.18156
-0.37804
-0.36110
-0.48666
-0.14195
-0.23653
-0.27001
-0.05760
-0.32648
-0.11469
-0.35395
0.00500
-0.20252
-0.14970
0.04652
-0.05927
-0.17708
-0.21454
-0.21463
-0.40168
-0.23443
-0.17179
-0.06348
-0.21004
-0.20772
-0.24230
-0.20815
0.01749
-0.28823
-0.29364
-0.18596
-0.36227
-0.13548
-0.23059
-0.10147
-0.35083
-0.26934
-0.35452
-0.31396
-0.09463
-0.25149
-0.29123
-0.33584
-0.33142
-0.24593
-0.38937
-0.11724
-0.35911
-0.21693
-0.19571
-0.19983
-0.10054
-0.21993
-0.18686
-0.34635
-0.28608
-0.25610
-0.23047
-0.19350
-0.36039
-0.11000
-0.21097
-0.23763
-0.19613
-0.23173
-0.31083
-0.18140
-0.22516
-0.32481
-0.39591
-0.01441
-0.16072
-0.22721
-0.12905
-0.16941
-0.16855
-0.09683
-0.24658
-0.20615
-0.40205
-0.36300
-0.12356
-0.28262
-0.52272
0.09914
-0.12084
-0.28921
-0.32363
-0.23194
0.05354
-0.11417
-0.06762
-0.27046
-0.29976
-0.22166
-0.23776
-0.27345
-0.06095
-0.28673
-0.06576
-0.22506
-0.21555
-0.37601
-0.14910
-0.16704
-0.28386
-0.30829
-0.13198
-0.21368
-0.09405
-0.30721
-0.40488
-0.28910
-0.10649
-0.21551
-0.15224
-0.17958
-0.29289
-0.04022
-0.18277
-0.09252
-0.56719
-0.17352
-0.18969
-0.12875
-0.35836
-0.21661
-0.21517
-0.24095
-0.19546
-0.10363
-0.06679
-0.10856
-0.32559
-0.27458
-0.44283
-0.24634
-0.20634
-0.15338
-0.34235
-0.22338
-0.33258
-0.09629
-0.30386
-0.43007
-0.35624
-0.22534
-0.31251
-0.27995
-0.18637
-0.27111
-0.22502
-0.16494
-0.15106
-0.00420
-0.22424
-0.08314
-0.28151
-0.09740
-0.25488
-0.36515
-0.14674
-0.12603
-0.31997
-0.22011
-0.08050
-0.12433
-0.31790
-0.15557
-0.09382
-0.15089
-0.15752
-0.13930
-0.15870
-0.12314
-0.34119
-0.29802
-0.41448
-0.05924
-0.09123
-0.28636
-0.18165
-0.32686
-0.33880
-0.25715
-0.15097
-0.09110
-0.20718
-0.08348
-0.36167
-0.06065
-0.30924
-0.09992
-0.27400
-0.13617
-0.17815
-0.32621
-0.11140
-0.40394
-0.31313
-0.21700
-0.05807
-0.31975
-0.09529
-0.11559
-0.21236
-0.29667
-0.24282
-0.44907
-0.18124
-0.15436
-0.31309
-0.44533
-0.37191
-0.33830
-0.32462
-0.09350
-0.28081
-0.20491
-0.23757
-0.29965
-0.18907
-0.14383
-0.11655
-0.18330
-0.23287
-0.15476
-0.17069
-0.19499
-0.22743
-0.37542
-0.10757
-0.22404
-0.21026
-0.33284
-0.31757
-0.41935
-0.39022
-0.33273
-0.13970
-0.42671
-0.34043
-0.27778
-0.34466
-0.27426
-0.03733
-0.21115
-0.24829
-0.28792
-0.18588
-0.24878
-0.12305
-0.23165
-0.30299
-0.29830
-0.29684
-0.00681
-0.12198
-0.11092
-0.04675
-0.32542
-0.15213
-0.31874
-0.29883
-0.34457
-0.30384
-0.12422
-0.23357
-0.12001
-0.28923
-0.37033
-0.25910
-0.29238
-0.24910
-0.29485
-0.41354
-0.17295
-0.36664
-0.21032
-0.26574
-0.18993
-0.23389
-0.10747
-0.31116
-0.28169
-0.06983
-0.21894
-0.17225
-0.11090
-0.19479
-0.28312
-0.14291
-0.28079
-0.19359
-0.27232
-0.22834
-0.15668
-0.19402
-0.44093
-0.31540
-0.05869
-0.30353
-0.21917
-0.27597
-0.40988
-0.14297
-0.38089
-0.28113
-0.38325
-0.26208
-0.18592
-0.17542
-0.16504
-0.13166
-0.15490
-0.31225
-0.09591
-0.11614
-0.23449
-0.11526
-0.19334
-0.17687
-0.16411
-0.21044
-0.29199
-0.27216
-0.10669
-0.45054
-0.22254
-0.34879
-0.14952
-0.16605
-0.23467
-0.14623
-0.15745
-0.23969
-0.04074
-0.30534
-0.04394
-0.19467
-0.51958
-0.23192
-0.05629
-0.24725
-0.33123
-0.12729
-0.03712
-0.19212
-0.13026
-0.16974
-0.27800
-0.24782
-0.07176
-0.12266
-0.32064
-0.10572
-0.19270
-0.27310
-0.09906
-0.12403
-0.18741
-0.13305
-0.24554
-0.20978
-0.29797
-0.32674
-0.19104
-0.40041
-0.09439
-0.26342
-0.26936
-0.10172
-0.41382
-0.09391
-0.27545
-0.04453
-0.22994
-0.24250
-0.21557
-0.32434
-0.32445
-0.25070
-0.31412
-0.28338
-0.15726
-0.17856
-0.29948
-0.12269
-0.43371
-0.22996
-0.22792
-0.23389
-0.26127
-0.02243
-0.15290
-0.27176
-0.18559
-0.14057
-0.35022
-0.20730
-0.31801
-0.28660
-0.35408
-0.20790
-0.18315
-0.33085
-0.22125
-0.20650
-0.08496
-0.32235
-0.19360
-0.24471
-0.18347
-0.12693
-0.14270
-0.14824
-0.19237
-0.20243
-0.18953
-0.21202
-0.17563
-0.26633
-0.09062
-0.26365
-0.42089
-0.05648
-0.05074
-0.17469
-0.16926
-0.25583
-0.20744
-0.45303
-0.16784
-0.29826
-0.19243
-0.22593
-0.17526
-0.44974
-0.24067
-0.22226
-0.27079
-0.16808
-0.12905
-0.19894
-0.46895
-0.18545
-0.35677
-0.06880
-0.17405
-0.27785
-0.30138
-0.10882
-0.42925
-0.30468
-0.35912
-0.20055
-0.08975
-0.34967
-0.44438
-0.23067
-0.26473
-0.20466
-0.14683
-0.12416
-0.28418
-0.30889
-0.20672
-0.45856
-0.15439
-0.17958
-0.15941
-0.19182
-0.16334
-0.16466
-0.37082
-0.26136
-0.00373
-0.16653
-0.10469
-0.36711
-0.20122
-0.16478
-0.21721
-0.26612
-0.14971
-0.19973
-0.22617
-0.33735
-0.18459
-0.24009
-0.06808
-0.20323
-0.23173
-0.34751
-0.43808
-0.25715
-0.06251
-0.28191
-0.16820
-0.25415
-0.21956
-0.27239
-0.19345
-0.05819
-0.24629
-0.12643
-0.20503
