-0.87047
-0.89750
-0.85670
-0.81798
-0.85251
-0.77621
-0.82628
-0.77778
-0.85302
-0.86309
-0.81635
-0.85200
-0.91747
-0.83103
-0.79560
-0.84579
-0.89766
-0.97139
-0.68323
-0.96837
-0.89502
-0.73517
-0.89223
-0.88369
-0.91791
-0.90459
-1.04769
-0.84044
-0.85394
-0.85799
-0.93729
-0.94365
-0.88234
-0.86874
-0.90341
-0.91493
-0.81585
-0.94585
-0.97077
-0.83194
-0.89193
-0.87094
-0.78051
-0.77392
-0.83486
-0.67703
-0.72316
-0.84924
-0.81264
-0.92505
-0.77024
-0.93191
-0.97405
-0.76938
-0.89467
-0.96566
-0.86290
-0.88532
-0.79143
-0.88951
-0.91244
-0.85261
-0.87136
-0.88836
-0.91510
-0.74730
-0.88083
-0.90409
-0.91730
-0.86285
-0.81559
-0.86151
-0.82153
-0.69753
-0.89543
-0.86896
-0.97987
-0.95763
-0.75252
-0.91185
-0.96874
-0.72932
-0.88356
-0.88254
-0.83457
-0.85740
-0.72951
-0.88536
-0.91488
-0.90249
-0.92926
-0.93105
-0.69667
-0.90635
-0.87389
-0.88102
-0.94107
-0.87528
-0.81332
-0.81702
-0.84831
-0.82176
-0.91909
-0.89141
-0.77363
-0.86325
-0.84204
-0.79495
-0.84640
-1.03940
-0.86616
-0.82208
-0.80112
-0.97178
-0.84957
-0.99370
-1.01415
-0.80019
-0.71508
-1.05143
-0.90620
-0.85685
-0.90324
-0.84443
-0.88618
-0.89385
-0.90544
-0.77445
-0.85652
-0.80892
-0.91042
-0.78436
-0.81437
-0.74779
-1.00151
-0.79071
-0.85411
-0.79381
-0.89118
-0.78276
-0.87430
-0.71793
-0.91176
-0.88867
-0.81556
-0.84214
-0.93347
-0.76830
-0.93330
-0.78201
-0.93791
-0.89317
-0.91392
-0.71855
-0.72929
-0.95283
-0.87377
-0.78735
-0.93391
-0.77069
-0.88268
-0.81900
-0.95560
-0.82084
-0.86023
-0.86126
-0.89325
-0.82383
-0.85616
-0.91658
-0.79023
-0.79006
-0.89740
-0.85446
-0.80760
-0.86099
-0.81429
-0.80620
-0.84368
-0.85001
-0.93183
-0.80362
-0.85366
-0.94970
-0.92616
-0.95831
-0.83910
-0.92657
-0.80316
-0.80357
-0.85822
-0.72323
-0.83924
-0.94051
-0.76221
-0.88882
-0.90274
-0.83777
-0.90346
-0.92428
-0.86433
-0.85704
-0.82135
-0.83818
-0.83556
-0.90880
-0.81526
-0.93462
-0.97775
-0.78014
-0.84288
-0.89242
-0.68365
-0.88474
-0.87622
-0.77119
-0.92013
-0.77945
-0.79164
-0.81353
-0.88748
-0.84268
-0.83389
-0.84876
-0.90655
-0.86130
-0.93051
-0.71128
-0.87269
-0.84978
-0.71744
-0.92189
-0.83888
-0.88324
-1.00108
-0.83685
-0.78091
-0.79660
-0.64991
-0.84004
-0.95141
-0.87340
-0.94013
-0.83144
-0.95500
-0.90777
-0.91757
-0.78189
-0.82503
-0.88015
-0.80880
-0.78799
-0.94902
-0.85394
-1.02945
-0.92207
-0.93069
-0.84546
-0.80707
-0.76407
-0.95830
-0.89776
-0.81814
-0.80152
-0.87180
-0.90783
-0.86566
-0.85165
-0.89850
-0.87042
-0.94632
-0.91751
-0.80718
-0.79345
-0.91407
-0.98017
-0.82081
-0.93667
-0.96850
-0.76809
-0.80159
-0.86783
-0.82685
-0.86055
-0.88095
-0.92115
-0.94938
-0.83639
-0.84582
-0.83610
-0.97170
-0.69376
-0.97651
-0.94340
-0.80276
-0.81575
-0.79134
-0.76872
-0.81986
-0.77892
-0.82298
-0.81567
-0.78222
-0.90019
-0.88759
-0.87034
-0.80438
-0.87480
-0.94423
-0.83091
-0.89897
-0.78471
-0.83677
-0.67626
-0.79297
-0.90563
-0.73915
-0.93088
-0.77583
-0.98719
-0.81172
-0.81498
-0.77230
-0.86364
-0.89637
-1.02466
-0.83456
-0.82659
-0.81480
-0.77837
-0.84200
-0.90184
-0.72358
-0.85835
-0.89260
-0.86246
-0.96507
-0.84987
-0.91366
-0.87712
-0.76732
-0.83227
-0.74150
-0.84366
-0.85823
-0.91292
-0.92524
-0.87042
-0.92995
-0.85312
-0.91233
-0.82759
-0.84032
-0.77467
-0.80719
-0.70427
-0.81858
-0.73773
-0.91456
-0.90586
-0.86577
-0.73677
-0.84930
-0.83965
-0.98952
-0.86173
-0.96662
-0.80881
-0.90093
-0.96466
-0.85791
-0.79454
-0.86042
-0.85514
-0.84897
-0.84551
-0.87032
-0.94920
-0.78325
-0.96932
-0.89296
-0.72276
-0.79369
-0.78484
-0.71482
-0.84181
-0.74921
-0.87096
-0.75803
-0.87985
-0.78628
-0.90098
-0.94242
-0.80465
-0.85825
-0.83320
-0.93888
-0.94261
-0.87075
-0.97169
-0.77485
-0.76062
-0.84663
-0.81740
-0.68886
-0.91093
-0.92217
-0.85733
-0.84805
-0.87530
-0.77405
-0.68116
-0.77942
-0.72941
-0.90561
-0.80738
-0.95686
-0.81406
-0.91737
-0.91418
-0.72520
-0.74680
-0.70979
-0.82558
-0.92924
-0.92442
-0.92900
-0.80121
-0.69029
-0.87740
-0.89861
-0.92284
-0.88280
-0.95584
-0.97550
-0.85450
-0.89492
-0.81256
-0.96987
-0.88871
-0.88738
-0.79131
-0.95302
-0.78679
-0.89392
-0.72172
-1.03312
-0.89966
-0.86473
-0.72207
-0.72818
-0.73762
-0.77300
-0.87396
-0.77752
-0.86286
-0.82920
-0.69773
-0.96297
-0.91459
-0.94277
-0.99102
-0.96894
-0.83679
-0.92383
-0.78655
-0.89282
-0.88545
-0.80698
-0.83327
-0.86365
-0.78402
-0.84922
-0.94236
-0.88584
-0.81649
-0.85270
-0.87844
-0.90546
-0.80291
-0.72663
-0.80934
-0.86628
-0.75812
-0.75638
-0.88087
-0.92552
-0.87741
-1.01567
-0.96154
-0.86669
-0.82825
-0.83569
-0.89324
-0.89686
-0.86809
-1.04163
-0.74801
-0.90065
-0.82205
-0.68077
-0.91362
-0.73519
-0.95054
-0.76459
-0.86348
-0.83278
-0.65696
-0.74602
-0.91416
-0.87442
-0.90153
-0.97973
-0.94067
-0.80419
-0.74132
-0.81257
-0.93073
-0.90799
-0.80503
-0.76708
-0.87235
-0.93834
-0.78192
-0.95924
-0.79610
-0.85804
-0.88059
-0.91765
-0.88940
-0.90111
-0.90282
-0.79255
-0.84780
-0.90731
-0.98350
-0.93999
-0.88490
-0.92573
-0.77096
-0.93813
-0.91393
-0.79192
-0.79728
-0.74361
-0.80901
-0.84956
-0.88205
-0.88037
-0.89450
-0.86157
-0.87365
-0.94519
-0.77211
-0.86114
-0.85940
-0.80172
-0.84712
-0.87289
-0.81906
-0.89589
-0.93160
-0.95534
-0.75548
-0.79405
-0.83248
-0.79480
-0.87882
-0.80903
-0.81220
-0.91602
-0.87209
-1.01251
-0.99702
-0.78819
-0.92564
-1.02474
-0.75597
-0.79526
-0.95427
-0.91975
-0.87565
-0.74077
-0.83361
-0.77092
-0.93889
-0.89055
-0.84178
-0.84648
-0.81886
-0.82019
-0.83577
-0.76527
-0.87073
-0.89859
-0.97928
-0.78752
-0.84998
-0.81808
-0.92968
-0.84364
-0.88261
-0.72420
-0.90359
-0.98772
-0.82727
-0.82087
-0.82886
-0.77196
-0.92015
-0.86313
-0.70308
-0.78043
-0.74973
-1.07159
-0.76163
-0.80736
-0.84984
-0.92596
-0.83896
-0.74639
-0.87954
-0.86362
-0.85393
-0.83482
-0.76033
-0.94857
-0.87113
-0.99665
-0.80484
-0.88577
-0.81130
-1.00590
-0.88326
-0.87286
-0.84266
-0.88923
-0.97624
-0.96030
-0.84784
-0.91553
-0.81118
-0.79933
-0.87022
-0.89112
-0.79891
-0.84234
-0.73516
-0.89944
-0.78641
-0.88426
-0.86667
-0.83742
-1.03932
-0.79430
-0.83067
-0.93220
-0.83782
-0.74491
-0.80878
-0.89680
-0.86066
-0.88277
-0.81329
-0.88121
-0.76047
-0.77117
-0.78384
-0.94213
-0.87167
-1.02475
-0.73723
-0.75474
-0.82672
-0.86050
-0.93744
-0.91209
-0.88345
-0.76778
-0.77151
-0.83669
-0.79310
-0.92066
-0.78723
-0.84651
-0.80928
-0.87260
-0.87958
-0.84161
-0.89837
-0.75266
-1.02194
-0.90748
-0.82619
-0.80546
-0.92843
-0.76904
-0.80436
-0.91795
-0.90757
-0.85614
-0.99725
-0.73817
-0.87665
-0.87588
-1.02977
-1.00573
-0.89886
-0.93089
-0.77743
-0.92522
-0.82509
-0.88096
-0.98798
-0.82443
-0.80789
-0.70528
-0.78398
-0.85476
-0.82604
-0.93523
-0.79914
-0.83542
-0.91313
-0.81576
-0.85187
-0.85428
-0.84916
-0.88127
-0.99289
-0.92806
-0.98754
-0.79518
-0.93900
-0.93684
-0.78962
-0.94741
-0.85022
-0.77453
-0.85377
-0.84573
-0.91536
-0.83705
-0.82904
-0.77082
-0.78290
-0.86199
-0.86476
-0.86320
-0.69340
-0.76040
-0.83350
-0.76765
-0.90322
-0.82616
-0.94001
-0.89991
-0.93628
-0.89078
-0.79848
-0.81159
-0.77319
-0.84933
-0.93220
-0.87821
-0.86611
-0.78994
-0.84809
-0.94580
-0.84864
-1.00948
-0.82923
-0.89686
-0.83791
-0.83933
-0.83451
-0.86714
-0.95108
-0.77722
-0.86604
-0.83276
-0.78952
-0.83666
-0.91301
-0.76343
-0.91765
-0.81021
-0.80760
-0.83407
-0.84107
-0.81751
-1.00609
-0.93693
-0.76721
-0.94143
-0.90557
-0.91107
-0.92809
-0.79154
-0.92891
-0.87749
-0.95240
-0.88486
-0.85403
-0.80531
-0.85653
-0.85771
-0.78748
-0.95924
-0.76491
-0.76344
-0.90907
-0.79638
-0.84212
-0.93463
-0.77835
-0.85296
-0.90683
-0.89081
-0.84182
-0.97524
-0.88675
-0.90767
-0.83800
-0.66738
-0.93357
-0.82029
-0.79112
-0.83893
-0.72882
-0.88823
-0.75102
-0.87401
-1.01098
-0.82485
-0.80185
-0.80725
-0.94913
-0.86467
-0.76098
-0.79252
-0.80679
-0.85969
-0.86098
-0.88491
-0.75423
-0.86534
-0.92272
-0.75627
-0.80925
-0.94179
-0.77158
-0.79924
-0.83008
-0.80930
-0.85458
-0.84529
-0.89053
-0.90732
-0.86521
-0.93453
-0.74083
-0.90692
-0.89311
-0.82194
-0.93794
-0.82102
-0.87986
-0.75441
-0.83524
-0.90847
-0.80598
-0.96928
-0.89091
-0.91910
-0.92367
-0.91335
-0.82296
-0.80779
-0.92665
-0.80654
-0.92486
-0.80751
-0.86905
-0.81464
-0.94834
-0.78361
-0.81848
-0.86003
-0.79957
-0.80860
-0.95480
-0.80981
-1.01499
-0.90814
-0.93233
-0.96020
-0.83000
-0.97657
-0.80053
-0.81081
-0.79866
-0.98452
-0.81011
-0.92325
-0.82841
-0.83321
-0.75656
-0.87766
-0.80481
-0.90583
-0.92071
-0.91875
-0.84745
-0.85741
-0.80116
-0.81934
-0.94618
-0.81179
-0.77428
-0.87097
-0.75806
-0.86844
-0.82814
-0.98533
-0.88935
-0.93378
-0.86059
-0.88358
-0.78911
-1.02567
-0.87074
-0.86316
-0.88608
-0.85857
-0.78765
-0.92062
-1.03347
-0.85040
-0.94375
-0.74687
-0.78242
-0.91379
-0.89488
-0.77438
-1.07269
-0.92665
-0.85201
-0.81403
-0.80413
-0.93747
-0.98931
-0.89209
-0.91944
-0.83248
-0.84690
-0.75512
-0.86945
-1.00668
-0.85403
-0.96536
-0.85989
-0.80897
-0.82915
-0.82862
-0.76275
-0.85758
-0.92014
-0.92397
-0.63407
-0.83209
-0.83244
-0.89197
-0.89801
-0.86451
-0.85850
-0.84482
-0.81335
-0.83019
-0.80354
-0.89878
-0.82776
-0.89908
-0.80421
-0.87089
-0.82829
-0.94481
-1.00931
-0.87264
-0.74771
-0.96451
-0.88459
-0.85031
-0.85072
-0.92159
-0.83418
-0.71371
-0.82562
-0.78588
-0.82707
