-0.58101
-0.63301
-0.56915
-0.65787
-0.70459
-0.64486
-0.67088
-0.63622
-0.64172
-0.66847
-0.68453
-0.61637
-0.65631
-0.69261
-0.61562
-0.61394
-0.69810
-0.62098
-0.63973
-0.55849
-0.63849
-0.63086
-0.64523
-0.67901
-0.54285
-0.65118
-0.59741
-0.61215
-0.63591
-0.65681
-0.60970
-0.59112
-0.65267
-0.63950
-0.61665
-0.59789
-0.67683
-0.63195
-0.60681
-0.66515
-0.62953
-0.62052
-0.64404
-0.58875
-0.67853
-0.69350
-0.63345
-0.65344
-0.63438
-0.65439
-0.63354
-0.61335
-0.63115
-0.61213
-0.63556
-0.58038
-0.64449
-0.62672
-0.66462
-0.65219
-0.57068
-0.65931
-0.59933
-0.56277
-0.58081
-0.62542
-0.61059
-0.60565
-0.65408
-0.66920
-0.59825
-0.68105
-0.58548
-0.66643
-0.61159
-0.73300
-0.59210
-0.61728
-0.64740
-0.65164
-0.64786
-0.62541
-0.66994
-0.70162
-0.67463
-0.67512
-0.74695
-0.62432
-0.61071
-0.59525
-0.61422
-0.56535
-0.66642
-0.67525
-0.66221
-0.65753
-0.66361
-0.59760
-0.62582
-0.74958
-0.67300
-0.65169
-0.61328
-0.59940
-0.72283
-0.65075
-0.68475
-0.67771
-0.61225
-0.63927
-0.61569
-0.56129
-0.64290
-0.58447
-0.63487
-0.62201
-0.66436
-0.65014
-0.60440
-0.58421
-0.65300
-0.71250
-0.58279
-0.67544
-0.54762
-0.68783
-0.60685
-0.65327
-0.67376
-0.62070
-0.57759
-0.68271
-0.59033
-0.74202
-0.60224
-0.63779
-0.56496
-0.65453
-0.65810
-0.61430
-0.62654
-0.66037
-0.60687
-0.65281
-0.62249
-0.64626
-0.56581
-0.68082
-0.60638
-0.65775
-0.59689
-0.58908
-0.66844
-0.67137
-0.66794
-0.64175
-0.66619
-0.57320
-0.62163
-0.59730
-0.69394
-0.62315
-0.55903
-0.72046
-0.62554
-0.62180
-0.60099
-0.60235
-0.60779
-0.62209
-0.64435
-0.60259
-0.66081
-0.54925
-0.64689
-0.59542
-0.62824
-0.60908
-0.56722
-0.70441
-0.69045
-0.70942
-0.63333
-0.63439
-0.62016
-0.63574
-0.59323
-0.61603
-0.73157
-0.62793
-0.60942
-0.73971
-0.66883
-0.63244
-0.64999
-0.64210
-0.60796
-0.67202
-0.62162
-0.62096
-0.60304
-0.59320
-0.62104
-0.64300
-0.62457
-0.64203
-0.60958
-0.63465
-0.62904
-0.66169
-0.62832
-0.65030
-0.68451
-0.64896
-0.63756
-0.63446
-0.67964
-0.69988
-0.64359
-0.67250
-0.61737
-0.68116
-0.70913
-0.65191
-0.63449
-0.58829
-0.60591
-0.62938
-0.59390
-0.56813
-0.71664
-0.64809
-0.68079
-0.64444
-0.55699
-0.64967
-0.65288
-0.66162
-0.67153
-0.67536
-0.61966
-0.66614
-0.64141
-0.61761
-0.57710
-0.58816
-0.60297
-0.62504
-0.56979
-0.65450
-0.63678
-0.67542
-0.58879
-0.71146
-0.58376
-0.58267
-0.61917
-0.64502
-0.63763
-0.69310
-0.62697
-0.62163
-0.65078
-0.65587
-0.68443
-0.66811
-0.62849
-0.59658
-0.62983
-0.57192
-0.63361
-0.63367
-0.67574
-0.60484
-0.65782
-0.63391
-0.64506
-0.58516
-0.58493
-0.60950
-0.69608
-0.70890
-0.63630
-0.59510
-0.70810
-0.64349
-0.58742
-0.65950
-0.74763
-0.68183
-0.63094
-0.70675
-0.59891
-0.61518
-0.63024
-0.64487
-0.66566
-0.64044
-0.56023
-0.63627
-0.68757
-0.64876
-0.65762
-0.60802
-0.64850
-0.72160
-0.59629
-0.66591
-0.65012
-0.60144
-0.63462
-0.65654
-0.65913
-0.72182
-0.66473
-0.65222
-0.66515
-0.59038
-0.69384
-0.65434
-0.62914
-0.63156
-0.67363
-0.60267
-0.57334
-0.58205
-0.75179
-0.56874
-0.61822
-0.63984
-0.64287
-0.70545
-0.65701
-0.66403
-0.62629
-0.60707
-0.54888
-0.66954
-0.56574
-0.66586
-0.61695
-0.63820
-0.60963
-0.67654
-0.69635
-0.61164
-0.64941
-0.62770
-0.62921
-0.54575
-0.69568
-0.59338
-0.55840
-0.60842
-0.56478
-0.60430
-0.63264
-0.66025
-0.71816
-0.70613
-0.57515
-0.74206
-0.62806
-0.62007
-0.66872
-0.69339
-0.62341
-0.64161
-0.54431
-0.60768
-0.60842
-0.54566
-0.69320
-0.63404
-0.56674
-0.64451
-0.56150
-0.66436
-0.61869
-0.63747
-0.51363
-0.65564
-0.65845
-0.59070
-0.66973
-0.58611
-0.67634
-0.62042
-0.68394
-0.53409
-0.70890
-0.60072
-0.62267
-0.67556
-0.62457
-0.62012
-0.65211
-0.61544
-0.69559
-0.57282
-0.61238
-0.65167
-0.63565
-0.66392
-0.61774
-0.61695
-0.67841
-0.63732
-0.65727
-0.65238
-0.58643
-0.72479
-0.68758
-0.61597
-0.59980
-0.64034
-0.75027
-0.62017
-0.69010
-0.66500
-0.71229
-0.63345
-0.68830
-0.63123
-0.63876
-0.57983
-0.67701
-0.75785
-0.66542
-0.62682
-0.61431
-0.60590
-0.67862
-0.64837
-0.58331
-0.67882
-0.63643
-0.60639
-0.57426
-0.65366
-0.66722
-0.63755
-0.68337
-0.61760
-0.68760
-0.67461
-0.55573
-0.64948
-0.65952
-0.68307
-0.65364
-0.67423
-0.61697
-0.58236
-0.68455
-0.57866
-0.59620
-0.59364
-0.59594
-0.60009
-0.67311
-0.65175
-0.59618
-0.55803
-0.55276
-0.60442
-0.67087
-0.68741
-0.71787
-0.61389
-0.58861
-0.66548
-0.74075
-0.65716
-0.60022
-0.64138
-0.64504
-0.65081
-0.61707
-0.66846
-0.64443
-0.63192
-0.62703
-0.64717
-0.73023
-0.62999
-0.64840
-0.68783
-0.64744
-0.55845
-0.75074
-0.66861
-0.70594
-0.69500
-0.55677
-0.57036
-0.58573
-0.68036
-0.64898
-0.57134
-0.62328
-0.57980
-0.64336
-0.56463
-0.72239
-0.65623
-0.70955
-0.68656
-0.70415
-0.67971
-0.66227
-0.65139
-0.59877
-0.67620
-0.64912
-0.61410
-0.71276
-0.68633
-0.71631
-0.57933
-0.71140
-0.56056
-0.65252
-0.63409
-0.60746
-0.62473
-0.67699
-0.73655
-0.63375
-0.63463
-0.64063
-0.57650
-0.73685
-0.63940
-0.60934
-0.64187
-0.61008
-0.63083
-0.57498
-0.66047
-0.60593
-0.71103
-0.63598
-0.58838
-0.67654
-0.59898
-0.64590
-0.56527
-0.60483
-0.66920
-0.63187
-0.67961
-0.56043
-0.65564
-0.66787
-0.64368
-0.64438
-0.68142
-0.59792
-0.64206
-0.65334
-0.61477
-0.63339
-0.74668
-0.67592
-0.61768
-0.65678
-0.69339
-0.63645
-0.64932
-0.64594
-0.65560
-0.58672
-0.64832
-0.67317
-0.66811
-0.54220
-0.80326
-0.64819
-0.68045
-0.61081
-0.63958
-0.70190
-0.65812
-0.64271
-0.65379
-0.63583
-0.63399
-0.61478
-0.58625
-0.65832
-0.62194
-0.70906
-0.64060
-0.69419
-0.60231
-0.65255
-0.66079
-0.59850
-0.61961
-0.68383
-0.65606
-0.63285
-0.65305
-0.61474
-0.56793
-0.68078
-0.62851
-0.62187
-0.69491
-0.61068
-0.65344
-0.61028
-0.67457
-0.55624
-0.62271
-0.63737
-0.63845
-0.56806
-0.64314
-0.59428
-0.65653
-0.67715
-0.72241
-0.69763
-0.66654
-0.63532
-0.62299
-0.55084
-0.59394
-0.70034
-0.65233
-0.65181
-0.61118
-0.57724
-0.71019
-0.61085
-0.60267
-0.64025
-0.65512
-0.59205
-0.57828
-0.60920
-0.68682
-0.64619
-0.68178
-0.66995
-0.67099
-0.65671
-0.66418
-0.64005
-0.70884
-0.64745
-0.67894
-0.61850
-0.68367
-0.62525
-0.71107
-0.64910
-0.71459
-0.59616
-0.66767
-0.75979
-0.68723
-0.63878
-0.59649
-0.63785
-0.64479
-0.66296
-0.59710
-0.61673
-0.66988
-0.66822
-0.59556
-0.71452
-0.62361
-0.56155
-0.63439
-0.62529
-0.68878
-0.62115
-0.67786
-0.55308
-0.66980
-0.58430
-0.64147
-0.59169
-0.71653
-0.70915
-0.62756
-0.67349
-0.60799
-0.61122
-0.58189
-0.66582
-0.56560
-0.65142
-0.64261
-0.67221
-0.60409
-0.64375
-0.55003
-0.61280
-0.72338
-0.57009
-0.58178
-0.58595
-0.60742
-0.59652
-0.64353
-0.63998
-0.61837
-0.64417
-0.70247
-0.69567
-0.63266
-0.57872
-0.61459
-0.61550
-0.66440
-0.67621
-0.63380
-0.59589
-0.55723
-0.63670
-0.62884
-0.61245
-0.62302
-0.64173
-0.59025
-0.63708
-0.66274
-0.65599
-0.55817
-0.61139
-0.55417
-0.63006
-0.55364
-0.69164
-0.64008
-0.61201
-0.64018
-0.69466
-0.64571
-0.66830
-0.58493
-0.59521
-0.59793
-0.58768
-0.69318
-0.65286
-0.68107
-0.68772
-0.63756
-0.64787
-0.66428
-0.67291
-0.58829
-0.59310
-0.65106
-0.63440
-0.67909
-0.58989
-0.56430
-0.61334
-0.59171
-0.60527
-0.65491
-0.53601
-0.71167
-0.63675
-0.65124
-0.65111
-0.69297
-0.60135
-0.71876
-0.60396
-0.66217
-0.65289
-0.66152
-0.68475
-0.68569
-0.63781
-0.64649
-0.63828
-0.67016
-0.59838
-0.55690
-0.61564
-0.66732
-0.63249
-0.58953
-0.62285
-0.70490
-0.58877
-0.67378
-0.62240
-0.57017
-0.64852
-0.60557
-0.59932
-0.55065
-0.64239
-0.68198
-0.57729
-0.68732
-0.72816
-0.59040
-0.67034
-0.68158
-0.67744
-0.58705
-0.70205
-0.72984
-0.68317
-0.62994
-0.64101
-0.56284
-0.65270
-0.70435
-0.56437
-0.64027
-0.59643
-0.70845
-0.58496
-0.66746
-0.67202
-0.67973
-0.60057
-0.62276
-0.62349
-0.71930
-0.66678
-0.52596
-0.63040
-0.68769
-0.59614
-0.63239
-0.67838
-0.67527
-0.62994
-0.67838
-0.65530
-0.61320
-0.64775
-0.69630
-0.69335
-0.62242
-0.64743
-0.66758
-0.64661
-0.68342
-0.65819
-0.67614
-0.69181
-0.61726
-0.64270
-0.65478
-0.64891
-0.65949
-0.59614
-0.63457
-0.64420
-0.61704
-0.67369
-0.63957
-0.68002
-0.66795
-0.65358
-0.60790
-0.65654
-0.55263
-0.65273
-0.59908
-0.66951
-0.60449
-0.62437
-0.65038
-0.68492
-0.63280
-0.70679
-0.60247
-0.64875
-0.63501
-0.63144
-0.65275
-0.64288
-0.63065
-0.58319
-0.62701
-0.69057
-0.60663
-0.59384
-0.63266
-0.64465
-0.65077
-0.67145
-0.60342
-0.67249
-0.64098
-0.60623
-0.69471
-0.64399
-0.63606
-0.65466
-0.63307
-0.69074
-0.63069
-0.66905
-0.63791
-0.68106
-0.70808
-0.71913
-0.66003
-0.63912
-0.67021
-0.54272
-0.59283
-0.67592
-0.69398
-0.68110
-0.64933
-0.62618
-0.59594
-0.60816
-0.73673
-0.62217
-0.64240
-0.66223
-0.62426
-0.57499
-0.63871
-0.66619
-0.59617
-0.68435
-0.67603
-0.68887
-0.57270
-0.62367
-0.60894
-0.62910
-0.61978
-0.63287
-0.63746
-0.64107
-0.62424
-0.63902
-0.57724
-0.61625
-0.67744
-0.65651
-0.51923
-0.65060
-0.60357
-0.62792
-0.62252
-0.65639
-0.63997
-0.66701
-0.60925
-0.60518
-0.68795
-0.64458
-0.64761
-0.73050
-0.59311
-0.69788
-0.61144
-0.62808
-0.62938
-0.62094
-0.71474
-0.61416
-0.69408
-0.62115
-0.68830
-0.60515
-0.67331
-0.61959
-0.63074
-0.57688
-0.60792
-0.65007
-0.74037
-0.72870
-0.65088
-0.64156
-0.56481
-0.62415
-0.65127
-0.64859
-0.63931
-0.65410
-0.59205
-0.59501
-0.66217
-0.63677
-0.60420
-0.70255
-0.60798
