-0.28946
-0.26448
-0.28756
-0.16011
-0.14792
-0.13135
-0.15541
-0.14156
-0.21129
-0.19462
-0.13181
-0.23562
-0.26116
-0.13842
-0.17998
-0.23186
-0.19956
-0.35040
-0.04350
-0.40988
-0.25653
-0.10431
-0.24700
-0.20468
-0.37506
-0.25340
-0.45028
-0.22830
-0.21803
-0.20118
-0.32759
-0.35254
-0.22967
-0.22924
-0.28675
-0.31704
-0.13902
-0.31390
-0.36396
-0.16679
-0.26240
-0.25042
-0.13647
-0.18517
-0.15633
0.01647
-0.08971
-0.19580
-0.17827
-0.27065
-0.13670
-0.31856
-0.34290
-0.15725
-0.25911
-0.38528
-0.21841
-0.25859
-0.12681
-0.23732
-0.34177
-0.19330
-0.27203
-0.32559
-0.33429
-0.12188
-0.27025
-0.29845
-0.26323
-0.19365
-0.21734
-0.18046
-0.23606
-0.03110
-0.28384
-0.13595
-0.38777
-0.34035
-0.10512
-0.26021
-0.32089
-0.10391
-0.21362
-0.18093
-0.15993
-0.18228
0.01745
-0.26103
-0.30417
-0.30723
-0.31504
-0.36571
-0.03025
-0.23109
-0.21168
-0.22349
-0.27746
-0.27769
-0.18749
-0.06743
-0.17531
-0.17007
-0.30581
-0.29201
-0.05080
-0.21250
-0.15729
-0.11724
-0.23414
-0.40013
-0.25047
-0.26079
-0.15823
-0.38730
-0.21470
-0.37169
-0.34980
-0.15006
-0.11068
-0.46722
-0.25320
-0.14435
-0.32045
-0.16899
-0.33856
-0.20602
-0.29858
-0.12118
-0.18276
-0.18822
-0.33283
-0.10165
-0.22404
-0.00577
-0.39927
-0.15292
-0.28915
-0.13928
-0.23308
-0.16846
-0.24776
-0.05757
-0.30488
-0.23585
-0.19307
-0.19589
-0.36767
-0.08749
-0.32691
-0.12426
-0.34102
-0.30409
-0.24548
-0.04718
-0.06134
-0.31108
-0.20758
-0.21415
-0.31227
-0.17339
-0.18874
-0.19585
-0.39657
-0.10038
-0.23469
-0.23946
-0.29226
-0.22147
-0.24837
-0.29449
-0.14588
-0.18747
-0.23660
-0.30521
-0.16071
-0.26557
-0.18606
-0.19711
-0.27646
-0.14560
-0.24139
-0.09420
-0.22033
-0.31531
-0.30599
-0.32256
-0.24587
-0.31054
-0.07159
-0.17564
-0.24880
0.01647
-0.17041
-0.30807
-0.11222
-0.24673
-0.29477
-0.16575
-0.28184
-0.30332
-0.26129
-0.26384
-0.20031
-0.19517
-0.21099
-0.26677
-0.20568
-0.29997
-0.34871
-0.11845
-0.21456
-0.24212
0.00086
-0.23577
-0.23866
-0.13674
-0.24048
-0.07957
-0.14805
-0.14103
-0.27011
-0.16152
-0.12477
-0.19685
-0.27205
-0.27302
-0.32460
-0.08190
-0.27880
-0.28165
-0.00080
-0.27380
-0.15809
-0.23880
-0.44410
-0.18719
-0.12803
-0.13499
0.02162
-0.16469
-0.33176
-0.20726
-0.29872
-0.21383
-0.37790
-0.31961
-0.31460
-0.15685
-0.25523
-0.22565
-0.17202
-0.11257
-0.36023
-0.14248
-0.44569
-0.33941
-0.31152
-0.20044
-0.16944
-0.07097
-0.33133
-0.27614
-0.16736
-0.14565
-0.18737
-0.23971
-0.23716
-0.25507
-0.26867
-0.29850
-0.31271
-0.28384
-0.13144
-0.18861
-0.25625
-0.34626
-0.17575
-0.35151
-0.38357
-0.15860
-0.10552
-0.15893
-0.19056
-0.26546
-0.17285
-0.27766
-0.36196
-0.17690
-0.09819
-0.15426
-0.34075
0.01300
-0.37760
-0.32822
-0.17252
-0.17087
-0.12568
-0.12828
-0.25963
-0.14265
-0.13542
-0.16691
-0.12461
-0.29217
-0.23909
-0.14875
-0.20809
-0.20889
-0.29411
-0.22947
-0.26435
-0.12817
-0.17764
0.04557
-0.12824
-0.25341
-0.07400
-0.34051
-0.08199
-0.33285
-0.18258
-0.18342
-0.09867
-0.26097
-0.32303
-0.44261
-0.08277
-0.25786
-0.19658
-0.13853
-0.19913
-0.19638
-0.06657
-0.19432
-0.26631
-0.25539
-0.41618
-0.18032
-0.34792
-0.21126
-0.15038
-0.19407
-0.13186
-0.16712
-0.16188
-0.30128
-0.27583
-0.24272
-0.30073
-0.30737
-0.21665
-0.23421
-0.28192
-0.16625
-0.24241
-0.09998
-0.18594
-0.07748
-0.19640
-0.19973
-0.29062
0.00530
-0.22124
-0.21958
-0.32080
-0.16834
-0.34320
-0.16720
-0.35662
-0.35698
-0.24949
-0.24888
-0.16721
-0.22111
-0.28223
-0.20100
-0.30882
-0.28484
-0.16456
-0.33185
-0.37934
-0.06711
-0.13524
-0.19415
-0.04509
-0.25570
-0.07287
-0.25054
-0.07409
-0.34576
-0.07738
-0.30026
-0.31975
-0.12910
-0.23368
-0.21308
-0.28677
-0.32717
-0.17516
-0.39887
-0.16247
-0.10895
-0.21098
-0.15348
-0.07112
-0.29398
-0.24376
-0.22000
-0.19078
-0.22292
-0.18762
0.04363
-0.09184
-0.11343
-0.30580
-0.16704
-0.20659
-0.19389
-0.22726
-0.24918
-0.01291
-0.11335
-0.02148
-0.19435
-0.29049
-0.34459
-0.25199
-0.04336
-0.02487
-0.25059
-0.28430
-0.31695
-0.20418
-0.30747
-0.39219
-0.17568
-0.25849
-0.20618
-0.39562
-0.23506
-0.22015
-0.15376
-0.26965
-0.16919
-0.20632
-0.04711
-0.47739
-0.25018
-0.20522
-0.03901
-0.07454
-0.06339
-0.15603
-0.29160
-0.09297
-0.28421
-0.23300
-0.10409
-0.36703
-0.31450
-0.26965
-0.33926
-0.37276
-0.27876
-0.37106
-0.18213
-0.22195
-0.19805
-0.08911
-0.21938
-0.27504
-0.11854
-0.10847
-0.28520
-0.28562
-0.17511
-0.20766
-0.22762
-0.28840
-0.13446
-0.08220
-0.17742
-0.23925
-0.11095
-0.02615
-0.25088
-0.27712
-0.18958
-0.36823
-0.40309
-0.11595
-0.15964
-0.12975
-0.19824
-0.34009
-0.29773
-0.45590
-0.06765
-0.25167
-0.25071
-0.05749
-0.33382
-0.09182
-0.38591
-0.04221
-0.20725
-0.12323
0.02960
-0.04187
-0.23444
-0.21216
-0.25014
-0.38096
-0.26447
-0.15508
-0.12722
-0.09981
-0.24440
-0.19168
-0.22569
-0.05568
-0.31179
-0.28582
-0.14783
-0.35179
-0.17137
-0.18105
-0.14404
-0.28391
-0.25477
-0.26048
-0.32631
-0.05571
-0.20841
-0.29797
-0.34163
-0.32991
-0.25407
-0.35076
-0.11049
-0.33220
-0.20290
-0.15593
-0.20890
-0.06707
-0.21003
-0.20366
-0.31678
-0.27554
-0.22530
-0.22969
-0.19404
-0.38476
-0.11647
-0.19327
-0.21573
-0.15734
-0.16571
-0.27497
-0.17700
-0.24255
-0.31683
-0.32195
-0.00880
-0.11812
-0.21479
-0.13802
-0.18543
-0.17258
-0.16288
-0.27007
-0.21649
-0.42579
-0.34869
-0.11502
-0.25754
-0.48254
0.04729
-0.14708
-0.27382
-0.30894
-0.23607
-0.03887
-0.17549
-0.12821
-0.28511
-0.25472
-0.20779
-0.23170
-0.23262
-0.16187
-0.21383
-0.05622
-0.23014
-0.20440
-0.37697
-0.13497
-0.18919
-0.21958
-0.31007
-0.15981
-0.22655
-0.09135
-0.25054
-0.37298
-0.25934
-0.14009
-0.20035
-0.15009
-0.22524
-0.25245
-0.04963
-0.17015
-0.07517
-0.51535
-0.13892
-0.17000
-0.21139
-0.35789
-0.19582
-0.15211
-0.22301
-0.18647
-0.13152
-0.13719
-0.09379
-0.31325
-0.24813
-0.44581
-0.21091
-0.18543
-0.15898
-0.35409
-0.27207
-0.29562
-0.13246
-0.27838
-0.37357
-0.32005
-0.19272
-0.32348
-0.23290
-0.19013
-0.18340
-0.24494
-0.11714
-0.17238
-0.06418
-0.24273
-0.12223
-0.24422
-0.15783
-0.18997
-0.36038
-0.17581
-0.14700
-0.30695
-0.12675
-0.09581
-0.09419
-0.30064
-0.19298
-0.12298
-0.12606
-0.24242
-0.16398
-0.13332
-0.13905
-0.27917
-0.27457
-0.40802
-0.06735
-0.08652
-0.23116
-0.14598
-0.31382
-0.35054
-0.24907
-0.14248
-0.08273
-0.21554
-0.11523
-0.36759
-0.11744
-0.26221
-0.16781
-0.28091
-0.16305
-0.13247
-0.27081
-0.07918
-0.41394
-0.29626
-0.24430
-0.13964
-0.36283
-0.11762
-0.16175
-0.24574
-0.30348
-0.21239
-0.44722
-0.12537
-0.15327
-0.30579
-0.44798
-0.41978
-0.29144
-0.33437
-0.13391
-0.28524
-0.20672
-0.23679
-0.28551
-0.12876
-0.17522
-0.12655
-0.16939
-0.23926
-0.16163
-0.25902
-0.16534
-0.23953
-0.35590
-0.17906
-0.22303
-0.24183
-0.22614
-0.23954
-0.40264
-0.29097
-0.32480
-0.13919
-0.38083
-0.32545
-0.23546
-0.31736
-0.29658
-0.08290
-0.21370
-0.23372
-0.27518
-0.14239
-0.18333
-0.10252
-0.19796
-0.26678
-0.26682
-0.27551
-0.00022
-0.10754
-0.15243
-0.07992
-0.26566
-0.17829
-0.27573
-0.22700
-0.34799
-0.29768
-0.14742
-0.17719
-0.09409
-0.25944
-0.36790
-0.26487
-0.27440
-0.18466
-0.19318
-0.40978
-0.13696
-0.37273
-0.17799
-0.24575
-0.14494
-0.23798
-0.11575
-0.26318
-0.28892
-0.12433
-0.20451
-0.14801
-0.10383
-0.19885
-0.26653
-0.12515
-0.24748
-0.21183
-0.25070
-0.21843
-0.17375
-0.18503
-0.41657
-0.31408
-0.06231
-0.35266
-0.23179
-0.28867
-0.35792
-0.14302
-0.32334
-0.27817
-0.40175
-0.24247
-0.17205
-0.22802
-0.16921
-0.12954
-0.19707
-0.28890
-0.08333
-0.08600
-0.32202
-0.09434
-0.11227
-0.25145
-0.14841
-0.21195
-0.34399
-0.23811
-0.13747
-0.41087
-0.24648
-0.31125
-0.12955
-0.08242
-0.26611
-0.14828
-0.11138
-0.23835
-0.10607
-0.26474
-0.03172
-0.20723
-0.48502
-0.19445
-0.11415
-0.21111
-0.31674
-0.18630
-0.08571
-0.16258
-0.12841
-0.20439
-0.24779
-0.23716
-0.05794
-0.17200
-0.30030
-0.10884
-0.14166
-0.29518
-0.08816
-0.14104
-0.15394
-0.11749
-0.23732
-0.20259
-0.23575
-0.25841
-0.20572
-0.33839
-0.10626
-0.26271
-0.27607
-0.14825
-0.29836
-0.14099
-0.21191
-0.10082
-0.22735
-0.25194
-0.25335
-0.31655
-0.29184
-0.24959
-0.31918
-0.28898
-0.17258
-0.12288
-0.29386
-0.09974
-0.32240
-0.15875
-0.23404
-0.18319
-0.29559
-0.14072
-0.18783
-0.27683
-0.17256
-0.11802
-0.34817
-0.21597
-0.38233
-0.26349
-0.28156
-0.28875
-0.22658
-0.30408
-0.15955
-0.20457
-0.10395
-0.34053
-0.17405
-0.26858
-0.19535
-0.14247
-0.12588
-0.20861
-0.16690
-0.22477
-0.21263
-0.19963
-0.18742
-0.21829
-0.13095
-0.27663
-0.35335
-0.13587
-0.08030
-0.18986
-0.10874
-0.24226
-0.23220
-0.37717
-0.15262
-0.31161
-0.21818
-0.22135
-0.16486
-0.45067
-0.23203
-0.19697
-0.28990
-0.17422
-0.11162
-0.23175
-0.46076
-0.22673
-0.33481
-0.11777
-0.16264
-0.28092
-0.25741
-0.13331
-0.44845
-0.28763
-0.27478
-0.19778
-0.12668
-0.28096
-0.47008
-0.24149
-0.31587
-0.20456
-0.22438
-0.09874
-0.22948
-0.33967
-0.24477
-0.36019
-0.17194
-0.16439
-0.18154
-0.09812
-0.16964
-0.15970
-0.30870
-0.29588
-0.00469
-0.21115
-0.11771
-0.27781
-0.20393
-0.24335
-0.17020
-0.23968
-0.14004
-0.21060
-0.17280
-0.32190
-0.21983
-0.24901
-0.06385
-0.14219
-0.17742
-0.30325
-0.44450
-0.24848
-0.09644
-0.31592
-0.24529
-0.19621
-0.25867
-0.32658
-0.17200
-0.07694
-0.22143
-0.08333
-0.21908
