-0.86384
-0.89287
-0.88288
-0.85012
-0.82858
-0.80449
-0.83369
-0.83835
-0.83847
-0.91033
-0.82402
-0.87748
-0.95259
-0.85770
-0.79521
-0.83368
-0.90224
-0.92886
-0.67520
-0.99489
-0.84207
-0.75341
-0.89034
-0.85161
-0.94152
-0.88161
-1.01703
-0.83475
-0.84270
-0.88470
-0.98503
-0.97708
-0.89421
-0.89095
-0.96280
-0.93672
-0.82285
-0.96524
-0.98729
-0.83822
-0.91619
-0.90478
-0.80286
-0.71656
-0.81974
-0.72158
-0.79056
-0.85235
-0.76585
-0.96227
-0.71485
-0.99986
-0.97992
-0.77994
-0.90883
-0.90836
-0.89118
-0.90808
-0.78994
-0.93570
-0.91537
-0.86915
-0.85751
-0.92993
-0.89912
-0.75501
-0.87818
-0.96898
-0.91037
-0.88006
-0.80862
-0.84147
-0.77362
-0.72998
-0.85667
-0.79812
-0.96948
-0.98013
-0.72740
-0.94597
-0.95110
-0.75706
-0.90588
-0.83979
-0.83255
-0.81902
-0.70317
-0.92722
-0.91441
-0.84155
-0.89398
-0.94445
-0.71588
-0.89501
-0.85876
-0.88838
-0.92732
-0.84663
-0.83934
-0.83939
-0.90874
-0.81654
-0.90521
-0.90436
-0.78548
-0.83214
-0.82251
-0.82320
-0.87410
-1.05519
-0.87130
-0.82212
-0.76112
-0.94740
-0.80653
-0.95190
-1.00551
-0.82948
-0.74523
-1.04067
-0.92507
-0.82452
-0.90648
-0.88559
-0.91598
-0.86543
-0.84706
-0.80696
-0.83783
-0.83716
-0.91430
-0.77295
-0.82531
-0.80311
-1.00993
-0.79690
-0.87040
-0.78442
-0.84776
-0.76852
-0.85901
-0.58855
-0.96424
-0.91625
-0.81517
-0.84721
-0.90359
-0.74811
-0.93191
-0.82236
-0.95047
-0.85008
-0.89061
-0.76807
-0.68693
-0.90905
-0.83602
-0.79464
-0.90611
-0.77858
-0.87038
-0.84451
-0.98363
-0.78380
-0.91378
-0.84021
-0.90475
-0.77788
-0.81516
-0.89413
-0.83982
-0.74504
-0.90667
-0.87851
-0.81145
-0.87406
-0.77287
-0.78923
-0.78818
-0.83726
-0.92568
-0.77361
-0.88331
-0.92397
-0.91326
-1.00194
-0.81857
-0.88360
-0.77336
-0.78704
-0.87828
-0.69377
-0.89009
-0.88643
-0.77515
-0.89014
-0.87729
-0.86835
-0.86881
-0.87887
-0.78712
-0.90800
-0.79701
-0.82407
-0.86659
-0.95517
-0.78651
-0.95271
-0.95556
-0.79070
-0.81256
-0.90227
-0.65488
-0.88378
-0.87780
-0.77877
-0.87719
-0.79699
-0.75387
-0.84075
-0.87730
-0.88251
-0.81995
-0.87286
-0.90147
-0.84394
-0.95580
-0.71223
-0.88675
-0.85239
-0.73638
-0.91749
-0.84408
-0.87743
-0.99895
-0.87282
-0.75867
-0.78996
-0.67960
-0.85569
-0.97625
-0.91995
-0.91836
-0.83170
-1.00203
-0.88560
-0.95267
-0.77988
-0.81617
-0.87912
-0.82438
-0.80818
-0.93705
-0.85272
-1.04816
-0.97974
-0.92148
-0.81015
-0.83589
-0.81359
-0.95511
-0.91044
-0.88068
-0.73359
-0.88357
-0.90282
-0.88212
-0.82376
-0.91042
-0.86349
-0.93148
-0.90659
-0.80355
-0.81073
-0.92015
-0.96600
-0.84232
-0.94216
-0.96969
-0.74580
-0.79721
-0.85894
-0.83836
-0.84070
-0.89242
-0.92972
-0.92308
-0.86945
-0.83874
-0.83762
-0.95709
-0.68885
-0.99838
-0.94413
-0.75620
-0.82718
-0.81554
-0.79426
-0.77597
-0.79078
-0.83472
-0.73899
-0.77389
-0.86924
-0.88720
-0.83545
-0.83110
-0.91717
-0.97110
-0.79445
-0.91148
-0.77795
-0.80831
-0.68971
-0.79315
-0.88164
-0.73905
-0.92272
-0.78214
-0.99700
-0.84112
-0.81898
-0.77627
-0.84913
-0.93558
-1.03968
-0.83911
-0.84488
-0.89802
-0.81188
-0.86038
-0.92143
-0.72728
-0.82161
-0.90467
-0.90032
-0.99001
-0.86109
-0.89576
-0.90135
-0.74037
-0.85033
-0.74538
-0.81175
-0.80299
-0.91229
-0.93956
-0.86383
-0.92404
-0.84711
-0.89639
-0.83894
-0.89570
-0.80045
-0.83192
-0.72904
-0.83315
-0.75806
-1.01961
-0.95222
-0.93822
-0.72406
-0.84221
-0.80870
-0.97970
-0.85024
-0.90283
-0.78707
-0.85913
-0.96543
-0.84431
-0.73727
-0.89095
-0.84445
-0.85856
-0.82981
-0.85964
-0.90836
-0.80131
-0.96358
-0.91018
-0.71928
-0.78895
-0.75533
-0.75549
-0.87001
-0.75487
-0.86764
-0.76090
-0.86965
-0.79919
-0.92617
-0.99559
-0.79618
-0.86343
-0.82865
-0.95093
-0.94772
-0.90476
-1.02158
-0.76979
-0.74673
-0.86083
-0.80475
-0.70463
-0.94206
-0.91877
-0.87556
-0.83804
-0.89339
-0.76883
-0.69886
-0.79489
-0.73886
-0.93163
-0.82261
-0.89444
-0.81143
-0.87609
-0.92915
-0.73686
-0.74131
-0.73793
-0.76761
-0.96056
-0.90590
-0.96209
-0.79016
-0.67606
-0.91760
-0.83796
-0.86142
-0.92265
-1.00847
-0.98727
-0.88527
-0.92523
-0.82098
-0.99119
-0.88555
-0.87972
-0.76095
-0.97641
-0.75813
-0.89716
-0.69391
-1.01349
-0.86988
-0.86086
-0.67722
-0.72948
-0.81107
-0.79498
-0.90580
-0.79871
-0.86513
-0.77357
-0.65613
-0.95081
-0.92359
-0.92929
-0.97832
-0.95726
-0.86893
-0.94242
-0.81823
-0.88321
-0.91244
-0.81672
-0.80066
-0.87860
-0.78076
-0.80459
-1.00951
-0.91319
-0.84241
-0.82715
-0.89060
-0.98784
-0.83044
-0.71784
-0.85276
-0.89851
-0.75107
-0.76947
-0.86689
-0.94119
-0.90593
-1.00717
-0.95451
-0.85574
-0.85571
-0.85505
-0.96986
-0.88414
-0.89003
-1.00553
-0.76594
-0.90766
-0.82803
-0.67291
-0.94411
-0.76216
-0.94182
-0.71510
-0.88990
-0.78789
-0.65584
-0.72321
-0.86773
-0.88870
-0.90246
-0.97711
-0.89871
-0.79252
-0.75983
-0.92784
-0.89819
-0.88816
-0.81444
-0.70275
-0.89823
-0.89279
-0.78778
-0.93211
-0.76860
-0.93003
-0.86487
-0.89775
-0.89620
-0.94451
-0.88650
-0.79368
-0.85208
-0.88100
-0.98613
-0.93564
-0.84628
-0.92364
-0.75435
-0.92528
-0.87898
-0.74762
-0.76694
-0.72952
-0.78958
-0.88976
-0.93376
-0.86875
-0.86618
-0.87980
-0.89372
-0.92385
-0.78278
-0.84876
-0.79026
-0.81000
-0.80950
-0.90094
-0.83051
-0.85398
-0.93757
-0.99739
-0.76307
-0.84648
-0.83428
-0.79704
-0.90336
-0.83839
-0.83464
-0.88236
-0.87223
-1.02047
-0.98105
-0.76911
-0.90564
-1.03637
-0.70835
-0.76522
-0.95955
-0.90845
-0.88353
-0.65604
-0.81920
-0.75085
-0.95669
-0.90228
-0.82815
-0.84328
-0.79023
-0.78541
-0.88449
-0.75585
-0.85628
-0.91105
-0.95449
-0.83197
-0.85109
-0.79925
-0.91060
-0.85480
-0.83926
-0.75604
-0.94176
-1.01232
-0.82755
-0.83150
-0.84449
-0.78545
-0.88561
-0.82476
-0.70394
-0.81072
-0.74597
-1.11282
-0.76869
-0.86402
-0.76840
-0.89595
-0.86110
-0.73025
-0.93386
-0.84036
-0.84891
-0.84182
-0.75662
-0.90117
-0.86672
-1.03316
-0.79583
-0.82888
-0.81315
-0.98363
-0.89817
-0.92362
-0.78348
-0.91784
-0.94375
-0.95837
-0.85610
-0.93494
-0.79372
-0.83241
-0.86893
-0.87341
-0.77530
-0.84386
-0.69912
-0.87528
-0.78081
-0.91331
-0.87990
-0.89489
-1.04010
-0.74461
-0.81892
-0.92034
-0.87793
-0.70832
-0.82688
-0.86912
-0.86010
-0.86592
-0.83260
-0.84236
-0.73461
-0.82931
-0.80280
-0.93002
-0.89776
-1.03454
-0.71129
-0.76542
-0.83256
-0.82816
-0.91043
-0.95159
-0.87396
-0.79355
-0.78442
-0.86317
-0.79812
-0.92730
-0.77038
-0.86055
-0.81785
-0.84383
-0.87770
-0.88508
-0.85305
-0.73066
-1.04088
-0.91324
-0.80968
-0.74732
-0.89853
-0.80213
-0.75340
-0.85487
-0.90940
-0.83364
-1.00721
-0.74848
-0.86363
-0.85296
-0.98029
-0.95452
-0.96667
-0.88195
-0.76489
-0.91025
-0.81031
-0.88881
-1.02175
-0.80221
-0.77443
-0.72655
-0.79512
-0.80023
-0.84946
-0.88467
-0.77844
-0.86370
-0.90789
-0.75484
-0.89652
-0.84867
-0.88005
-0.87532
-1.03424
-0.96985
-0.97215
-0.87860
-0.94619
-0.87547
-0.75534
-0.93642
-0.84428
-0.78506
-0.83375
-0.86241
-0.93091
-0.82500
-0.81388
-0.87644
-0.81130
-0.85736
-0.87821
-0.85572
-0.69281
-0.78130
-0.83007
-0.70742
-0.93387
-0.84098
-0.95320
-0.92180
-0.94706
-0.90159
-0.79965
-0.84667
-0.76628
-0.80196
-0.97921
-0.86087
-0.84715
-0.80398
-0.84699
-0.97777
-0.87162
-1.03052
-0.89009
-0.88644
-0.85140
-0.87525
-0.86783
-0.88570
-0.94237
-0.75831
-0.87078
-0.85934
-0.71914
-0.79295
-0.91649
-0.75381
-0.87060
-0.84268
-0.77089
-0.80891
-0.88295
-0.79947
-1.01794
-0.90105
-0.75239
-0.87414
-0.86435
-0.92897
-0.92418
-0.73150
-0.96321
-0.87554
-0.98349
-0.90576
-0.86505
-0.78913
-0.87451
-0.90011
-0.77451
-0.95978
-0.78719
-0.73908
-0.88143
-0.79452
-0.87457
-0.94150
-0.75688
-0.85201
-0.94038
-0.89216
-0.79823
-0.93930
-0.94527
-0.95123
-0.93220
-0.67364
-0.90947
-0.84534
-0.81001
-0.84362
-0.71962
-0.87917
-0.74339
-0.88712
-0.98970
-0.84916
-0.76283
-0.79868
-0.94377
-0.84858
-0.72555
-0.83000
-0.81000
-0.85500
-0.84891
-0.93957
-0.76702
-0.83312
-0.90879
-0.73543
-0.83497
-0.93365
-0.81558
-0.83368
-0.85352
-0.83488
-0.86955
-0.82562
-0.94062
-0.91399
-0.82528
-0.97844
-0.73506
-0.90941
-0.88289
-0.81278
-0.95199
-0.85703
-0.91735
-0.75908
-0.83011
-0.91738
-0.80961
-0.99619
-0.92742
-0.86782
-0.90124
-0.93430
-0.81415
-0.85454
-0.92327
-0.81965
-0.97950
-0.87210
-0.85473
-0.80784
-0.95889
-0.76995
-0.79551
-0.87995
-0.81959
-0.74340
-0.88697
-0.82156
-0.94091
-0.95331
-0.94266
-1.02209
-0.84253
-0.97420
-0.90080
-0.83654
-0.84046
-0.97967
-0.81808
-0.94603
-0.84271
-0.78916
-0.76614
-0.90022
-0.88690
-0.93689
-0.92455
-0.92458
-0.86251
-0.84523
-0.78713
-0.83473
-0.93407
-0.81653
-0.78482
-0.78425
-0.81722
-0.81625
-0.78624
-0.94730
-0.94282
-0.94828
-0.82710
-0.85154
-0.77986
-1.01136
-0.87194
-0.86224
-0.89441
-0.86888
-0.79991
-0.90731
-0.99930
-0.83424
-0.92711
-0.71526
-0.78330
-0.93827
-0.88744
-0.82598
-1.05934
-0.91133
-0.81937
-0.86870
-0.84628
-0.93264
-0.97545
-0.91285
-0.86540
-0.83708
-0.87220
-0.77437
-0.88753
-0.98482
-0.82800
-0.98478
-0.86085
-0.84557
-0.80213
-0.82613
-0.72893
-0.85358
-0.90405
-0.90823
-0.64690
-0.82441
-0.78113
-0.92434
-0.89634
-0.87339
-0.85493
-0.82969
-0.78433
-0.83873
-0.84924
-0.89075
-0.83451
-0.89492
-0.81893
-0.91233
-0.79733
-1.00465
-1.01449
-0.89212
-0.71836
-0.96282
-0.84500
-0.79258
-0.85347
-0.94335
-0.85114
-0.70256
-0.81416
-0.81073
-0.82024
