-0.61467
-0.61858
-0.58717
-0.69567
-0.69404
-0.63773
-0.67384
-0.62169
-0.63448
-0.68696
-0.65707
-0.61917
-0.64377
-0.66741
-0.61956
-0.61038
-0.69654
-0.62719
-0.63999
-0.54222
-0.65476
-0.63659
-0.62312
-0.68515
-0.54527
-0.62688
-0.56476
-0.60191
-0.62744
-0.66159
-0.64648
-0.60004
-0.64982
-0.63973
-0.61092
-0.62100
-0.68192
-0.62193
-0.61690
-0.66045
-0.61660
-0.61704
-0.63222
-0.58603
-0.68836
-0.68607
-0.62236
-0.66464
-0.65831
-0.64165
-0.62706
-0.63901
-0.63114
-0.62194
-0.61631
-0.56545
-0.62663
-0.63054
-0.64406
-0.66751
-0.57331
-0.62371
-0.61380
-0.56618
-0.55207
-0.64389
-0.63247
-0.65311
-0.66608
-0.67852
-0.60762
-0.68098
-0.61801
-0.64376
-0.63839
-0.73205
-0.59617
-0.63361
-0.64028
-0.63719
-0.64313
-0.60733
-0.69387
-0.70845
-0.70047
-0.68603
-0.74862
-0.62938
-0.61138
-0.55875
-0.65151
-0.57032
-0.66021
-0.67258
-0.66610
-0.64536
-0.67446
-0.59407
-0.61762
-0.76563
-0.68483
-0.65294
-0.62703
-0.57939
-0.71476
-0.65700
-0.67011
-0.67490
-0.61248
-0.63769
-0.60518
-0.57612
-0.68150
-0.56730
-0.62423
-0.63167
-0.66159
-0.63767
-0.57852
-0.57456
-0.65020
-0.71949
-0.57637
-0.66592
-0.54280
-0.69231
-0.61154
-0.64519
-0.68211
-0.62930
-0.57517
-0.68431
-0.59511
-0.72738
-0.57810
-0.66372
-0.57155
-0.64369
-0.66004
-0.63552
-0.63793
-0.66540
-0.62398
-0.68038
-0.64183
-0.65387
-0.57788
-0.67613
-0.64039
-0.65847
-0.62466
-0.60065
-0.66133
-0.66111
-0.66419
-0.64807
-0.64892
-0.58380
-0.61699
-0.58252
-0.67559
-0.61266
-0.57183
-0.67446
-0.63738
-0.59524
-0.61830
-0.62185
-0.61382
-0.62084
-0.67454
-0.58524
-0.65306
-0.55104
-0.65693
-0.54461
-0.61882
-0.62605
-0.53548
-0.68929
-0.71212
-0.69827
-0.61986
-0.62416
-0.64454
-0.63907
-0.58956
-0.62297
-0.75233
-0.61186
-0.60079
-0.75859
-0.68492
-0.67446
-0.64996
-0.64309
-0.62753
-0.65543
-0.60000
-0.62815
-0.59796
-0.60107
-0.65017
-0.67323
-0.63296
-0.62894
-0.61980
-0.64848
-0.62037
-0.63385
-0.66014
-0.62191
-0.65880
-0.66040
-0.62350
-0.62325
-0.67837
-0.69983
-0.66414
-0.67226
-0.61996
-0.68187
-0.73820
-0.67106
-0.64777
-0.60529
-0.60479
-0.66364
-0.61081
-0.56525
-0.72888
-0.63905
-0.68366
-0.64610
-0.58214
-0.63146
-0.66993
-0.66705
-0.67196
-0.70220
-0.64639
-0.65410
-0.65802
-0.65148
-0.57370
-0.59171
-0.59517
-0.62578
-0.59734
-0.63304
-0.62045
-0.68015
-0.58776
-0.68731
-0.60252
-0.57599
-0.60426
-0.63796
-0.62676
-0.70924
-0.62792
-0.61054
-0.61617
-0.65283
-0.67573
-0.70207
-0.64043
-0.60396
-0.62362
-0.58356
-0.65814
-0.61509
-0.66596
-0.62376
-0.69645
-0.66549
-0.65254
-0.59088
-0.59626
-0.60966
-0.70404
-0.73754
-0.65751
-0.59541
-0.69698
-0.63059
-0.59237
-0.65577
-0.73929
-0.68399
-0.65556
-0.71041
-0.61692
-0.60637
-0.64999
-0.66025
-0.64518
-0.63865
-0.55093
-0.62610
-0.71551
-0.65105
-0.66988
-0.59591
-0.64783
-0.69661
-0.60620
-0.69318
-0.66677
-0.63533
-0.62336
-0.65730
-0.65168
-0.72093
-0.66089
-0.68608
-0.66677
-0.58335
-0.68264
-0.67920
-0.64151
-0.64470
-0.66096
-0.59534
-0.56866
-0.55609
-0.76565
-0.57872
-0.63305
-0.64497
-0.62777
-0.71393
-0.67568
-0.67847
-0.63249
-0.63188
-0.53190
-0.69372
-0.57135
-0.66046
-0.64194
-0.62047
-0.61739
-0.67119
-0.68221
-0.60547
-0.67585
-0.61849
-0.63177
-0.59052
-0.67473
-0.60886
-0.56075
-0.60648
-0.58230
-0.61487
-0.62963
-0.69188
-0.70011
-0.69292
-0.56713
-0.74023
-0.63489
-0.64877
-0.65391
-0.74535
-0.65094
-0.63778
-0.55634
-0.61708
-0.61243
-0.53971
-0.67452
-0.62707
-0.56104
-0.65503
-0.56259
-0.67101
-0.63370
-0.64244
-0.54295
-0.64027
-0.65049
-0.61385
-0.68192
-0.58194
-0.66505
-0.61870
-0.70350
-0.53226
-0.72650
-0.59813
-0.62728
-0.66220
-0.61488
-0.60449
-0.65489
-0.63181
-0.69591
-0.57640
-0.60028
-0.66967
-0.64057
-0.63218
-0.60752
-0.60652
-0.70257
-0.63023
-0.65524
-0.64330
-0.55357
-0.71679
-0.69151
-0.62409
-0.60951
-0.62849
-0.77399
-0.61371
-0.68949
-0.64139
-0.69944
-0.62885
-0.67990
-0.62575
-0.65011
-0.57592
-0.70331
-0.72933
-0.63917
-0.65471
-0.61363
-0.56279
-0.65985
-0.66812
-0.60186
-0.68321
-0.63006
-0.61335
-0.58679
-0.66894
-0.65313
-0.67146
-0.68527
-0.64424
-0.69048
-0.66857
-0.54982
-0.66059
-0.66552
-0.65612
-0.64007
-0.64547
-0.60332
-0.57661
-0.66268
-0.59238
-0.59252
-0.62194
-0.59716
-0.60267
-0.67800
-0.68251
-0.57289
-0.56818
-0.57454
-0.60644
-0.66968
-0.67303
-0.70797
-0.62637
-0.61011
-0.69092
-0.74181
-0.64787
-0.59491
-0.64597
-0.66882
-0.65818
-0.64805
-0.68609
-0.63452
-0.65438
-0.60749
-0.64966
-0.72075
-0.62553
-0.62607
-0.72170
-0.66601
-0.56530
-0.73285
-0.64531
-0.68185
-0.68815
-0.57639
-0.57437
-0.55202
-0.66373
-0.65571
-0.56018
-0.63879
-0.58094
-0.66200
-0.56428
-0.70583
-0.62898
-0.72964
-0.71390
-0.72014
-0.68810
-0.66192
-0.65969
-0.60051
-0.65445
-0.66982
-0.61540
-0.68828
-0.69744
-0.71724
-0.58498
-0.75973
-0.56122
-0.68335
-0.64146
-0.63605
-0.61964
-0.69046
-0.72539
-0.62860
-0.67521
-0.62120
-0.57589
-0.76743
-0.64323
-0.59629
-0.66164
-0.61272
-0.65986
-0.58388
-0.65596
-0.59294
-0.71677
-0.62542
-0.60367
-0.63953
-0.62438
-0.64258
-0.57492
-0.64087
-0.68630
-0.65175
-0.67967
-0.57012
-0.62828
-0.68970
-0.62885
-0.65567
-0.65552
-0.61107
-0.64558
-0.66543
-0.61510
-0.63723
-0.72926
-0.68777
-0.62672
-0.65076
-0.71120
-0.65173
-0.66405
-0.65832
-0.65697
-0.57514
-0.64382
-0.68088
-0.67157
-0.52359
-0.78643
-0.64924
-0.70931
-0.62825
-0.62492
-0.71560
-0.67798
-0.64863
-0.64387
-0.63080
-0.64334
-0.64729
-0.56258
-0.64216
-0.61765
-0.70191
-0.67132
-0.69270
-0.59278
-0.62403
-0.67006
-0.60148
-0.61057
-0.69426
-0.67590
-0.65491
-0.62978
-0.63049
-0.56783
-0.66349
-0.60602
-0.60937
-0.69704
-0.61894
-0.64418
-0.62502
-0.66736
-0.56639
-0.65307
-0.64921
-0.70352
-0.55526
-0.64151
-0.60392
-0.65749
-0.69239
-0.70639
-0.70993
-0.65302
-0.62734
-0.62734
-0.55995
-0.61056
-0.72219
-0.65324
-0.65703
-0.64047
-0.59319
-0.75177
-0.60020
-0.58781
-0.63159
-0.65815
-0.58168
-0.56624
-0.61053
-0.65223
-0.65389
-0.66570
-0.66349
-0.66365
-0.64071
-0.67023
-0.62641
-0.68866
-0.63513
-0.65541
-0.60407
-0.68215
-0.64876
-0.69212
-0.67271
-0.70174
-0.58394
-0.65592
-0.74851
-0.69273
-0.65698
-0.60508
-0.62512
-0.63799
-0.66068
-0.61120
-0.60802
-0.68143
-0.66364
-0.57092
-0.67085
-0.66225
-0.56296
-0.63584
-0.63782
-0.69030
-0.61772
-0.69119
-0.55327
-0.68384
-0.59799
-0.63058
-0.61051
-0.71720
-0.72037
-0.61537
-0.67596
-0.61138
-0.61404
-0.60867
-0.70445
-0.57054
-0.65017
-0.65489
-0.68092
-0.60351
-0.63010
-0.56040
-0.59993
-0.69193
-0.57267
-0.57495
-0.59642
-0.60252
-0.61064
-0.65873
-0.62896
-0.64230
-0.65392
-0.68912
-0.70615
-0.65201
-0.57322
-0.61385
-0.58042
-0.68376
-0.67679
-0.63436
-0.61406
-0.59347
-0.66638
-0.60772
-0.62974
-0.62091
-0.62224
-0.56824
-0.63156
-0.65602
-0.65749
-0.54691
-0.59604
-0.55113
-0.66207
-0.55327
-0.69582
-0.64384
-0.61689
-0.65118
-0.69134
-0.62097
-0.64179
-0.58658
-0.60053
-0.59639
-0.57147
-0.66858
-0.65777
-0.69310
-0.70041
-0.63128
-0.65332
-0.65583
-0.66950
-0.58276
-0.61554
-0.66662
-0.63535
-0.67014
-0.58631
-0.55980
-0.63515
-0.59139
-0.60594
-0.64186
-0.57071
-0.70722
-0.65746
-0.66128
-0.64424
-0.67797
-0.61547
-0.73094
-0.59312
-0.65418
-0.62237
-0.63314
-0.68199
-0.69670
-0.66558
-0.64822
-0.62656
-0.67951
-0.59755
-0.56000
-0.60437
-0.66278
-0.63509
-0.60229
-0.60239
-0.71075
-0.60828
-0.64255
-0.64408
-0.55161
-0.65935
-0.63648
-0.59322
-0.56351
-0.63191
-0.67306
-0.56459
-0.69481
-0.72187
-0.58440
-0.66202
-0.67793
-0.69364
-0.59183
-0.71698
-0.68301
-0.68544
-0.60630
-0.64736
-0.59578
-0.63835
-0.72220
-0.52001
-0.68907
-0.61027
-0.70999
-0.58957
-0.67373
-0.67950
-0.63962
-0.61027
-0.64408
-0.61392
-0.69922
-0.64024
-0.53939
-0.64957
-0.70935
-0.58433
-0.60913
-0.71163
-0.67578
-0.62261
-0.66029
-0.68017
-0.60730
-0.63388
-0.67466
-0.71271
-0.61474
-0.64310
-0.67479
-0.64273
-0.66445
-0.64946
-0.65063
-0.67460
-0.60510
-0.65221
-0.67493
-0.65057
-0.66140
-0.60726
-0.63576
-0.63819
-0.61040
-0.67755
-0.64499
-0.71270
-0.70088
-0.67355
-0.60301
-0.64931
-0.59319
-0.65970
-0.60444
-0.65265
-0.61792
-0.64839
-0.66381
-0.66163
-0.61192
-0.72314
-0.60947
-0.65550
-0.63346
-0.65470
-0.67427
-0.64434
-0.62758
-0.58811
-0.60966
-0.69636
-0.60982
-0.60403
-0.64827
-0.63271
-0.65740
-0.71994
-0.59452
-0.67673
-0.64145
-0.62446
-0.73333
-0.67417
-0.61882
-0.64943
-0.62653
-0.70425
-0.62698
-0.69343
-0.62939
-0.67209
-0.72275
-0.71628
-0.68423
-0.63124
-0.68095
-0.55850
-0.59390
-0.67390
-0.73128
-0.67489
-0.65762
-0.63773
-0.61997
-0.59330
-0.72086
-0.62107
-0.68070
-0.63719
-0.62373
-0.56981
-0.64185
-0.67006
-0.59904
-0.68025
-0.66538
-0.66581
-0.56456
-0.62602
-0.66795
-0.63830
-0.65124
-0.62949
-0.61423
-0.65156
-0.61299
-0.65078
-0.58715
-0.61976
-0.68369
-0.66626
-0.53337
-0.64712
-0.62691
-0.64213
-0.61156
-0.65921
-0.62772
-0.64983
-0.61950
-0.61105
-0.69386
-0.64183
-0.65390
-0.72233
-0.62213
-0.67755
-0.59174
-0.62078
-0.62134
-0.63698
-0.70056
-0.59628
-0.68202
-0.65210
-0.69681
-0.60314
-0.68588
-0.66652
-0.63375
-0.56054
-0.62079
-0.66090
-0.73951
-0.71632
-0.65042
-0.62154
-0.54611
-0.61614
-0.68931
-0.65436
-0.63566
-0.63088
-0.60964
-0.63758
-0.65037
-0.67915
-0.60624
-0.70191
-0.60145
