-0.24917
-0.27429
-0.29571
-0.15445
-0.13454
-0.16676
-0.15985
-0.21666
-0.20400
-0.22337
-0.16695
-0.25831
-0.30882
-0.19029
-0.17565
-0.22330
-0.20570
-0.30168
-0.03521
-0.45267
-0.18731
-0.11682
-0.26722
-0.16647
-0.39625
-0.25473
-0.45228
-0.23284
-0.21526
-0.22311
-0.33855
-0.37705
-0.24438
-0.25123
-0.35188
-0.31571
-0.14092
-0.34331
-0.37039
-0.17777
-0.29959
-0.28774
-0.17064
-0.13053
-0.13138
-0.03550
-0.16820
-0.18771
-0.10754
-0.32062
-0.08779
-0.36085
-0.34878
-0.15801
-0.29251
-0.34291
-0.26455
-0.27754
-0.14588
-0.26819
-0.34206
-0.24544
-0.24371
-0.36376
-0.34705
-0.11112
-0.24571
-0.31587
-0.24430
-0.20155
-0.20100
-0.16050
-0.15561
-0.08623
-0.21828
-0.06608
-0.37331
-0.34653
-0.08712
-0.30878
-0.30796
-0.14973
-0.21201
-0.13134
-0.13208
-0.13298
0.04545
-0.29784
-0.30303
-0.28280
-0.24247
-0.37413
-0.05567
-0.22243
-0.19266
-0.24301
-0.25286
-0.25256
-0.22172
-0.07376
-0.22392
-0.16360
-0.27818
-0.32497
-0.07073
-0.17515
-0.15240
-0.14830
-0.26162
-0.41750
-0.26612
-0.24600
-0.07962
-0.38010
-0.18230
-0.32023
-0.34391
-0.19181
-0.16671
-0.46611
-0.27488
-0.10503
-0.33012
-0.21967
-0.37318
-0.17311
-0.23552
-0.16177
-0.15572
-0.20787
-0.33913
-0.08864
-0.23020
-0.07572
-0.43183
-0.13318
-0.29885
-0.14073
-0.18773
-0.13300
-0.22108
0.07685
-0.34026
-0.23587
-0.17334
-0.19335
-0.32571
-0.07198
-0.29152
-0.16389
-0.32581
-0.24944
-0.22928
-0.10697
-0.02274
-0.26098
-0.18710
-0.21084
-0.28912
-0.19606
-0.19479
-0.23184
-0.41180
-0.10933
-0.27640
-0.24497
-0.28646
-0.15602
-0.20134
-0.27329
-0.16528
-0.15980
-0.25361
-0.32748
-0.15452
-0.32945
-0.15405
-0.16318
-0.25270
-0.14797
-0.21356
-0.07534
-0.26345
-0.29981
-0.26872
-0.36288
-0.22901
-0.26064
-0.02103
-0.17518
-0.27750
0.06482
-0.20517
-0.21197
-0.12519
-0.24705
-0.24976
-0.21291
-0.26881
-0.25072
-0.18916
-0.30692
-0.14684
-0.15084
-0.23362
-0.32622
-0.16671
-0.30423
-0.33519
-0.15686
-0.15242
-0.28036
0.00392
-0.22338
-0.25429
-0.15552
-0.19881
-0.09716
-0.08974
-0.16850
-0.25734
-0.20064
-0.08175
-0.20181
-0.25371
-0.23865
-0.35101
-0.04859
-0.27594
-0.28714
-0.00750
-0.27844
-0.16041
-0.23133
-0.41681
-0.24136
-0.08874
-0.12291
-0.00764
-0.15349
-0.32985
-0.26585
-0.26034
-0.18022
-0.42833
-0.29388
-0.35749
-0.15410
-0.21883
-0.24607
-0.20393
-0.12803
-0.34929
-0.16540
-0.44564
-0.40375
-0.31723
-0.17219
-0.20913
-0.10435
-0.32719
-0.29990
-0.26451
-0.08076
-0.20784
-0.20076
-0.24169
-0.21979
-0.28679
-0.27992
-0.27334
-0.29150
-0.13758
-0.18697
-0.22370
-0.30052
-0.18978
-0.35127
-0.37344
-0.13614
-0.09317
-0.12140
-0.18085
-0.24529
-0.19544
-0.29913
-0.33071
-0.21368
-0.09945
-0.15363
-0.30153
0.02156
-0.38146
-0.33776
-0.10621
-0.16693
-0.17035
-0.15561
-0.22504
-0.16468
-0.11921
-0.08794
-0.10401
-0.27332
-0.23937
-0.13884
-0.22490
-0.22399
-0.30433
-0.15912
-0.28812
-0.12066
-0.15664
0.03122
-0.13227
-0.19555
-0.07228
-0.33937
-0.09950
-0.31780
-0.19961
-0.17429
-0.11531
-0.25379
-0.36692
-0.48359
-0.07345
-0.26616
-0.26497
-0.16690
-0.23261
-0.20750
-0.05160
-0.14314
-0.27218
-0.26844
-0.45811
-0.16737
-0.32441
-0.24090
-0.09844
-0.22986
-0.12798
-0.14056
-0.12078
-0.30682
-0.26371
-0.24534
-0.29227
-0.25659
-0.22166
-0.23008
-0.33496
-0.19397
-0.24963
-0.11418
-0.20352
-0.06618
-0.31950
-0.25930
-0.37110
0.01617
-0.20732
-0.15994
-0.32579
-0.10489
-0.25189
-0.14929
-0.30279
-0.34836
-0.23188
-0.19756
-0.21643
-0.21738
-0.29752
-0.17479
-0.29705
-0.23735
-0.16761
-0.32114
-0.36723
-0.07901
-0.13846
-0.14148
-0.07356
-0.28807
-0.08982
-0.24894
-0.05740
-0.33739
-0.07269
-0.32804
-0.36831
-0.13398
-0.24855
-0.22415
-0.29605
-0.31591
-0.20885
-0.44518
-0.16951
-0.07706
-0.22026
-0.17257
-0.09710
-0.33554
-0.21619
-0.24533
-0.18279
-0.25009
-0.21525
0.01793
-0.10338
-0.11477
-0.32213
-0.19412
-0.12045
-0.19771
-0.18660
-0.28776
-0.03742
-0.11246
-0.05803
-0.14186
-0.31045
-0.32998
-0.25878
-0.06083
-0.03689
-0.26289
-0.22433
-0.29863
-0.26280
-0.34036
-0.38540
-0.20206
-0.29517
-0.20763
-0.40440
-0.21661
-0.22660
-0.08949
-0.29114
-0.11389
-0.20668
-0.02534
-0.46367
-0.20929
-0.19534
-0.02109
-0.08941
-0.16560
-0.19165
-0.32919
-0.13603
-0.27274
-0.18105
-0.03419
-0.35365
-0.32093
-0.25128
-0.29581
-0.38438
-0.30076
-0.36788
-0.21179
-0.21353
-0.23941
-0.10875
-0.17429
-0.26849
-0.08984
-0.06278
-0.36164
-0.31828
-0.19644
-0.15833
-0.23242
-0.33979
-0.14435
-0.08331
-0.19839
-0.29102
-0.10142
-0.04873
-0.24136
-0.31513
-0.18422
-0.34116
-0.38921
-0.12289
-0.21040
-0.17319
-0.28171
-0.30775
-0.31566
-0.45351
-0.10220
-0.25195
-0.26785
-0.03412
-0.36317
-0.10016
-0.37755
-0.00927
-0.26093
-0.05825
0.05806
-0.00307
-0.17963
-0.22678
-0.24277
-0.37661
-0.24426
-0.12270
-0.14443
-0.23955
-0.20074
-0.17092
-0.22947
0.05698
-0.33700
-0.20944
-0.14632
-0.29605
-0.14895
-0.23958
-0.13948
-0.26916
-0.22098
-0.32331
-0.31061
-0.02625
-0.20885
-0.28471
-0.32449
-0.32292
-0.18642
-0.33977
-0.09839
-0.33234
-0.16220
-0.12220
-0.16328
-0.08999
-0.16520
-0.24718
-0.35884
-0.22787
-0.17989
-0.22805
-0.21406
-0.35373
-0.15449
-0.15907
-0.16142
-0.15432
-0.15398
-0.28987
-0.18493
-0.18855
-0.32246
-0.36015
-0.03381
-0.15871
-0.20756
-0.14627
-0.19216
-0.18666
-0.17059
-0.22404
-0.21525
-0.44533
-0.33723
-0.08823
-0.23406
-0.51278
0.07808
-0.11598
-0.25024
-0.28020
-0.25861
0.05955
-0.14122
-0.10222
-0.31282
-0.27149
-0.18481
-0.19599
-0.22765
-0.14326
-0.26684
-0.05394
-0.18496
-0.21835
-0.36172
-0.20794
-0.18103
-0.19777
-0.30003
-0.16054
-0.16337
-0.10113
-0.31198
-0.38183
-0.25972
-0.16801
-0.23846
-0.17608
-0.18857
-0.20581
-0.05975
-0.18570
-0.07861
-0.54643
-0.11562
-0.21481
-0.06488
-0.34070
-0.21960
-0.12633
-0.27637
-0.14797
-0.14253
-0.13189
-0.10360
-0.27384
-0.23938
-0.47322
-0.18527
-0.10670
-0.15991
-0.32660
-0.25770
-0.33043
-0.03171
-0.31763
-0.35595
-0.32678
-0.19794
-0.35326
-0.22748
-0.22188
-0.21669
-0.21952
-0.10960
-0.18036
-0.03547
-0.23457
-0.11058
-0.28690
-0.19124
-0.25976
-0.38469
-0.14054
-0.13677
-0.27158
-0.18581
-0.03561
-0.12513
-0.28518
-0.20418
-0.11741
-0.13987
-0.18538
-0.12953
-0.20419
-0.16481
-0.26934
-0.28655
-0.42652
-0.02985
-0.10177
-0.26165
-0.15731
-0.24818
-0.38863
-0.23812
-0.15573
-0.09412
-0.24545
-0.10693
-0.37403
-0.08654
-0.26256
-0.18727
-0.23332
-0.16050
-0.16471
-0.23768
-0.05470
-0.42951
-0.29920
-0.20101
-0.04287
-0.32798
-0.15196
-0.09850
-0.17395
-0.30589
-0.20354
-0.44680
-0.14854
-0.17170
-0.28029
-0.40534
-0.35809
-0.36415
-0.27131
-0.10616
-0.28129
-0.16801
-0.23489
-0.33263
-0.09606
-0.12242
-0.15333
-0.18127
-0.21982
-0.16570
-0.20788
-0.14408
-0.24965
-0.31442
-0.08846
-0.28880
-0.21893
-0.25914
-0.25308
-0.46600
-0.33828
-0.31613
-0.22110
-0.39928
-0.27943
-0.20422
-0.27435
-0.29101
-0.08924
-0.18991
-0.24552
-0.27974
-0.13366
-0.19291
-0.23465
-0.22472
-0.25683
-0.28181
-0.28425
-0.02423
-0.12353
-0.13697
-0.00701
-0.30259
-0.18767
-0.29737
-0.25230
-0.36430
-0.28606
-0.13303
-0.21133
-0.09614
-0.21565
-0.41941
-0.22573
-0.25575
-0.19804
-0.20512
-0.40706
-0.16440
-0.37305
-0.22881
-0.24220
-0.17342
-0.25978
-0.13689
-0.29258
-0.28820
-0.13594
-0.23764
-0.17735
-0.02244
-0.12737
-0.26826
-0.12725
-0.19109
-0.24514
-0.21088
-0.20454
-0.22018
-0.16439
-0.41565
-0.29865
-0.04164
-0.26586
-0.22179
-0.28489
-0.37257
-0.07215
-0.32674
-0.28232
-0.41998
-0.27385
-0.19200
-0.22455
-0.17969
-0.17824
-0.19011
-0.29776
-0.10927
-0.04544
-0.28960
-0.07754
-0.19155
-0.25606
-0.15058
-0.20465
-0.34460
-0.25381
-0.07603
-0.41929
-0.25621
-0.34096
-0.22222
-0.08407
-0.23574
-0.16584
-0.17039
-0.23335
-0.07555
-0.26525
-0.04417
-0.24688
-0.45031
-0.19959
-0.05347
-0.21435
-0.33464
-0.13695
-0.04977
-0.20739
-0.14970
-0.17484
-0.24161
-0.30569
-0.09236
-0.12041
-0.29406
-0.09233
-0.16018
-0.29092
-0.15113
-0.18422
-0.20290
-0.16028
-0.26444
-0.17341
-0.26568
-0.26342
-0.16389
-0.37118
-0.09931
-0.27122
-0.27249
-0.13523
-0.30700
-0.14433
-0.21646
-0.08553
-0.22709
-0.26806
-0.21642
-0.33649
-0.32299
-0.21516
-0.28332
-0.28591
-0.15034
-0.19291
-0.31135
-0.09652
-0.37003
-0.21660
-0.22126
-0.15314
-0.28462
-0.12561
-0.16792
-0.29184
-0.20993
-0.04704
-0.27715
-0.21753
-0.29263
-0.32060
-0.28526
-0.30215
-0.24801
-0.29747
-0.25935
-0.21208
-0.10713
-0.30550
-0.19926
-0.29660
-0.21618
-0.08491
-0.13916
-0.20679
-0.25750
-0.26480
-0.20180
-0.20829
-0.17828
-0.21400
-0.10618
-0.27622
-0.34016
-0.14263
-0.05354
-0.10936
-0.15960
-0.17853
-0.16627
-0.35400
-0.22196
-0.32721
-0.14640
-0.21435
-0.15613
-0.44155
-0.23010
-0.19218
-0.29537
-0.18864
-0.13453
-0.24150
-0.43474
-0.20822
-0.25916
-0.07696
-0.13206
-0.30878
-0.27321
-0.17442
-0.44636
-0.26055
-0.23222
-0.24894
-0.16259
-0.26638
-0.44208
-0.26574
-0.23848
-0.19495
-0.26064
-0.11516
-0.25982
-0.33499
-0.20850
-0.37373
-0.16699
-0.20374
-0.14824
-0.10380
-0.10680
-0.17603
-0.31231
-0.28744
-0.02556
-0.18743
-0.08057
-0.32806
-0.21432
-0.22130
-0.15813
-0.22656
-0.09846
-0.17220
-0.21550
-0.33021
-0.21372
-0.23402
-0.07942
-0.19601
-0.14691
-0.38311
-0.46838
-0.27597
-0.02906
-0.30846
-0.20933
-0.16170
-0.24383
-0.30578
-0.20077
-0.02341
-0.20792
-0.10882
-0.21879
