-0.87600
-1.06363
-1.13046
-0.82343
-1.15464
-1.01816
-1.02251
-1.12467
-1.21045
-0.83191
-0.84601
-1.08999
-0.97431
-0.98838
-1.18388
-1.39159
-1.04002
-1.04721
-1.14037
-0.91241
-1.07937
-1.12173
-1.02346
-0.93707
-0.71818
-1.10033
-1.13123
-0.87812
-0.90773
-1.07186
-1.13439
-0.91746
-1.09937
-1.05317
-0.95487
-0.79499
-0.79481
-1.17166
-0.91323
-0.90332
-1.09946
-1.03881
-0.90273
-0.87922
-0.80625
-1.11553
-1.19909
-1.10335
-0.78583
-0.66638
-0.85595
-0.91004
-0.69071
-1.33012
-1.15631
-1.22350
-0.81328
-1.17536
-1.00675
-0.92095
-1.16129
-1.10215
-1.00988
-1.00081
-0.95941
-1.11223
-1.68607
-0.97036
-0.83755
-0.97918
-1.07474
-1.54467
-1.11146
-1.03980
-1.00382
-0.90130
-1.03483
-0.58184
-0.66952
-1.00131
-0.90041
-1.18469
-0.87437
-1.14576
-0.84603
-0.80032
-0.94522
-1.08702
-1.02198
-0.97023
-0.78469
-1.02914
-1.04724
-1.05557
-1.00044
-1.02384
-0.79410
-0.93007
-1.05217
-1.10767
-1.04625
-1.12044
-0.99937
-1.00337
-1.05430
-0.91078
-0.88385
-1.11590
-1.17860
-1.03962
-0.87444
-1.05820
-1.10887
-1.11438
-0.87021
-0.78671
-0.74229
-1.01200
-0.79727
-0.98476
-0.87041
-1.35155
-1.05473
-0.87942
-1.08540
-1.09705
-0.84325
-0.82115
-0.88611
-0.89635
-1.12994
-0.84784
-0.80379
-0.78412
-1.07189
-1.07365
-1.12768
-0.74124
-1.32668
-1.19011
-1.32088
-0.98893
-1.10294
-1.25919
-1.08573
-0.92814
-0.94503
-0.98270
-0.93985
-1.12572
-1.27271
-1.03575
-0.73619
-1.28543
-0.97501
-0.92710
-0.58215
-1.29970
-1.11320
-0.74924
-0.96011
-0.88494
-0.71551
-1.14023
-0.94100
-0.72468
-0.87553
-0.95219
-0.95326
-0.90226
-0.89080
-1.27707
-1.24430
-1.08753
-0.93043
-1.00537
-1.25807
-0.73097
-1.19236
-0.78941
-1.20564
-1.02544
-0.75853
-1.35547
-0.88306
-1.05903
-1.02628
-1.24436
-1.03239
-0.95230
-0.95677
-1.02166
-1.30456
-1.11854
-1.02408
-0.97044
-1.14783
-0.78543
-1.29794
-1.25410
-0.74362
-1.33019
-1.08022
-1.00478
-1.06317
-1.00087
-0.90344
-0.98170
-0.93012
-1.15125
-0.79008
-0.66750
-1.27303
-1.13959
-1.05707
-0.87647
-1.00117
-1.19874
-0.93493
-0.89506
-0.80874
-0.85317
-0.95600
-1.18274
-1.03304
-1.39332
-1.19573
-0.84553
-0.96775
-0.94341
-1.13703
-1.16839
-1.19336
-0.97094
-1.02434
-1.01051
-0.95428
-0.99854
-0.98163
-1.23138
-1.04069
-1.15999
-0.94534
-1.09890
-1.08687
-1.03509
-1.12149
-0.86403
-1.55644
-0.93950
-0.90396
-0.96751
-1.18931
-1.07645
-1.30413
-0.85411
-0.85754
-0.81700
-0.91747
-1.04918
-0.73469
-0.95514
-0.77258
-1.01977
-1.26601
-1.27571
-0.78319
-1.03057
-1.11382
-0.78442
-0.77425
-1.00324
-0.94083
-0.86602
-0.85329
-1.10039
-0.93987
-1.05528
-1.14236
-1.21738
-0.87963
-1.18599
-0.87701
-0.91954
-0.83690
-1.07792
-1.35586
-1.03858
-1.09978
-1.34618
-0.81737
-0.97907
-0.69786
-0.90470
-0.91454
-1.08389
-0.91619
-0.97434
-1.21891
-1.08047
-1.00517
-0.88112
-1.08571
-1.23962
-1.15675
-0.61228
-0.93305
-1.07447
-1.12734
-0.84122
-0.75871
-1.09464
-0.87245
-0.99999
-1.11183
-0.89125
-1.07287
-0.87260
-1.12348
-1.30026
-1.25672
-0.95889
-1.04658
-1.09139
-1.05273
-0.75414
-1.27950
-0.71853
-0.76113
-1.17919
-1.09754
-0.87228
-1.10086
-0.96829
-0.93213
-1.20597
-1.16719
-1.04843
-1.06850
-1.14479
-0.83965
-1.30685
-0.79448
-1.17509
-0.98538
-0.99402
-0.70075
-1.12174
-0.97019
-1.07374
-1.24018
-0.95391
-1.34847
-0.96934
-1.12692
-1.30662
-0.99372
-1.01875
-0.95984
-0.93046
-0.73311
-1.09200
-0.79831
-0.77223
-0.80241
-0.79885
-0.94400
-1.02524
-0.76413
-1.19434
-1.28631
-0.80987
-0.96623
-0.97715
-1.29329
-0.86180
-1.11867
-1.09241
-0.81257
-0.75599
-1.16065
-1.06355
-0.82368
-0.69742
-1.33486
-1.12089
-0.92453
-1.06117
-0.77405
-1.15009
-1.02942
-0.93036
-1.02902
-0.95884
-0.92157
-0.86939
-1.11960
-0.94656
-0.86628
-1.11849
-0.97939
-1.28910
-1.12775
-1.01735
-1.04340
-0.84670
-0.91305
-1.22376
-0.89522
-0.93381
-1.15080
-0.91875
-1.17861
-1.12487
-1.00568
-1.22479
-0.60581
-1.17975
-1.09215
-0.90301
-0.97191
-1.07944
-1.19992
-0.74232
-0.93727
-1.00735
-0.49487
-0.97223
-0.84897
-1.18439
-0.90766
-1.03659
-1.19674
-0.84576
-0.91554
-1.07907
-1.05866
-1.32198
-0.92851
-0.61544
-1.13131
-1.01989
-0.77466
-1.01137
-0.82991
-0.95800
-0.80470
-0.85262
-1.06578
-0.83356
-0.98237
-0.94596
-0.86572
-1.00545
-1.04031
-1.11166
-0.97180
-0.84934
-1.00591
-1.24012
-0.99153
-0.90459
-0.77163
-0.60365
-1.11921
-0.98395
-1.10530
-1.11905
-1.08098
-1.11705
-1.05956
-0.87042
-1.08284
-0.86922
-0.78890
-1.02091
-1.18485
-0.74549
-1.10084
-1.05023
-0.86150
-1.08379
-1.17487
-0.96659
-0.93398
-1.19143
-1.02274
-0.74973
-0.98644
-1.26755
-0.69022
-1.19801
-0.89499
-0.94001
-1.19560
-1.00421
-0.95192
-1.14626
-1.05205
-1.10147
-0.81149
-1.00584
-1.12821
-0.90220
-1.14477
-1.31000
-0.84372
-1.10172
-1.26193
-0.99957
-1.02324
-1.13527
-1.07507
-0.98074
-1.00746
-1.09292
-0.86060
-1.08703
-1.12868
-1.09434
-1.00325
-0.92938
-0.95716
-1.19313
-1.00261
-0.81441
-0.97257
-0.92276
-0.95747
-0.76430
-1.05175
-1.11313
-1.08893
-0.84834
-0.96708
-1.07873
-1.33371
-1.03850
-1.02926
-1.20160
-0.97782
-0.72951
-0.91580
-1.10014
-1.05724
-0.78247
-0.88446
-0.73887
-1.01342
-1.00904
-0.96817
-0.78376
-1.11078
-1.04313
-1.05240
-0.89894
-0.89203
-1.33951
-1.14689
-0.84023
-0.88065
-1.15283
-0.90587
-0.82368
-0.91989
-1.24996
-1.08946
-0.97133
-0.70157
-1.00763
-1.49658
-0.93957
-1.21786
-1.06236
-1.23639
-1.18023
-0.95104
-1.07326
-0.98970
-0.98034
-1.03891
-1.04239
-0.74056
-1.03919
-1.05855
-1.04929
-1.04516
-1.13994
-0.97323
-1.08651
-1.17286
-0.67207
-0.85385
-1.29819
-0.98021
-0.75021
-1.27311
-0.94410
-1.14647
-0.84053
-0.86952
-0.83889
-0.85282
-1.15325
-1.34073
-1.12081
-0.86756
-1.04304
-1.00371
-1.33870
-1.16088
-0.79995
-1.20830
-1.08487
-1.26095
-0.81167
-1.05531
-1.06756
-0.89401
-0.93097
-0.83450
-0.79076
-1.06838
-0.96072
-0.90336
-1.10268
-0.83002
-0.87601
-1.10687
-0.80342
-0.84749
-0.96618
-1.08417
-1.02672
-0.92567
-0.87345
-1.19078
-0.75774
-0.96374
-0.96858
-0.87275
-1.11581
-0.81420
-1.10348
-0.86674
-0.77797
-1.12529
-1.05861
-1.11121
-1.09017
-0.87846
-1.04271
-1.12490
-1.03930
-0.91553
-1.13048
-0.99418
-1.14259
-1.11934
-0.97399
-1.03142
-0.97420
-0.87069
-1.02487
-1.38492
-0.89852
-1.35618
-1.15390
-1.38386
-0.89330
-1.10972
-0.84743
-0.97603
-1.18421
-1.10676
-0.88875
-1.18494
-0.98293
-1.17539
-0.95526
-1.26936
-0.73723
-0.86984
-1.28897
-0.83359
-1.08977
-1.15800
-0.87572
-1.11568
-0.91585
-1.14431
-1.29728
-0.99385
-1.18354
-1.09656
-1.31563
-1.20624
-0.72352
-1.04720
-1.11626
-1.00327
-0.85589
-1.10064
-0.95763
-1.12658
-0.99163
-0.72291
-1.33018
-1.09790
-0.92731
-0.98576
-0.81808
-0.65491
-1.19462
-1.00587
-0.97714
-0.93883
-0.81536
-0.80810
-0.93085
-0.99136
-0.82048
-1.17865
-1.34281
-0.88334
-1.26340
-0.95932
-1.37187
-1.23732
-1.12286
-0.88580
-0.86777
-1.22476
-0.64633
-0.76501
-1.19671
-0.77311
-0.84988
-1.47849
-0.76724
-1.17365
-1.06859
-0.92448
-0.83556
-1.35189
-1.21917
-1.02425
-1.18026
-1.08929
-1.22646
-0.90997
-1.02543
-1.10975
-0.97528
-1.42196
-1.04226
-1.08707
-1.04721
-1.00635
-1.24446
-1.12651
-1.00060
-0.65377
-0.96453
-0.71189
-1.03448
-0.80620
-0.84129
-1.16039
-1.01780
-1.02805
-0.68520
-0.93491
-1.04605
-1.20873
-0.85535
-0.91792
-0.88188
-0.50899
-0.99709
-0.85492
-0.97065
-0.89555
-1.08900
-1.30956
-1.02220
-0.93689
-0.94572
-0.70758
-1.06052
-0.95559
-1.03039
-0.88569
-0.89743
-1.00124
-1.33162
-0.78752
-0.80708
-1.28321
-1.17280
-1.24539
-1.03389
-0.92145
-0.94167
-1.02918
-0.84842
-1.07125
-1.01734
-0.99506
-0.99480
-0.99617
-1.19182
-0.98778
-0.98343
-1.17650
-1.10604
-0.67238
-1.52697
-1.03563
-0.96009
-0.67411
-1.03406
-1.13795
-1.11564
-0.83321
-0.92442
-1.01222
-0.87203
-1.10169
-0.70798
-1.17535
-1.14835
-0.95449
-1.22030
-1.20398
-1.08699
-1.47437
-0.84435
-1.09578
-1.03519
-1.06654
-1.06475
-1.00254
-0.91664
-1.10418
-1.01791
-1.20191
-1.00205
-1.05717
-1.10625
-0.86494
-1.08300
-1.04118
-0.94149
-1.25340
-0.99451
-1.06994
-0.67984
-1.09655
-0.95042
-0.99466
-0.71319
-0.66483
-1.15111
-1.24278
-0.78715
-0.67275
-1.05613
-1.11435
-1.25313
-0.90551
-1.04360
-0.75552
-0.97286
-1.00343
-1.32555
-0.99793
-0.93850
-0.93796
-0.99178
-0.78489
-0.92648
-0.95044
-0.91701
-1.05188
-0.73869
-1.05054
-0.92465
-1.06916
-1.06174
-1.15680
-1.08105
-1.08610
-1.07056
-0.82500
-0.97410
-0.83949
-0.94716
-0.94183
-0.72711
-0.77766
-1.22481
-0.69262
-1.15767
-0.91206
-1.02078
-1.12881
-0.93571
-1.00706
-0.94054
-0.95477
-1.14316
-0.85787
-1.08453
-1.19491
-1.24917
-0.92106
-1.15806
-1.25733
-0.88969
-1.11029
-1.12801
-0.81901
-0.47738
-0.90701
-0.88636
-1.37394
-1.19298
-0.99884
-1.28921
-0.95621
-0.93576
-0.96189
-1.01687
-0.79856
-0.94241
-0.90391
-0.88734
-0.87181
-1.14544
-1.08649
-1.03727
-1.18297
-0.89473
-1.16988
-1.29456
-1.21668
-1.00196
-1.35581
-1.05037
-1.42630
-0.81532
-0.98991
-1.01443
-0.75041
-1.01914
-0.98887
-0.75292
-0.64287
-0.81300
-0.84385
-0.96303
-0.96534
-0.87147
-1.06156
-0.84002
-1.16560
-0.49033
-1.10717
-0.88356
-1.13735
-1.27899
-1.12018
-0.95629
-1.09677
-0.89713
-1.04228
-0.83280
-0.99959
-1.07967
-1.24694
-1.19400
-1.11469
-1.20947
-0.95461
-0.99939
-0.84935
-0.89329
-0.78354
-1.28628
-1.20234
-1.24399
-1.24747
-0.86655
-1.15246
-0.81923
-1.07207
-1.12453
-0.71244
-1.14738
