4.479544609495890599e-13
8.215616833194043940e-10
2.093244200361609652e-09
1.569636127453975793e-14
2.369203645067039319e-09
1.266193633923511761e-10
2.908579723679586971e-11
1.114182284605592547e-09
-9.317233633147659974e-09
5.831767992602271857e-14
8.381364889322602701e-14
8.129793526567999218e-10
9.539224618661346534e-12
3.800960628836975852e-11
9.122225957055447906e-08
1.139280656024908172e-04
8.497504404085737998e-11
4.970517359089721590e-10
-6.166870723538711052e-10
1.746591472763133559e-12
5.858540811850510776e-10
3.122159719561851833e-09
7.083655133019472158e-12
1.400930751016069808e-12
1.176158251846919692e-15
2.630395447554532473e-09
9.483377029269707245e-09
1.977801401066978338e-13
7.510840159428774337e-13
8.760061990978461002e-10
5.282151283510978365e-09
1.358898336564918407e-12
1.692514125976598643e-09
9.500647141977341850e-11
4.830662963372243004e-12
2.349136107680632875e-14
1.318622311882861744e-14
5.899922220752562217e-08
1.442917989603374819e-12
1.589366382722430416e-12
1.242284635964987914e-09
2.205643450004511621e-11
5.009571698396852484e-13
1.178273653093052699e-13
1.372087852234359697e-14
4.244111593612015345e-10
1.294111347160447047e-07
1.388137786209654538e-09
4.285238164091205935e-15
1.966079854031116172e-16
2.860980883639538691e-13
1.892659558984056977e-12
2.911087632279476665e-16
2.321638580524384071e-05
2.164573167976389443e-09
1.673523204977851676e-07
3.646348270546691743e-14
4.376287049430130752e-08
3.056717372684181480e-11
6.686112316532607666e-13
1.483084417178550183e-08
1.004452921132379716e-10
3.339722982376489187e-11
2.883342719036187553e-11
1.485699778166590255e-12
3.141636231363549210e-09
-9.771370605868241466e-01
1.420777687891571841e-11
7.019351683549491608e-14
7.247002466129095324e-12
6.414567643260077965e-10
9.955491626736875932e-02
2.247557544744488629e-09
8.989113673209175092e-11
8.783197317527529728e-11
7.217658953446531794e-13
2.249647302292496377e-10
5.265964370004839343e-18
9.075913457374621073e-17
2.265207043345489685e-11
1.400447008903222451e-12
4.840188630251815688e-08
4.981861590153517500e-13
-7.621323703124519092e-10
9.621288196827975116e-14
1.573820707449562397e-14
8.507435424126563645e-12
9.040036702462035805e-10
1.641803700511900616e-10
2.174500303689519574e-11
9.875133238145525472e-15
1.392385457701486377e-10
3.069316066711581446e-11
4.644101454101479183e-10
2.436135459455703487e-12
1.354385634325314019e-10
1.298630930340881028e-14
1.150874482866810219e-12
3.074212486287898275e-10
-1.795308079211300869e-10
4.153924077428512032e-10
6.658557265751451325e-10
2.045754846928562361e-11
2.536938891657088152e-11
4.592500471110777663e-10
1.866780971016794161e-12
2.536348206817067011e-13
6.840237772936659650e-09
9.193221383376946413e-09
1.679155128173849015e-10
3.919412192987680376e-13
3.545932803133253081e-10
2.032849057939374824e-09
1.798990375606379352e-09
9.287631276706978936e-14
1.707446876667769195e-14
3.406429102727668590e-15
8.912613740798568549e-11
4.132646569492113637e-15
4.346527608251429661e-11
3.051091328791292910e-13
6.749688063753288617e-05
3.904244185815553124e-10
2.870085012512571378e-14
9.639682642465984766e-10
8.163982659949528157e-10
1.560929393015001152e-13
4.043770911419375485e-14
7.650368019779045713e-13
1.064896722408630109e-12
5.190001633285182223e-09
9.846500317525588144e-14
2.933203182061828704e-14
7.871008270245687963e-15
2.374289367485039821e-10
9.746641750545688052e-10
6.948762849111286641e-09
1.524947108016604879e-15
-5.756123165120713738e-07
1.189801386025079373e-07
2.064176560114955249e-05
5.702770401942360808e-12
2.687204276821392672e-09
1.350768659782815539e-06
3.911928181843906367e-10
3.533042127834274667e-12
-1.612264259588228091e-13
3.767914288484157822e-11
6.239296812759799395e-12
2.082490053463507720e-09
-1.006750741003512725e-07
2.598951079401047264e-10
2.096810287082785464e-15
3.719597636626239234e-06
8.479135091446759560e-12
1.855596165702689948e-12
3.328962105762206998e-18
1.133330688838965758e-06
2.349485453109214880e-09
1.336038489910259369e-15
1.399217975429230615e-11
5.146926479873015648e-13
8.463962799884029429e-16
5.825573213492083375e-09
7.503048959689193658e-12
1.677545471541470537e-15
6.016464709732404008e-13
8.982382924710287274e-12
3.460996281996187967e-12
1.470295813119460042e-12
9.087697802075817303e-13
1.606532260150857540e-06
8.007893331064057894e-08
3.401136079268195292e-10
3.395926709783863774e-12
5.022423258437698427e-11
1.415213676648848491e-06
1.354224935807257973e-15
4.897085113679086225e-08
9.580567808404398454e-15
5.777532617121194510e-08
1.838425512702951344e-10
4.890086840792247017e-15
6.602614822641780139e-05
1.900908121962526202e-13
4.156638968863314864e-10
6.223756161961336768e-11
2.735138908924230553e-07
2.610388584299981098e-11
3.232072584067959238e-13
1.546300072712476876e-11
7.014888754513505091e-11
1.096744949547799074e-05
3.033761052785194774e-10
1.188692355088938980e-10
5.956925360308048816e-12
1.767653841359842757e-08
9.913853420177409428e-15
-2.559606395653743345e-07
1.308832749630088719e-06
1.472722309133720852e-15
-1.008458831503193700e-06
8.849329931798493086e-10
4.956956299062022057e-11
7.569267583633951706e-10
3.139110895340832958e-12
1.713247843588488303e-13
2.039741331511385470e-11
3.857760276090822693e-13
2.347849316909747720e-08
1.943211789293102955e-14
1.338844442109416395e-16
5.606988805586666669e-07
1.221094762451260489e-09
1.673010157443833272e-10
2.503169731016562474e-13
3.672259151053388357e-11
7.413963058005325308e-08
2.280045240918964705e-12
1.019873292573121976e-12
6.182112327578220847e-15
1.983043151215230355e-13
3.795403705954836353e-12
9.457238823161293991e-08
2.564937606053246300e-10
1.431341539699760126e-04
1.446148808616957126e-07
1.507134910689808802e-13
4.825632735009918848e-12
2.432541806051367283e-12
1.171228104228953222e-08
-1.804928242156054030e-09
1.369544734898251164e-07
1.594778392301298936e-11
-3.814344538222222657e-12
5.804590048499973670e-11
1.066052382788458366e-11
5.323904342722635143e-11
3.978606646766554209e-11
2.960701097300291117e-07
3.157697678503570372e-10
1.995128367043950029e-08
3.291125266261188654e-12
1.054996270232963329e-09
1.946901913103957608e-09
8.807143158138431182e-11
4.455952262449528955e-09
1.862156750405263627e-13
1.871074204323809054e-01
5.426457910102087707e-12
7.301674103279395576e-13
1.626924064994198611e-11
4.573989567646334276e-09
1.121990940784378586e-09
9.059980935597104499e-06
6.124399783350512438e-14
2.507539852093330134e-13
2.507438375926855271e-14
3.343978654817629218e-12
3.540360363338819019e-10
1.698526598890675034e-15
6.718828440890948429e-12
7.610951277949521063e-15
3.117112794974617905e-11
-8.526436617323082996e-08
1.497413768187621632e-06
1.340386171671462520e-14
2.690629424432392557e-10
5.325910417435134683e-09
1.104369434250718790e-14
3.711206251307519295e-15
1.686938715451984315e-11
3.503354001744201499e-12
1.982090008662607302e-13
8.634003508258707365e-14
3.152189114087959276e-09
1.623190586399717114e-12
3.038267055109909821e-11
1.373057744681316341e-08
6.947588938872805019e-08
6.207290837559827390e-13
9.195233404213996427e-08
6.996030675630862405e-14
2.067260333978979718e-12
3.783298598254389676e-14
1.094483945796353064e-09
1.963985239130207268e-05
3.670038064960540216e-10
1.584438184800329602e-09
4.609941441055651659e-05
6.154443128304673802e-14
1.679523949892672785e-11
3.609002896127669706e-16
1.015628957229923257e-12
1.113050129884697063e-12
9.413583223016440195e-10
2.407976946824237403e-12
2.851366474406785910e-11
3.241253138663516738e-07
1.645352355112065919e-10
7.209338531285254429e-11
2.558674615789123741e-13
5.028177427215516941e-10
5.881351079654541980e-07
1.292109263516667229e-08
9.251613711186800055e-18
5.127557236773340446e-12
1.348348380444099852e-09
4.782161863138748798e-09
3.460027949407542340e-14
2.550442617785301019e-15
1.654381026014768161e-09
5.274253641667585885e-13
5.330317565138832147e-11
1.098733159709153168e-09
5.200501505325303119e-13
5.252871526513364513e-10
1.265797846628981105e-13
3.654986660970611270e-09
7.987751655053538262e-07
7.310448721039615464e-07
5.712508187091531534e-12
1.781818747835194428e-10
2.195742016757272512e-09
3.540838676347388749e-10
5.885298233106435564e-15
-1.389180080708151865e-07
6.560718545678143593e-16
6.946242478933910682e-15
2.814333192596251030e-08
2.551223679519868452e-09
1.205425405807438044e-13
2.731894205520844384e-09
1.198806815008568587e-11
1.226919612158239672e-12
3.734077521016549829e-08
9.706228169186532189e-09
1.908468574005934187e-10
2.376409835391889177e-10
8.146206487780315849e-09
1.417491942347267695e-13
1.100152580693260641e-05
1.746163700971262589e-15
-1.915698051314535278e-09
1.207257524067623211e-11
1.617642626098353301e-11
3.555846668359066168e-16
8.715525984366788892e-09
1.199575980061526612e-11
9.464665595272918393e-10
6.205063110041281749e-07
8.504695423686217554e-12
2.122897014901029778e-05
2.179109828638492755e-11
1.942189557204260219e-09
9.975396418302565838e-06
1.525299007917346270e-11
1.484813017995498159e-10
1.654225382778732392e-11
2.849671944743781598e-12
1.436868863636756279e-15
2.293702747870542728e-09
1.851736130069954743e-14
7.124931211201259412e-15
3.294010634750998047e-14
1.424670765701108684e-14
6.393649721636354218e-12
1.745833868208095474e-10
5.231158633849517995e-15
1.545103270524873960e-07
4.257577785776467794e-07
2.835203837646360854e-14
9.637409349093087594e-12
1.583476038394529158e-12
2.543180732795960296e-06
2.275275757398238013e-13
8.237389660214438676e-09
1.236477507067400428e-09
3.253566581798560302e-14
5.033848948769161366e-15
1.789063162610544911e-08
7.881273878688183454e-11
4.359262870868149981e-14
2.734018088743501512e-16
-1.005331210392042488e-06
1.713288723999732456e-09
1.469161765513680272e-12
2.846940391533469165e-10
4.979574302939820907e-15
-1.025111145882119658e-11
2.151400472429006508e-11
2.528284320097412671e-12
3.924869616990199014e-11
7.704043561348639706e-12
2.988258468672264567e-12
4.138013118272412590e-13
5.675393842138446682e-09
1.264310704621210183e-12
2.074354221938567250e-13
2.965631220828445662e-09
1.689538464500355860e-11
2.141151977792329128e-06
1.109305384465002519e-09
6.515258380243341150e-11
2.708897625134243235e-10
1.680123349528993473e-13
7.026090979593614408e-13
1.613957072270535548e-07
9.114609727897669340e-13
3.114817547839865136e-12
1.951858183084005600e-08
3.500875770856821451e-12
1.090501607194198031e-09
6.158481732750049286e-09
2.372584506198728403e-11
-1.733051126046298641e-08
1.375084363871879009e-17
7.165860610414925886e-08
1.497601347782972836e-09
6.099343271599484949e-13
2.925125736157201159e-12
1.426734909574348519e-10
-5.605564684775593666e-09
4.566884053901464675e-16
5.791082916769490776e-12
2.854058915245359377e-11
1.484694320177229206e-19
1.417707297237870906e-11
5.791576082397488438e-14
8.194776091730944770e-08
1.343188955280741280e-12
2.509999203362998599e-10
7.145001175851989165e-08
9.341483065384889268e-14
2.332221423538410174e-12
3.951886391706825709e-10
5.310540265959451950e-10
7.717728926384071769e-06
2.885127867289762098e-12
1.622161201722314501e-17
8.017745732639007404e-10
5.499207502239698583e-11
1.030655922819908590e-14
4.113587269524912534e-11
4.397291493468524998e-15
1.059851332270290949e-11
1.122876743050811724e-14
6.123795891884135367e-14
5.752946325508045997e-10
5.412601754039703638e-14
3.816849170932515039e-11
4.402733711010647458e-12
1.946983851906450374e-13
4.735642870993833115e-11
5.905610942025273912e-11
3.323532632688778633e-09
1.200627925081995084e-11
1.705399398280201276e-13
3.348349279929158154e-11
7.110815004809367052e-07
3.435193491715397968e-11
1.837078568841969181e-12
4.279116909975283180e-15
8.648575809660176928e-18
2.476323101931035088e-09
2.962525374279123784e-11
1.755130723297460199e-09
2.748804744164028631e-10
7.586782762087733790e-10
5.362994272391299847e-09
4.033943215804165016e-10
2.317124242817947943e-13
4.784285218662639030e-10
1.283150818788345919e-13
1.207169839754615152e-14
4.932954301969142259e-11
4.533482581746771464e-08
2.804357127992585852e-15
1.729731081383157483e-09
2.498642162806561855e-10
2.743490505733713126e-13
1.800456144849600880e-09
5.583574137859815562e-08
1.119519714220636947e-11
4.014851115773973028e-12
-2.481319204109282346e-09
7.271985951525594569e-11
4.729744437786536967e-15
2.354005965942563984e-11
2.200879310707035431e-06
2.511579106495342686e-16
9.256046981406013534e-08
7.761385609271801242e-13
4.074736633239412930e-12
5.480778264978682681e-08
4.218495221597624951e-11
6.561487668025831456e-12
9.043959950809910165e-09
2.855460049095698234e-10
4.227329784118338682e-09
2.061043028211994522e-14
3.022130202994360417e-11
1.002063948768810985e-08
6.832249949009582548e-13
9.603348096938928959e-09
1.015901958520401154e-06
1.471424922443569459e-13
1.566260498312630837e-09
1.603746308807796262e-07
6.673088283964416011e-11
7.707488023003113279e-11
1.544383911646714025e-08
1.457873115041609845e-09
9.059305119920934244e-12
4.367780414909959968e-11
2.381671644869771883e-09
1.096486228243466586e-13
8.755359021498671177e-10
4.961944007100833083e-09
5.439031553819598980e-10
7.709992498296624382e-11
3.401597722211317948e-12
1.121540171900273724e-11
3.356701127293348970e-08
8.162889233432413463e-11
3.155525032080094949e-14
1.025212601633488281e-11
1.744008935528081543e-12
1.315406897584950492e-11
5.472025738876183895e-15
1.828322164979610647e-10
4.511162704808649463e-09
8.392144538544082396e-10
1.043799056902496607e-13
2.863154708049944269e-12
7.418782741950415889e-10
1.140317518160478323e-05
3.287677580728422007e-10
3.528115478393283824e-11
1.392851823393524126e-07
1.079259248266988882e-11
1.318672936056069247e-15
1.135775829046130183e-12
1.035288308770319886e-09
6.043765593562686240e-10
6.076914098434772588e-15
7.623480527391957375e-13
1.221898988326569029e-15
1.291666674861101095e-10
4.901638264161777810e-11
1.180320373669015198e-11
1.073164483565380801e-14
3.017465108777927763e-09
1.579378709771696260e-10
2.786917214904065381e-10
1.056991444886961921e-12
3.894762936703665526e-13
2.076594119143242018e-05
7.539227010232586591e-10
1.023281505269228188e-13
6.426468148941175416e-13
1.102669561381357608e-08
1.941991093934039521e-12
5.068675389623159765e-15
2.581890747113525430e-12
9.226920766953635973e-08
2.070256393535352661e-09
2.179145104534926325e-11
1.862723318355421555e-16
1.109381952887136332e-10
1.287437476646604954e-02
4.113024970682641280e-12
6.011573219921427547e-08
3.389369275880596657e-10
2.926599439913508243e-07
2.860526013718844115e-08
4.344729215892808668e-12
4.068932229193092382e-10
4.213484580844430553e-11
3.195994834459813215e-11
2.929754927581527665e-10
1.246259461267097358e-10
2.493566394389031042e-15
1.527538114872584675e-11
3.273394044792787050e-10
5.524457540337911107e-10
3.759347914186696549e-10
4.159730946474681815e-10
1.260897301131157760e-11
1.002247278769231565e-09
6.270383104136702376e-08
1.258476328337919189e-16
2.518706524958660247e-13
3.086596359326793191e-06
1.844508130267678145e-11
4.119885396950736285e-15
2.518069735486138983e-06
-2.667361512531984901e-15
6.663614416710244957e-09
9.435605322964963882e-14
1.984484463983829534e-13
5.631605207459912782e-14
1.651082090282336255e-13
2.381376885239508554e-08
1.559585397770182552e-05
3.235682220967944938e-09
6.075614071878507719e-14
1.589460237811483889e-10
3.067802176749494223e-11
2.663671267467569966e-05
1.077589624288519045e-08
3.036549072660059974e-14
1.179211191548139678e-07
7.902512684566476614e-10
1.704253777892874867e-06
1.793136319431935559e-14
1.600839073896429797e-10
2.796741327571414298e-10
3.908672063544377445e-13
2.086417195554474418e-12
2.312754972799204226e-14
2.196499398446005119e-14
2.897719175858337760e-10
1.361836933964694554e-11
8.250707264943274763e-13
3.559217407471135553e-10
7.379165220982663786e-14
3.403675306247948719e-13
2.635092861518339819e-09
2.983117046585551714e-14
1.685574648811043600e-13
1.310736063899744810e-11
7.691287492374685412e-10
5.933068885844625606e-11
3.334825322690260875e-12
2.926272660220137996e-13
5.705483038429659404e-08
6.688930266427740774e-15
9.415325482564182437e-12
1.956266632575538895e-11
2.199031435490417858e-13
1.772260945421594272e-10
4.984533506904345804e-14
2.917068156008954265e-09
3.171399037722125810e-13
4.311938487212390275e-15
7.119977205810047544e-09
3.591720181340075767e-10
2.949720293195838636e-09
5.944542816149242408e-10
6.927902188251779591e-13
1.971938060185737521e-10
-1.028195129867867042e-10
1.688918998245797390e-10
3.323069078273346814e-13
7.684583926337861201e-09
8.218342636412204387e-12
7.860045484469699072e-09
-1.726456384827442036e-10
9.863256641973790387e-12
2.597878727516277462e-10
1.533522193405278666e-11
6.586726163999425259e-14
2.786401756457061731e-11
-8.454344706293412065e-06
7.369429814333347000e-13
-2.775055848780408137e-06
1.364713604158412141e-08
-8.179140850788219131e-06
2.967837197954831381e-13
5.126381801240247301e-10
1.916012830419315432e-13
2.529653234896484727e-11
2.039755724569264181e-09
4.342883923322724124e-10
9.290623411948314353e-13
3.846920258228936855e-08
4.337420303150491606e-11
6.610305735019662808e-08
1.817363388639543661e-12
1.007565763305225462e-06
1.654342791178133852e-15
1.509407364239790918e-13
6.003416544684522758e-06
6.773141035477226039e-14
1.322944318101055112e-09
-1.046105437683722411e-09
2.269067991339232286e-13
2.355558479175258466e-10
5.141073826637426652e-13
7.944430457303911105e-09
7.731716592373107918e-06
6.519973344218690559e-12
6.057843499462478640e-08
1.261448795582590471e-09
-5.751107876624693010e-07
1.895637050909492937e-07
8.651863536697603514e-16
1.071934836104380126e-11
2.769864458520490490e-09
2.140003720888079580e-11
2.525097720176494484e-13
2.326850266968621125e-09
7.524913446335668712e-12
3.500132548673328004e-09
3.859822286852699862e-11
9.783714359113594651e-16
1.498318124156453560e-05
3.579030297588328339e-10
1.784001781423914411e-12
3.093984090615162638e-11
2.810990677841389165e-14
2.938078583998793237e-17
5.160731042477120706e-08
7.051689786276388489e-11
1.268988131696529139e-11
1.554042776982969524e-12
1.794160090857752378e-14
1.901019074384039856e-14
2.492117911730995967e-12
5.963798932244416582e-12
4.831381015652797074e-14
6.241642508129033529e-08
-1.672065354257367730e-06
4.623014146916790169e-13
1.866527792122151743e-06
3.052632628772697658e-12
5.584716466755163721e-05
7.709186141849343433e-08
-2.061782501299636616e-10
6.973732123160587635e-13
1.672489231628733646e-13
1.905201293536779250e-07
6.272843532698107911e-17
6.487070934159152911e-15
1.153893749167505304e-07
6.314932515607029044e-15
2.982722554928461688e-14
7.102809350661269845e-03
4.340944776155267683e-15
3.547028013920431125e-09
6.966511539408330117e-10
3.458643396915176355e-12
1.423899904001656874e-13
2.305192893368126534e-05
3.274336727935478926e-07
7.223753282210882996e-11
7.457945191384270123e-08
7.389684922674306623e-10
1.890165374693296989e-07
1.622900347600946489e-12
8.349224957431851743e-11
2.921477885570913974e-09
1.984094735047400223e-11
1.027932227493642912e-03
-1.278239637915379051e-11
1.839663107427564902e-09
6.198431600560955025e-11
1.054582170410637676e-10
3.840949912548934886e-07
9.160373270314561655e-10
5.329421461360597158e-11
1.212857322297041067e-16
5.557169931597270453e-12
2.525944907575598004e-16
9.785156201288806875e-11
4.609132997892969194e-14
9.127851685473968200e-14
1.520520806132283913e-08
1.238318205723711316e-10
1.580520304902481663e-10
3.035128360963544565e-16
2.857164891428321431e-12
4.458130012818663854e-11
4.339009749600170313e-08
1.327025283200290343e-13
2.662874324506780549e-13
3.757948180733815561e-14
2.086574386457122974e-19
-1.433897092842617924e-12
3.406035161138120736e-14
1.039668271947360112e-11
1.471919799745448635e-12
1.914852232702627846e-09
-4.424312107473551362e-07
7.523927585839368329e-11
1.830390590968157247e-12
8.191719489913715312e-12
3.969113944056286291e-16
6.213604071307540899e-11
5.827690495689596226e-12
-5.394781651238069156e-12
2.238246525189619234e-13
3.439031955861286663e-13
3.710536942020427168e-11
1.843321420558322087e-05
2.071988222481953756e-14
4.159234918735615243e-14
2.021232991395830088e-06
1.156127238790471121e-08
4.607995267038385580e-07
3.089600495192097492e-10
1.895901287659557370e-12
6.452363368380669016e-12
9.748633037612052892e-11
1.243147445530410290e-13
6.023011390867484426e-10
1.122446131147800717e-10
5.349635817067394053e-11
1.694029551552369639e-11
3.828915599069554461e-11
2.842907070738876141e-08
-1.368266691465072183e-12
2.674506990011106717e-11
3.571291458674663377e-08
1.126806234036078821e-09
1.590047445328034928e-16
-2.075667480949645784e-03
9.063220180528293046e-11
6.647410772094681467e-13
2.564013241694966000e-16
1.066136240419183911e-10
-4.321267703472461508e-10
6.200461080944727075e-10
1.104691332788089209e-13
1.835971956183759736e-12
1.143373888247913214e-10
2.761168265383678988e-13
9.128561211544600741e-10
3.505025296854580473e-16
6.215136000542099175e-08
2.181921420677533100e-08
8.755998816121811091e-12
1.791642468734673842e-07
1.092096207876533117e-07
4.329701446716507899e-10
7.819811083361490750e-03
6.552387718880172559e-14
3.306523084197081695e-09
2.637174457019179770e-11
2.760447271794473269e-10
4.582745437630289852e-10
7.538489377929136864e-11
1.483963107911211765e-12
2.293718462716894141e-09
5.621652491247944253e-11
1.556637171209919225e-07
3.828192358142522129e-11
5.945977850171930021e-10
4.537014546201417089e-09
9.573963287615018909e-14
1.337063256870941776e-09
3.724243624467136837e-10
1.577030770292570709e-12
-5.189910284529167232e-08
4.561882576201751478e-11
4.379042312611057393e-10
2.439740605970813319e-16
2.287472462951882483e-09
7.257089999744893671e-12
8.636646418737679645e-12
1.044909707766817515e-15
1.206305078987448632e-16
1.424882995587220179e-08
1.069440741842199103e-08
5.924422124519080955e-15
1.215636876696094323e-16
-1.614507706984485172e-11
1.335946632383870010e-10
6.364056802812685316e-07
7.070380850316243806e-13
3.749079488398022309e-10
5.801738278711510881e-16
1.401644747812651883e-11
3.272433668987222393e-11
9.307753310236266598e-06
4.959800777471129432e-11
5.238854085576424579e-12
2.877617979485935013e-12
2.320440376216991950e-11
1.519588172025949501e-14
2.068643531995410272e-12
1.107250666770407529e-11
1.474134538691100192e-12
2.966789547860337090e-10
2.139613998306640787e-15
8.617560700989186245e-11
5.439487967410490775e-13
6.771773042034598339e-10
7.109420028935130870e-10
1.295234225118133288e-08
1.369054386913828484e-09
8.774973568773206495e-10
5.897427722465490346e-10
6.416324530137262502e-14
7.405501019266003467e-12
6.481516802869885518e-14
8.900570403894740472e-12
8.795214805697694362e-12
1.491288441825760885e-15
1.140816872861218263e-14
-1.727551309332931175e-08
2.144348692734375372e-16
7.197843599720012538e-09
1.671559159872886006e-12
1.071635674202765548e-10
1.033832473304569360e-09
3.039094855508113406e-12
4.492329680462662958e-11
6.912435695405313731e-12
7.798724589092142477e-12
1.039228174815930079e-08
1.228379737435898715e-13
1.289841876781614424e-09
-4.217947428410116910e-09
1.908747728654909602e-08
1.884869763375438290e-12
9.423099192570997874e-09
7.486008836302680510e-07
7.465277313825865445e-13
4.918463498570583171e-10
4.243818405138574839e-09
1.626185364921549114e-14
1.180830469839597187e-19
1.836809900788173946e-12
7.610319227050569011e-13
1.607547655189523318e-04
1.386686915472502524e-07
2.981957585280384428e-11
4.630392650108708504e-07
1.251974846902273652e-11
1.133364115145263096e-12
7.127429800244978686e-12
5.590817010740984931e-11
1.257208523307805835e-14
4.498903025448866525e-12
9.495056629963459102e-13
3.856247225856721185e-13
2.165323567862548038e-13
1.944390497951254752e-08
1.147338279200390970e-11
2.413126137487779987e-10
3.347834195103949742e-08
1.099514330078221218e-12
3.688036978218005017e-09
3.392624648393215114e-06
-1.262427464768822717e-08
3.629780940357193599e-11
4.698756088779106250e-05
1.699721316612025620e-10
-4.223640527860704740e-05
1.519759572024653625e-14
4.366415169902664436e-11
1.142587935893608835e-10
2.741630601602127423e-15
5.700786002537532695e-11
2.134676500094278826e-11
4.126388094859521160e-15
4.644596537625366845e-17
2.944051536169480202e-14
9.015054831057888216e-14
-1.158626329684637870e-13
1.756974715870538599e-11
2.802019895474761292e-13
6.415163115287930118e-10
6.808838930938752181e-15
1.783078680730861140e-08
1.019172032228132311e-19
6.626192113788146756e-10
5.851143720866502119e-13
4.214580222406607738e-10
2.407319650058741457e-06
3.124225961656601922e-09
6.060485627945673018e-12
2.787667832486910035e-09
4.715040385131060842e-13
2.849382843298930879e-10
4.647859062902483940e-14
2.010138654304930821e-12
1.815771796263271328e-09
-4.066515928601366624e-08
1.524420783244673536e-07
1.246961934197260755e-09
2.149513948314873550e-07
8.005647219679889678e-12
5.490471589081937844e-11
1.793011350952610327e-13
4.942470535319999776e-13
1.555179817096342353e-14
-1.206879223167544128e-07
1.640756720480703582e-07
7.075975498839070306e-08
1.123042188032137938e-06
3.090619729457536729e-13
1.261636950566072013e-08
3.238514409991140299e-14
4.820826626857818444e-10
7.939868162690063603e-10
8.874103104602749969e-16
2.052800780281727733e-08
