2.092638196841405609e-12
2.334013760752612438e-09
1.019023054905417402e-08
8.204699776335193846e-14
1.001562946922527256e-08
3.883562309284162478e-10
8.213352379364327548e-11
4.122151029786280637e-09
-6.747616465330616006e-09
1.849556111087520769e-13
2.461650874783473880e-13
2.717527980062597638e-09
2.510808189587637749e-11
9.921793489752835958e-11
2.389657830269265198e-07
3.250378472977850735e-04
2.787905387433862485e-10
1.143014853394229207e-09
-4.823099929658544517e-10
1.329268313164064034e-11
1.797173343151794603e-09
8.974858512106020394e-09
3.449373981469248128e-11
4.207003726790104347e-12
3.531902052367748344e-15
1.102879648584969457e-08
2.545162884442920345e-08
5.869995281123972623e-13
2.215047841263912814e-12
3.642572086404470633e-09
1.524406567353554428e-08
4.313661237366724488e-12
3.767279366127631022e-09
5.338971935501760374e-10
1.410264247501716197e-11
5.576359023890384714e-14
4.701739114176201625e-14
1.424609223274135738e-07
3.747035501971606380e-12
5.952578583708675479e-12
3.976529873961194409e-09
9.535602097965938762e-11
2.000122532836327448e-12
3.626728864608907156e-13
4.207061843768058480e-14
1.583469669021132548e-09
7.170514844180599553e-07
4.246616894481358879e-09
2.378759397937849409e-14
4.399962217456156102e-16
7.501619135602949925e-13
2.195595734467142706e-11
1.497199985841983346e-15
1.513761937998440066e-04
1.092938773538706384e-08
5.346383503324869265e-07
1.183354695996309508e-13
1.316861532028608484e-07
1.056517898538374872e-10
3.563174376985669834e-12
4.877058979554309663e-08
7.235739201254914704e-10
8.995075177073485199e-11
9.317512755878814296e-11
6.476654275526141717e-12
9.089803387623628581e-09
-8.625195272949717218e-01
4.061061865175701170e-11
2.189923371432150704e-13
2.330602776503185660e-11
1.902557504141425861e-09
2.829457235415587801e-01
6.373060305525355153e-09
2.857457965917760723e-10
2.194707210387815248e-10
1.751876655030383066e-12
5.559443870035177156e-10
4.253099622408925067e-17
2.817962539137483425e-16
7.094188107332739924e-11
9.935438836225866456e-12
1.494720196242303730e-07
1.244402651994622600e-12
-5.737306473157802420e-10
2.769392166203836107e-13
5.023021117976860577e-14
2.963083202317406668e-11
2.353650912107474795e-09
4.663787422738535031e-10
6.194196060942405164e-11
3.726935993541726110e-14
4.178889748854944480e-10
1.184966779234432836e-10
1.837621819483859512e-09
1.194604898375944625e-11
5.889991444656304151e-10
4.086946062501455485e-14
3.554646884969414415e-12
9.518376755492344605e-10
-1.437752946472161265e-10
1.225527122020315439e-09
2.608142669425706031e-09
6.534153359845115340e-11
8.293076123212365422e-11
1.453776619483097065e-09
1.196543988637662399e-11
6.856000125152809642e-13
1.698872142735969490e-08
3.265529575225573913e-08
5.129898666446714475e-10
2.361231124827304509e-12
1.094664809769599123e-09
5.806654527013401242e-09
5.236344971809503236e-09
3.800906589248253047e-13
4.938744194659168519e-14
8.592966107740126884e-15
2.818867450790248777e-10
1.361908231182567104e-14
1.043114793623197071e-10
1.674638217503097123e-12
1.465214250414389639e-04
3.236865776980547190e-09
1.678013038914677789e-13
2.828404722862919052e-09
2.571474073489318878e-09
4.189200480398528365e-13
1.237940821583856046e-13
8.879641132872161325e-12
4.341189022931718330e-12
1.496380452499025101e-08
2.976417218807364111e-13
1.210119463658568472e-13
3.409245355171186424e-14
1.330476138796640093e-09
2.954625580643974912e-09
2.074564678314949963e-08
3.730242633384219560e-15
1.195931363009068610e-07
3.759611382815012208e-07
4.462924856094319949e-05
2.715836689293127047e-11
9.070228375674900710e-09
4.123581020310669633e-06
2.085697556146395309e-09
2.946990910817097922e-11
2.383972272673722740e-13
1.004775896127576094e-10
3.951591467690840671e-11
9.042590514288132724e-09
-6.742700086178792920e-08
2.955867938859576816e-09
1.315140796858758717e-14
1.136656600523669740e-05
3.367306138020633848e-11
5.775718232723512340e-12
9.251112122108151167e-18
5.302527076137641176e-06
7.504331396568443202e-09
5.542693742900469044e-15
1.509327951684521074e-10
1.140993674358796558e-12
2.099506731748233571e-15
1.674621086790151037e-08
1.628571238639233230e-11
4.690754186151351153e-15
1.456445425616336902e-12
5.333026840909513982e-11
1.141100055678471962e-11
1.597514602494461562e-11
5.671438109595380357e-12
4.722061496421561680e-06
3.238027890796002720e-07
1.727805655271069602e-09
1.580133063217130173e-11
1.866263006711324885e-10
9.052256676263967331e-06
3.934504650141672602e-15
1.478096492496456983e-07
3.024568681390295796e-14
2.414525084966729360e-07
5.296958345841094046e-10
1.262770520893490872e-14
1.876415459725486938e-04
8.173987926378159240e-13
1.186608760233036587e-09
1.642915717466410262e-10
8.467822446970069516e-07
1.090826392448248638e-10
1.768726603356430065e-12
3.483993863297085969e-11
1.960448985709346113e-10
2.377265421752404540e-05
1.464261016912060805e-09
3.455061938969065071e-10
1.766298669322908620e-11
4.388077857291173403e-08
8.598846808041644866e-14
-1.540965171525143453e-07
3.717613142908391819e-06
7.640038483398518953e-15
-8.645689385072335351e-07
2.290651048117568607e-09
1.532380156834568730e-10
4.689530266125338566e-09
1.940001864941636753e-11
7.752052850766808849e-13
5.471028463099707524e-11
1.968608188533323264e-12
7.259021231286415739e-08
6.244774105944402459e-14
1.023582715482164667e-15
3.132279865901313545e-06
4.567179227708397053e-09
6.610964108234225814e-10
8.124284024038380418e-13
1.119919860549850365e-10
2.160111037717118833e-07
7.656692202069215951e-12
4.679167270267758064e-12
2.347370334837244169e-14
1.024596101435018682e-12
1.104604278205084477e-11
2.131654548262330697e-07
1.939205656282045729e-09
4.195891288557090319e-04
3.629472512334720701e-07
5.518493892785833827e-13
1.638136365988801008e-11
9.707414861800427862e-12
6.426669692505174721e-08
-1.267180127198886985e-09
3.263036683243535538e-07
1.785167408732106026e-10
4.108679779233145746e-12
2.442547178188919645e-10
6.836931481888485404e-11
1.386648687974550839e-10
9.461054152871813661e-11
7.618262731922855512e-07
3.410822719941024228e-09
6.047185478591367052e-08
1.003314286560908378e-11
3.305038695502713301e-09
1.514701745431927876e-08
8.185258830826682733e-10
1.376188162742446818e-08
7.550788454177333273e-13
4.045455521987065817e-01
2.442084932049374591e-11
6.533396745020096600e-12
8.608257616224998015e-11
2.217315524895561511e-08
6.215394595935219371e-09
2.574922174985494244e-05
2.856814468039746775e-13
1.103388078290393318e-12
2.389829122402212857e-13
7.522926636620288786e-12
1.098043901403254076e-09
5.184341615451018456e-15
2.205793352065374539e-11
4.216797687189566895e-14
1.751748935123950157e-10
-7.437612096586808537e-08
4.382873061583399452e-06
3.627083402770008176e-14
5.835718678875999582e-10
1.956520874677976242e-08
3.218024835870977159e-14
1.416742083859793229e-14
1.107756275848803279e-10
1.124348537935294381e-11
6.809469560358078825e-13
5.673471790102296555e-13
3.689881403249211636e-08
7.114586251372217245e-12
1.469250072394237804e-10
4.352440231064018373e-08
2.170464213512980627e-07
3.920734488735236484e-12
2.609317074735516026e-07
4.036767992267660361e-13
9.027819679140648862e-12
1.014897914234981072e-13
4.737961255084460053e-09
8.143893891886996850e-05
8.037102354304834243e-10
4.802265206787773716e-09
1.309600572765332949e-04
1.901815613315887517e-13
5.810807780257961653e-11
1.761841456653623032e-15
4.315159150505408037e-12
3.435789675912722375e-12
2.916226318970892311e-09
5.832938813298847763e-12
7.958851821963475793e-11
9.390164642097853231e-07
8.282786546992971651e-10
2.071473918177105607e-10
1.824252530581072684e-12
1.594434087716321280e-09
2.366415064235431456e-06
3.700294027510745832e-08
7.758041337632230339e-17
1.482411148880405426e-11
3.296991534498501611e-09
1.398395911608371129e-08
2.090403043952508999e-13
8.604766512174374618e-15
4.727041858125616857e-09
1.289850876460368895e-12
1.318148787447257174e-10
6.180039240794507824e-09
1.528019796317151465e-12
1.796359542657059851e-09
4.351066922614691620e-13
9.833406838809259702e-09
3.041584170202784970e-06
2.148311554805151427e-06
1.760146647041649540e-11
4.655751449869691056e-10
9.463268760383823792e-09
1.062312333910379986e-09
1.334700059838656333e-14
-1.122509583870208781e-07
2.642680781541006683e-15
1.842056564546958076e-14
8.007347317863864008e-08
6.333275423732310206e-09
3.830714828497997672e-13
7.744927012868532260e-09
3.701363113698687289e-11
5.479654836179297854e-12
8.963216680361231601e-08
7.893928676775165087e-08
5.780569864530574944e-10
1.226453043958100938e-09
2.327116102533740782e-08
3.694324059173404084e-13
3.058714408895225352e-05
7.181969349309997119e-15
-5.426824508739575593e-10
3.797122061612522626e-11
5.265293513308827625e-11
1.270937201943209953e-15
1.887221783368741861e-08
4.135988958031520890e-11
2.699941855088439852e-09
3.293110851524155365e-06
2.987335202900869303e-11
6.044491231762357306e-05
5.870503447331080720e-11
6.107873140943393957e-09
2.835646512547745798e-05
6.216183141832945550e-11
8.511606813057939479e-10
4.138451324700393525e-11
8.771342369085399542e-12
3.575782383990393983e-15
1.449019584450966456e-08
6.810236334144896896e-14
1.845610451468597602e-14
9.457166418861356093e-14
5.180045482487476375e-14
6.445682619946577010e-11
5.001498177508695472e-10
1.973928616056069278e-14
3.345056595026060293e-07
1.682990041731574311e-06
1.235547662020625949e-13
3.221858341026499088e-11
7.291219748262983280e-12
7.256125173488876519e-06
1.095662734417469607e-12
1.792643234777957512e-08
3.822146516139921436e-09
1.546957975848147295e-13
5.392756081357472562e-14
5.260336888810475707e-08
3.338585816591800745e-10
1.123491419485381718e-13
8.104797774231127335e-16
-4.378104904286709916e-07
8.633316713241558847e-09
4.881496065922218960e-12
9.652899822017870766e-10
1.596726913268124491e-14
1.891920089797482203e-09
9.594800516883796171e-11
8.104439345207776151e-12
2.340058530906000119e-10
3.729973465437869036e-11
1.781242629836040458e-11
2.640913181800126727e-12
2.284768645210618447e-08
6.548512651838448744e-12
9.779251091120898090e-13
8.522298592541965265e-09
4.988258224267906643e-11
6.839230617337635048e-06
5.375724651943646506e-09
1.671358369576331773e-10
9.410964210569622497e-10
1.727667191385754478e-12
2.202951787134524141e-12
5.371117858640280147e-07
6.323588336494782864e-12
9.430185691930582282e-12
1.034162789279807034e-07
8.774771933675270013e-12
8.724980993617778075e-09
1.838954063823860132e-08
1.047873625158794316e-10
-1.514498962709255821e-08
7.350548096987741334e-17
1.709160147904253825e-07
4.279612003373996603e-09
1.602272272180260540e-12
8.759028414550679270e-12
5.085185801127461649e-10
-3.023729216924602557e-09
1.709037124220107836e-15
5.269337861705212131e-11
1.184705005195807937e-10
7.750781674174487814e-19
4.221240682787826344e-11
2.401525789815975416e-13
8.852233230893708884e-07
4.040599055679015590e-12
1.612580093134425792e-09
2.094788342072756054e-07
3.485039033268485391e-13
6.061684658528937657e-12
1.272459101002340957e-09
2.076742043429264994e-09
2.201971476172963834e-05
9.463862428719023231e-12
5.367485732377040823e-17
3.185981139208098956e-09
1.624934398166262021e-10
2.558450500569274194e-14
1.240949571436356418e-10
2.627142943677544537e-14
5.306265659120333895e-11
3.292179164138750473e-14
2.651679430337259045e-13
2.450152789801535881e-09
1.661182511259478116e-13
9.766627845439916546e-11
1.298259553400929083e-11
5.900606393928011626e-13
1.497433569216164270e-10
3.201588376991485925e-10
9.498307958113779700e-09
3.559689906208310883e-11
9.136564625691543430e-13
9.439582925132620926e-11
1.720549988993836827e-06
9.313435558719194799e-11
4.926016083940881547e-12
3.839426464317582460e-14
2.733473544388669086e-17
7.737016339835460187e-09
9.474172355306361400e-11
5.681763058854235340e-09
1.274614363323940909e-09
2.217870643417944486e-09
2.911062040928699812e-08
1.162059767300642302e-09
1.112344012020266323e-12
1.497814102549690441e-09
7.000771373806061370e-13
4.154977876235070363e-14
1.130798119430891016e-10
1.332128038756587333e-07
7.957511738485820824e-15
5.339030000345810628e-09
7.424425055856309125e-10
2.760304435703775683e-12
5.125690330835526793e-09
6.537972759298435001e-07
3.453246281831897697e-11
9.185161615963071741e-12
2.240464527838779359e-09
2.084921270136482882e-10
1.782522436813472081e-14
7.252345530506927274e-11
6.254318954864093383e-06
1.536645545755947307e-15
2.820554970565306577e-07
2.186799955657097401e-12
4.354720199105370686e-11
1.556659328322116216e-07
1.241244136576653667e-10
1.876300487803092417e-11
2.332627548485925301e-08
8.831976854448610800e-10
9.143430068789900766e-09
6.960394054732333208e-14
7.967598019556618515e-11
2.863334923224265110e-08
2.209086043281742839e-12
2.954120816918319089e-08
4.107872857192193673e-06
9.443680596280749940e-13
4.504709081075361147e-09
6.432798090918069058e-07
4.011721467467656876e-10
2.019718254501462497e-10
3.440310176340582396e-08
3.631472377431123944e-09
2.669671112076266017e-11
1.322107987931687909e-10
2.570682949070634797e-08
3.468024084375769458e-13
2.397165806155466400e-09
1.421752366989672603e-08
1.676273014713408938e-09
1.842705546863486128e-10
1.106461114016300933e-11
1.273817126592226587e-10
1.057215970860500433e-07
1.887491854294979028e-10
1.713302762035043928e-13
2.926503476030216382e-11
5.538873013520870454e-12
2.976157666685932360e-11
1.668454859689829631e-14
5.133303235641408341e-10
2.382743447469140008e-08
2.859898170931545095e-09
3.049126140940047617e-13
1.000197230104263911e-11
2.174607218737875644e-09
3.237561658813250826e-05
8.512903639248819627e-10
1.542220154465853696e-10
7.383878197559897823e-07
3.183588430219253502e-11
4.453943091413331271e-15
3.609050760454696467e-12
3.203815293437854147e-09
4.023099998255051221e-09
2.082732712043939836e-14
2.007330534426379806e-12
6.948163517221728763e-15
3.528876928414931583e-10
1.432543265401089244e-10
4.247186320997871206e-11
4.576615107293194097e-14
7.765568145559969432e-09
4.529834968105795867e-10
8.261828344095781747e-10
3.465550934131389801e-12
1.180878504686841555e-12
6.409227240298995796e-05
3.576058086613871773e-09
2.943483640487463730e-13
3.892215992167507824e-12
3.604383848114489918e-08
4.900270747636880809e-12
1.934094942830918132e-14
6.135279753736624377e-12
3.729454506175871007e-07
2.423739884056705017e-08
1.481818329971948922e-10
7.596413459858377066e-16
2.406656201134910276e-10
7.149826719801991026e-02
1.258963080953650753e-11
3.265746759652542986e-07
9.782064390347376506e-10
7.624324581898421076e-07
8.160650781794919333e-08
1.450409515285002858e-11
1.252603852707229365e-09
1.201963258348443123e-10
9.030122767694391281e-11
3.432784119930832356e-09
4.094501005787032063e-10
9.886880561065163513e-15
7.161786982703308833e-11
9.550337489622139463e-10
1.268571069582433337e-09
2.410580836807745182e-09
2.617643797917858228e-09
3.707143638112668823e-11
2.938115572159874146e-09
1.472243774119833654e-07
5.410039062975593411e-16
1.428817100496073609e-12
8.814150876118924621e-06
4.863212526190459110e-11
4.341846247127508345e-14
2.952386118196307057e-05
6.499811649750321198e-13
1.796213038421882743e-08
2.283532101006554673e-13
6.303855278282474873e-13
2.190551106398931813e-13
8.149969880253519173e-13
1.532037683804286806e-07
4.982471948364878878e-05
9.554617822851452503e-09
2.547816173429031501e-13
4.586692393675878048e-10
9.841621940157610514e-11
1.104008024494088959e-04
3.343926409371038895e-08
2.386503916466303790e-13
3.480601474571809627e-07
2.711075014155693371e-09
4.851336213105553438e-06
5.996285314919715095e-14
4.717214333622886622e-10
1.160131945508735809e-09
1.240008385796390188e-12
5.963884720263978746e-12
1.044981283076625994e-13
5.863341660718928261e-14
1.205262731616745801e-09
8.288734379909645611e-11
2.749320456671652796e-12
1.443225350307684465e-09
4.570245390705672833e-13
1.057456540939021411e-12
6.762519687617448516e-09
8.007995406434735251e-14
5.616014260736639407e-13
4.893018517286194530e-11
2.642844623630455849e-09
1.900068988025376655e-10
1.037623785081656640e-11
1.196117747752511370e-12
1.676811085825616523e-07
1.534288471877240196e-14
2.423515726838495459e-11
1.277743972014967644e-10
7.416650761771371761e-13
6.959199230110429646e-10
3.256943466266042190e-13
8.354010302276205702e-09
9.176173957265866375e-13
1.193549542549263734e-14
2.179255417857024395e-08
8.237116614399847484e-10
9.098475427365607084e-09
5.285619827179514352e-09
1.704954435478148093e-12
6.357377155814069246e-10
4.184937046493646850e-10
3.941057083767457954e-10
1.122235285391788621e-12
1.947212859760403684e-08
2.306035164468802072e-11
2.026552338413782367e-08
5.697126103190321471e-11
2.989178433343079420e-11
5.923470655269881675e-10
5.038949714422126018e-11
2.309804266089227201e-13
1.033788935980739136e-10
-7.325228080618674538e-06
2.159748475659479325e-12
-2.392184782822323097e-06
4.005753076863551784e-08
-7.212040957942041208e-06
1.292810831669493355e-12
2.242426276537926591e-09
5.218504502535289393e-13
2.648441706199103507e-10
1.220495231415998919e-08
1.554564056089257100e-09
2.386377098476458235e-12
1.097554636017475097e-07
9.386964640275786936e-11
1.642948098374443739e-07
6.283266104699458543e-12
2.874811154109512045e-06
8.797153385667227979e-15
4.155975427780908127e-13
1.300514662510718550e-05
1.969439214983165035e-13
4.972290060762856007e-09
-3.882425172612944331e-10
6.826660698704346288e-13
9.946496941017298923e-10
2.793151593383228580e-12
2.271880399054874040e-08
1.816185530222020356e-05
3.141015222681989214e-11
1.801467019905560419e-07
3.585379806137081905e-09
-4.956857985169561895e-07
2.222231399434010530e-06
2.529366638473401634e-15
6.681918533659299675e-11
7.314649813788910254e-09
9.592971765818534835e-11
2.680770950703684566e-12
7.086837169964584170e-09
2.218511719200566964e-11
1.004333011349244937e-08
1.562137413578148138e-10
4.649694799083701723e-15
4.281299800032005589e-05
1.285226350624741590e-09
5.180058406592605175e-12
1.979707699117178383e-10
9.838715026636212185e-14
8.803313864670943689e-17
1.724458041163421043e-07
2.948439251489400187e-10
3.295725589522748868e-11
5.302066994993429293e-12
7.946056247406400106e-14
4.933654258158572592e-14
7.690952490550628247e-12
2.161650802148403813e-11
2.465815903183755518e-13
2.072016054897858445e-07
-1.475363979811476812e-06
1.996116333237512946e-12
5.304509069052439348e-06
9.883890008953133757e-12
1.439659443894866103e-04
2.822973121500795443e-07
6.855148559298146604e-11
1.848849037321665022e-12
5.192560418702497173e-13
5.493265152842437368e-07
2.143217681141104920e-16
3.826319498977255555e-14
6.121438056761707444e-07
1.793184161050857904e-14
1.149036500710150831e-13
8.329399335845258379e-02
1.142718473918206047e-14
1.374755553035892543e-08
2.083885030893896777e-09
3.884456148096262388e-11
3.099611527406016702e-13
6.544910617513761400e-05
9.486396495104194603e-07
2.136772753750691672e-10
2.113927285976668033e-07
7.181389703138796454e-09
5.382196325779604906e-07
5.088566086864718180e-12
2.197888538565886683e-10
9.148685865244404013e-09
5.589003964714608695e-11
2.231557830142425185e-03
-7.289001320785782258e-12
5.242813723997052567e-09
3.152025562699392356e-10
2.285980632528551973e-10
1.099066196653349943e-06
3.507933228731218284e-09
2.621777560435342991e-10
3.046424544855594061e-16
1.656888062498188274e-11
7.993151290903612648e-16
2.601215569090804071e-10
1.038393317550504938e-13
4.550885777793381854e-13
3.947870105356905654e-08
7.916112453142002988e-10
6.377980337971271303e-10
9.385507534451201485e-16
7.321755838197379208e-12
1.525539574215617770e-10
2.331670979734002513e-07
3.863181132033843144e-13
9.637963583188652567e-13
1.740478896444445262e-13
3.287873810807562218e-19
1.101691497161855048e-12
1.221574814007627710e-13
2.747155459301941214e-11
3.195588357058141098e-12
4.641199033420223998e-09
-3.537500361586932897e-07
1.962130338122441861e-10
6.057710057230212940e-12
2.346564925192911913e-11
1.174829542285917434e-15
1.979945510660583881e-10
1.785092420163182261e-11
3.196453463938579526e-12
1.104188472015056248e-12
9.687861571639216446e-13
1.086386501240764797e-10
5.508528375162228814e-05
9.803997427675375797e-14
1.075838916348821424e-13
5.923931411706833600e-06
6.393611861238180751e-08
1.347411418609135408e-06
6.963757755018652901e-10
8.072412146859244450e-12
6.872536183165212685e-11
3.358331576890083617e-10
6.495432205007949316e-13
1.890896728105508519e-09
6.006478604313338156e-10
2.958278186604883856e-10
7.008408364166283578e-11
1.451944870731436819e-10
9.071928719856473458e-08
-7.512543099512979984e-14
7.742943867955041521e-11
1.059039942139096853e-07
3.092063669393541142e-09
4.868290247767772547e-16
-1.832144170685326727e-03
2.837706164655213123e-10
4.014996198402782480e-12
5.680531941545050422e-16
3.649895446395162273e-10
-6.027446750836229144e-11
2.104749418063753507e-09
3.616137387334696239e-13
5.351581943209434455e-12
2.754029077514777713e-10
1.211458256498477880e-12
2.937722056398669584e-09
2.681304412672560955e-15
1.766530903250649301e-07
6.208366487420568548e-08
2.572992310884644024e-11
5.274384219407197209e-07
3.308666161935654025e-07
2.361366463104485801e-09
1.690745041589284542e-02
2.272193290570531253e-13
7.429000170347687608e-09
1.409388024151571931e-10
8.889350130880172570e-10
1.346961570040552151e-09
5.220163171225825162e-10
6.120571293526487741e-12
5.187142733689927705e-09
1.659889712909193381e-10
1.001193403889131269e-06
9.877083132228588416e-11
1.559058236220830579e-09
1.139118042598653621e-08
4.795175797660715829e-13
5.578820257544603164e-09
8.612264727716338969e-10
5.130943275971103797e-12
-4.474717184951892461e-08
1.908950717250012785e-10
1.413443964485154322e-09
1.222057352333279045e-15
9.400694973918134680e-09
2.813930083311523184e-11
5.709346408761656955e-11
2.589257116506932508e-15
3.923831772105778771e-16
4.394599212901495582e-08
9.154170576816822615e-08
2.830243862556058852e-14
5.738822278675676307e-16
4.813197651005361279e-12
7.942874199660007456e-10
1.870384155116433713e-06
2.075851357027653638e-12
1.133001584673472774e-09
2.840736936480559635e-15
5.993078029646710655e-11
9.350541977154619651e-11
2.399403889554184476e-05
1.577486292062711616e-10
2.315758557476734288e-11
9.118030614832360161e-12
6.683851536762631046e-11
9.581240412617418108e-14
6.083595625001911589e-12
3.753311365262995400e-11
4.960576229746967892e-12
8.942381428715584188e-10
1.155244672132457319e-14
4.778847374663791081e-10
2.764771388270786661e-12
5.507379648364702344e-09
2.024509930791048092e-09
3.695897236869589706e-08
4.191924830968515944e-09
2.262391604195070232e-09
1.819785382603280567e-09
3.302930146136700436e-13
2.337896061303103695e-11
2.006978784075222457e-13
2.431090217418004367e-11
1.907845951673034786e-11
8.934671692993735992e-15
1.024034157059229931e-13
-1.501822146392108359e-08
6.964725150116077883e-16
3.109924592178555179e-08
8.527490973735326677e-12
3.260691891693222253e-10
3.970546719651376018e-09
8.423218559323483980e-12
1.325580493605064400e-10
2.138191685994882882e-11
3.333073448020619182e-11
3.201240861114679834e-08
3.249879129942188259e-13
4.322916430826524056e-09
-1.424915544604327029e-09
1.330107599410779020e-07
6.070280757002942861e-12
2.941701644491294255e-08
2.200230872354644108e-06
3.087167469784561834e-12
1.926755302020766899e-09
1.220679811866975913e-08
1.095450451285832168e-13
4.570017652087731093e-19
5.271188986176537778e-12
6.432485476222174705e-12
3.475627743106944373e-04
3.324343404802815909e-07
7.904327343993518324e-11
1.863337179647749063e-06
3.626677884226751041e-11
4.320670348019881687e-12
1.867883078931391291e-11
1.647776220166275282e-10
3.637864867817125222e-14
1.602633166863014523e-11
4.667000664906533544e-12
1.097099361080539768e-12
9.174104417631465799e-13
5.525921581844760798e-08
1.876561475495599872e-10
1.249224143977465912e-09
9.503396942455679806e-08
1.286417320436122247e-11
1.862442793389449748e-08
1.047577734887683932e-05
-1.094626245642937810e-08
1.059893961715786761e-10
1.403969914509635528e-04
4.851757017816377978e-10
-3.723969914311351363e-05
1.259138026891314943e-13
5.008657302843266387e-10
7.308384833209212783e-10
1.243310996962038653e-14
1.806833860983002502e-10
7.748152894910601722e-11
1.180372864604596572e-14
1.600645707371818850e-16
8.585418628379003366e-14
2.371310385002199037e-13
9.876433476910314797e-13
5.042523474827195297e-11
1.503318982493976161e-12
7.412743079634814085e-09
3.088358265161542338e-14
5.202074771753510441e-08
-1.053642958675782537e-19
3.563988122446929411e-09
1.594424844153614616e-12
2.548296585029687891e-09
7.192253181496341021e-06
8.903442353559593034e-09
1.793719263656071393e-11
1.803375746656913325e-08
1.483417803091139917e-12
1.048708331111786987e-09
1.450447873771802822e-13
1.069671312021125691e-11
3.964353862289631071e-09
-3.522829600741819337e-08
3.296143489518374400e-07
4.108550429930834358e-09
2.509009455970541072e-06
2.748283215536083150e-11
1.788575599925827525e-10
1.101702224822084995e-12
1.563492805033581876e-12
4.495127769164579325e-14
2.475186967355775100e-08
1.770983930523212472e-06
3.639646156045723569e-07
2.650061801689071119e-06
7.782092853383981994e-13
3.686978293643050711e-08
1.818942293166262856e-13
1.510346649576477145e-09
3.100300976511853346e-09
2.643154444828905491e-15
6.140127713013188919e-08
