-0.05146
-0.28990
-0.25532
0.02721
-0.44543
-0.28390
-0.24364
-0.38988
-0.42197
-0.03143
0.14280
-0.37967
-0.06926
-0.25119
-0.55375
-0.76157
-0.29109
-0.24305
-0.41685
0.04231
-0.36451
-0.31716
-0.28998
-0.20837
0.12515
-0.38804
-0.39114
-0.09102
-0.12247
-0.33496
-0.36921
0.00096
-0.42388
-0.31674
-0.12249
0.03204
0.09571
-0.50568
0.02748
-0.12560
-0.28164
-0.33854
-0.06037
-0.03315
0.11913
-0.36100
-0.45318
-0.34015
0.07424
0.24098
-0.04471
-0.05128
0.33618
-0.52641
-0.35246
-0.48341
0.11079
-0.46345
-0.18921
-0.01871
-0.52112
-0.25328
-0.16871
-0.26146
-0.18190
-0.38543
-1.07179
-0.23622
0.00647
-0.25758
-0.18044
-1.04021
-0.45079
-0.22000
-0.18356
0.06384
-0.23597
0.31461
0.36177
-0.29163
-0.17161
-0.53091
-0.00524
-0.40980
-0.03793
0.18119
-0.17804
-0.41713
-0.21411
-0.04997
0.08540
-0.24090
-0.31853
-0.30219
-0.17624
-0.26959
0.15667
-0.14451
-0.10530
-0.32679
-0.33799
-0.33858
-0.19641
-0.27810
-0.25397
-0.00098
-0.02031
-0.28921
-0.43897
-0.21427
-0.02490
-0.36846
-0.35756
-0.42773
-0.01447
0.03133
0.19945
-0.29201
0.08352
-0.21299
-0.05630
-0.58679
-0.29270
0.01102
-0.37038
-0.43342
0.07304
0.05475
0.03091
-0.03171
-0.42807
0.03496
0.06927
0.12969
-0.38479
-0.36509
-0.29441
0.06202
-0.52671
-0.50152
-0.67857
-0.14291
-0.25846
-0.58196
-0.22253
-0.22505
-0.15230
-0.18733
-0.01883
-0.30853
-0.58592
-0.21437
0.19710
-0.55576
-0.17345
-0.10762
0.36947
-0.85166
-0.44636
0.19277
-0.16873
-0.26436
0.26151
-0.45675
-0.05409
0.22752
0.01672
-0.06663
-0.15751
-0.07577
0.14748
-0.45460
-0.58427
-0.31418
-0.12971
-0.30895
-0.46335
0.31292
-0.50335
0.19752
-0.39619
-0.26032
0.33265
-0.70000
0.05334
-0.34434
-0.28935
-0.57159
-0.35738
-0.18711
-0.20255
-0.15179
-0.64500
-0.39783
-0.19473
-0.19960
-0.44207
0.01945
-0.47737
-0.53475
0.07980
-0.59595
-0.31085
-0.28792
-0.24157
-0.25225
-0.16789
-0.10866
-0.02670
-0.39665
0.03020
0.26898
-0.60021
-0.54581
-0.31738
-0.17697
-0.30132
-0.57306
-0.12637
-0.11765
-0.01515
-0.01187
-0.15467
-0.59300
-0.24004
-0.89346
-0.57068
-0.06127
-0.09348
-0.07603
-0.35874
-0.42750
-0.56047
-0.14037
-0.17863
-0.19682
-0.09516
-0.22110
-0.26093
-0.34370
-0.22871
-0.37817
-0.07423
-0.39188
-0.32386
-0.30101
-0.41539
-0.02835
-1.03986
-0.29143
-0.06305
-0.26437
-0.42263
-0.34837
-0.64350
0.01733
0.00823
0.06762
-0.04481
-0.27032
0.15391
-0.10297
0.04013
-0.22360
-0.55537
-0.60532
0.10269
-0.31210
-0.35152
0.10471
0.08580
-0.31263
-0.17250
0.07017
-0.03110
-0.23154
0.02110
-0.30268
-0.38506
-0.51827
-0.04253
-0.48475
-0.04995
-0.15411
-0.01487
-0.30297
-0.70770
-0.21856
-0.25178
-0.76001
-0.05326
-0.08759
0.25140
-0.02939
-0.12169
-0.24540
-0.20080
-0.15450
-0.54785
-0.28105
-0.21903
-0.02232
-0.27966
-0.47282
-0.41364
0.32001
-0.18333
-0.30952
-0.52619
0.09618
0.07895
-0.30036
0.04285
-0.21194
-0.33107
-0.07489
-0.24587
0.00783
-0.44122
-0.50235
-0.55292
-0.16409
-0.25009
-0.32045
-0.31021
0.16458
-0.50235
0.13629
0.08342
-0.57402
-0.46713
-0.07723
-0.36442
-0.17093
-0.10995
-0.68499
-0.50086
-0.38563
-0.24991
-0.36575
0.15088
-0.58367
0.00679
-0.49372
-0.27766
-0.18352
0.21424
-0.43210
-0.16949
-0.28358
-0.52587
-0.12341
-0.83535
-0.23707
-0.36402
-0.69902
-0.06831
-0.27970
-0.17129
-0.16194
0.18889
-0.30165
0.05711
0.06221
0.08771
0.03003
-0.19871
-0.31016
0.07952
-0.45404
-0.64027
0.02449
-0.16537
-0.29279
-0.67651
0.08085
-0.45480
-0.41364
0.10245
0.15218
-0.53358
-0.31617
0.05636
0.37726
-0.67543
-0.30708
-0.20335
-0.34551
0.06475
-0.45036
-0.23575
-0.02274
-0.21195
-0.13727
-0.10325
0.07259
-0.33046
-0.09377
0.03771
-0.30223
-0.15398
-0.57041
-0.41450
-0.16512
-0.24420
0.04176
-0.12877
-0.59480
-0.14797
-0.18113
-0.43542
-0.12796
-0.59514
-0.37132
-0.25355
-0.61405
0.36057
-0.50893
-0.42408
-0.14988
-0.21872
-0.30561
-0.54370
0.19863
-0.18202
-0.32660
0.45378
-0.10935
0.02605
-0.48053
-0.19217
-0.20228
-0.61185
-0.02012
-0.07566
-0.39015
-0.33915
-0.72643
-0.09272
0.29978
-0.39358
-0.18189
0.22062
-0.20891
-0.03743
-0.26049
0.04443
-0.01874
-0.30619
0.04434
-0.18430
-0.02091
-0.08743
-0.22040
-0.27350
-0.41589
-0.20873
0.02942
-0.29525
-0.59243
-0.20575
0.08722
0.10286
0.36233
-0.33375
-0.17921
-0.32403
-0.47323
-0.35305
-0.37535
-0.21868
0.04157
-0.34449
0.00006
0.10469
-0.24841
-0.59925
0.08212
-0.40995
-0.31732
0.01586
-0.41258
-0.40577
-0.22532
-0.10404
-0.58151
-0.34963
-0.00273
-0.09788
-0.70497
0.23692
-0.61331
-0.07869
-0.07781
-0.52251
-0.11363
-0.24405
-0.33494
-0.20410
-0.34840
0.22000
-0.19077
-0.43776
-0.10189
-0.50376
-0.72261
-0.03069
-0.36226
-0.68336
-0.29155
-0.18672
-0.42836
-0.35755
-0.21290
-0.21948
-0.19154
-0.05374
-0.34949
-0.46065
-0.43639
-0.18783
-0.05412
-0.15013
-0.51990
-0.36487
0.05257
-0.33976
0.00174
-0.12242
0.00366
-0.27092
-0.32713
-0.37303
0.05643
-0.25145
-0.32752
-0.63916
-0.20998
-0.16813
-0.44689
-0.25595
0.18328
-0.12839
-0.49327
-0.34808
0.01072
0.09721
0.23536
-0.29675
-0.31629
-0.08698
0.02087
-0.41106
-0.28323
-0.35831
-0.04935
-0.09051
-0.72160
-0.44023
-0.03155
-0.03066
-0.41294
-0.08189
-0.01624
-0.08392
-0.56673
-0.39273
-0.12037
0.29002
-0.31189
-0.83485
-0.20252
-0.55274
-0.35900
-0.43087
-0.55765
-0.16359
-0.28789
-0.19261
-0.16807
-0.36351
-0.30815
0.15855
-0.31702
-0.29692
-0.47111
-0.21282
-0.49323
-0.26158
-0.24282
-0.55284
0.33320
-0.12997
-0.68546
-0.17111
0.13559
-0.66740
-0.13826
-0.41657
-0.01932
-0.05189
0.12017
0.00658
-0.40066
-0.65064
-0.46765
-0.03400
-0.26820
-0.17353
-0.60379
-0.54747
0.07503
-0.41966
-0.26837
-0.53161
0.00053
-0.35416
-0.32843
-0.19576
-0.04522
0.03474
0.11926
-0.27541
-0.10890
-0.16376
-0.42481
0.07991
0.00054
-0.34185
0.13277
-0.03979
-0.20213
-0.25684
-0.22933
-0.19194
-0.06635
-0.28911
0.27864
-0.03474
-0.11985
-0.16782
-0.44758
-0.00437
-0.33756
-0.02810
0.04434
-0.37226
-0.30009
-0.45345
-0.43751
-0.00507
-0.32318
-0.47314
-0.26817
-0.05407
-0.41202
-0.31004
-0.37671
-0.29756
-0.23167
-0.28289
-0.11336
-0.09481
-0.18466
-0.77703
-0.03637
-0.81871
-0.36596
-0.66144
-0.11568
-0.39050
0.15611
-0.25965
-0.47792
-0.43682
0.01200
-0.41532
-0.29916
-0.50501
-0.14822
-0.56490
0.17113
-0.02369
-0.67083
0.03336
-0.34928
-0.39270
-0.14109
-0.36793
-0.08248
-0.50657
-0.49461
-0.21366
-0.42290
-0.30989
-0.70729
-0.57580
0.22911
-0.30999
-0.34352
-0.19319
0.04844
-0.31840
-0.16298
-0.42777
-0.16878
0.32106
-0.60757
-0.28762
-0.11026
-0.13492
0.11842
0.28005
-0.44673
-0.21817
-0.08164
-0.10641
0.09189
0.25822
-0.03857
-0.25283
0.03066
-0.45587
-0.66522
0.03789
-0.50980
-0.27286
-0.69830
-0.59115
-0.51594
-0.08707
-0.07364
-0.51325
0.34789
0.20185
-0.53593
0.15810
0.00363
-0.88052
0.20478
-0.41347
-0.27058
-0.10247
0.03259
-0.74621
-0.46411
-0.26374
-0.44733
-0.38827
-0.54539
-0.01800
-0.23596
-0.39768
-0.26373
-0.69306
-0.17429
-0.41779
-0.21116
-0.13483
-0.60603
-0.33622
-0.16892
0.23306
-0.20495
0.22454
-0.15794
0.03143
-0.06888
-0.36581
-0.13489
-0.16724
0.23751
-0.04707
-0.29127
-0.56276
-0.04236
-0.07814
-0.05213
0.41298
-0.18156
-0.01868
-0.13393
0.00928
-0.40162
-0.57286
-0.14096
-0.14855
-0.28509
0.16920
-0.31280
-0.11160
-0.30440
0.00263
-0.13715
-0.25376
-0.67498
0.04579
0.07040
-0.74930
-0.50105
-0.62365
-0.28559
-0.08553
-0.22400
-0.22273
0.07956
-0.28087
-0.26259
-0.13513
-0.27993
-0.16319
-0.47452
-0.21219
-0.20453
-0.57735
-0.35967
0.26835
-1.00307
-0.24598
-0.17965
0.19639
-0.17211
-0.35924
-0.35373
0.01877
-0.08469
-0.20793
0.02714
-0.31646
0.18590
-0.45326
-0.49488
-0.10086
-0.64897
-0.46702
-0.34101
-0.91715
-0.06179
-0.37283
-0.19503
-0.31049
-0.31727
-0.26207
-0.08561
-0.38842
-0.19635
-0.49625
-0.16247
-0.38697
-0.39744
-0.05836
-0.44997
-0.46309
-0.20439
-0.64873
-0.23329
-0.37391
0.29892
-0.38472
-0.12585
-0.26442
0.09012
0.13045
-0.48972
-0.63502
0.03538
0.32135
-0.24705
-0.38915
-0.44721
-0.20801
-0.34980
0.10188
-0.17427
-0.32330
-0.63506
-0.21683
-0.13887
-0.13418
-0.23160
0.24202
-0.06625
-0.17274
-0.08537
-0.30444
0.22466
-0.25123
-0.09997
-0.19671
-0.38615
-0.37140
-0.32975
-0.37256
-0.35359
-0.04380
-0.21356
0.10993
-0.21335
-0.18272
0.17926
0.13022
-0.57640
0.23308
-0.35279
-0.15031
-0.28441
-0.41333
-0.13504
-0.19842
-0.16794
-0.17894
-0.56581
-0.06477
-0.38932
-0.54389
-0.56804
-0.01852
-0.45875
-0.55268
-0.15518
-0.30188
-0.37320
0.06841
0.55428
-0.08556
0.01531
-0.81353
-0.53368
-0.17047
-0.63871
-0.10920
-0.06076
-0.10328
-0.24195
0.16184
-0.12496
-0.04383
-0.04038
-0.05505
-0.46577
-0.42533
-0.26886
-0.48920
-0.11241
-0.36184
-0.70689
-0.56508
-0.25323
-0.70358
-0.40822
-0.74563
0.06588
-0.22109
-0.24869
0.12316
-0.27406
-0.27114
0.07867
0.18215
-0.01705
0.11896
-0.19207
-0.20556
0.13080
-0.25488
0.01698
-0.43441
0.54013
-0.32935
-0.16306
-0.45138
-0.54298
-0.43301
-0.05270
-0.38228
-0.12295
-0.34233
0.11558
-0.24114
-0.38858
-0.55566
-0.46884
-0.31786
-0.51993
-0.13543
-0.22665
0.15646
0.02522
0.12621
-0.61518
-0.40002
-0.44950
-0.54259
0.03643
-0.37777
-0.00909
-0.32766
-0.32621
0.24383
-0.42037
