-0.67334
-1.11066
-1.03700
-0.73212
-1.04572
-0.99137
-1.04367
-1.09153
-1.22632
-0.82980
-0.85020
-1.07453
-0.99945
-0.97612
-1.14351
-1.36824
-1.10620
-0.97681
-1.12590
-0.79498
-0.96285
-1.07277
-0.97454
-0.89526
-0.65886
-1.05408
-0.95678
-0.92137
-0.90096
-1.03643
-1.16928
-0.89796
-1.00973
-1.03436
-0.97703
-0.73861
-0.81257
-1.18954
-0.92041
-0.86673
-0.99235
-1.01838
-0.86548
-0.87753
-1.03611
-0.96088
-1.24041
-1.07412
-0.68510
-0.55982
-0.74541
-0.88628
-0.77709
-1.23461
-1.07069
-1.24640
-0.74927
-1.16389
-0.93263
-0.86856
-1.10831
-1.02390
-0.98353
-1.05443
-0.95028
-0.93029
-1.61224
-0.95187
-0.90738
-0.87208
-1.04672
-1.63041
-1.12737
-0.93238
-1.00000
-0.80034
-0.97556
-0.55967
-0.60198
-1.06645
-0.92674
-1.14930
-0.88558
-1.11952
-0.87653
-0.75462
-0.86445
-1.02309
-0.97382
-0.89150
-0.71275
-0.89774
-0.94793
-1.00109
-0.96619
-0.97055
-0.79948
-0.88790
-1.14572
-1.18317
-1.05750
-1.04643
-1.04152
-0.92628
-0.88732
-0.84670
-0.90000
-1.21934
-1.06131
-0.90180
-0.78498
-1.01977
-1.04051
-1.05312
-0.82204
-0.74356
-0.68858
-0.99729
-0.79704
-0.94060
-0.82086
-1.31614
-0.97032
-0.84724
-1.04757
-1.02739
-0.83255
-0.82777
-0.70178
-0.90072
-1.05959
-0.81978
-0.72607
-0.82028
-0.86364
-0.92726
-1.14378
-0.72769
-1.32277
-1.19148
-1.40574
-0.94013
-1.04432
-1.09725
-0.98672
-0.97883
-1.04490
-0.94318
-0.85601
-1.00717
-1.22109
-0.96415
-0.59813
-1.29534
-1.01735
-1.04829
-0.53121
-0.95789
-1.06922
-0.72731
-0.85164
-0.82210
-0.68044
-1.03403
-0.89480
-0.70061
-0.78593
-0.92108
-0.89286
-0.73349
-0.82070
-1.20865
-1.18280
-1.06775
-0.83866
-0.93343
-1.14151
-0.66324
-1.22121
-0.74318
-1.16658
-1.02127
-0.67953
-1.44053
-0.83355
-1.01261
-0.95045
-1.14354
-1.04683
-0.95819
-0.90300
-0.99262
-1.35414
-1.13406
-1.01439
-0.95422
-1.23874
-0.95967
-1.18054
-1.01267
-0.67407
-1.38276
-1.06650
-1.01035
-1.08482
-1.03646
-0.76620
-0.90655
-0.77662
-1.09293
-0.76818
-0.67477
-1.29457
-1.08967
-1.12583
-0.90223
-1.05061
-1.21259
-1.03211
-0.74780
-0.85079
-0.81125
-0.87328
-1.03313
-0.92121
-1.41937
-1.33485
-0.83413
-0.91273
-0.84364
-1.08048
-1.13255
-1.12565
-0.93961
-0.98621
-1.03636
-0.91800
-0.92113
-1.03212
-1.44245
-0.95155
-1.08249
-0.86984
-1.09580
-0.95702
-0.98264
-1.14020
-0.88810
-1.52147
-0.91963
-0.79259
-0.85390
-1.12385
-1.01714
-1.39875
-0.69128
-1.23940
-0.75613
-0.86122
-0.92157
-0.69830
-0.85371
-0.74124
-1.09413
-1.33184
-1.29564
-0.77485
-0.88990
-1.07660
-0.84193
-0.73432
-0.91290
-0.94628
-0.75061
-0.78302
-1.07367
-0.89930
-1.03916
-1.07537
-1.16444
-0.82468
-1.11911
-0.89664
-0.84786
-0.84427
-1.08930
-1.32956
-1.02678
-1.06244
-1.44879
-0.86801
-1.01493
-0.55754
-0.79642
-0.80170
-1.11966
-0.86469
-0.94104
-1.07945
-0.99691
-0.85934
-0.83621
-1.02592
-1.23434
-1.18015
-0.59057
-0.99392
-1.05246
-1.13560
-0.72149
-0.76342
-0.97095
-0.87473
-0.94881
-1.04896
-0.93073
-1.04495
-0.80566
-1.13094
-1.29334
-1.26600
-0.88586
-0.98615
-1.08668
-0.99296
-0.77049
-1.29335
-0.63720
-0.72260
-1.19001
-1.11871
-0.75338
-1.06714
-0.96629
-0.92071
-1.16000
-1.25058
-1.02996
-1.01195
-1.10428
-0.90139
-1.29742
-0.76453
-1.13974
-0.91373
-1.00087
-0.59758
-1.58612
-0.93653
-0.96696
-1.10776
-1.03275
-1.35169
-1.05336
-1.05431
-1.30364
-0.92051
-0.87729
-0.82479
-0.96464
-0.70544
-1.13660
-0.67265
-0.73743
-0.74334
-0.80183
-1.02813
-0.94074
-0.61588
-1.11054
-1.38843
-0.72941
-0.95048
-0.96996
-1.29847
-0.78262
-1.07644
-0.98309
-0.80020
-0.68769
-1.13410
-0.97100
-0.73998
-0.71590
-1.75110
-1.07278
-0.84620
-1.04244
-0.72449
-1.09710
-0.95365
-0.83834
-0.93585
-0.88350
-0.92816
-0.78265
-1.04724
-0.90074
-0.87881
-1.16772
-0.89653
-1.18551
-1.03924
-0.97483
-0.93882
-0.73833
-0.76137
-1.27189
-0.74833
-0.91752
-1.16149
-0.85125
-1.07478
-1.14769
-1.03331
-1.22264
-0.55631
-1.14824
-1.01981
-0.86544
-0.89539
-0.93921
-1.20524
-0.62075
-0.88036
-0.86472
-0.39932
-0.87739
-0.82800
-1.20872
-0.80555
-1.02674
-1.29541
-0.80067
-0.93677
-1.04603
-0.94671
-1.24968
-0.91923
-0.50661
-1.17878
-0.98459
-0.70899
-0.95767
-0.83534
-0.90840
-0.73820
-0.78579
-1.06916
-0.85229
-0.97066
-0.87691
-0.84998
-0.91944
-1.05339
-1.10485
-1.08153
-0.71528
-0.94236
-1.23861
-0.87887
-0.93780
-0.65477
-0.52571
-1.03131
-1.00696
-1.12499
-1.11142
-1.13429
-1.06652
-0.99044
-0.76061
-1.13341
-0.68349
-0.69567
-1.07880
-1.20830
-0.70956
-0.99326
-0.95873
-0.78373
-1.13313
-1.09658
-0.98218
-0.84771
-1.10930
-0.94255
-0.65959
-0.93579
-1.29744
-0.67631
-1.19708
-0.78848
-0.89027
-1.16601
-0.99777
-0.88133
-1.17161
-0.99511
-1.07449
-0.85972
-1.01376
-0.97212
-0.94807
-1.01098
-1.40667
-0.78292
-0.98502
-1.27813
-0.92999
-1.02970
-1.17771
-0.96377
-1.05512
-0.87849
-1.04150
-0.73675
-1.04460
-1.19412
-1.03056
-0.94171
-0.83390
-1.00108
-1.15204
-0.94360
-0.73177
-0.92489
-0.89925
-0.85171
-0.81916
-1.04986
-1.13176
-1.06265
-0.91827
-0.96322
-1.03747
-1.31903
-0.99438
-0.92635
-1.25001
-0.98113
-0.64227
-0.91809
-1.06219
-0.92497
-0.74960
-0.96766
-0.61961
-1.11960
-0.88729
-0.79469
-0.76750
-1.12340
-1.01762
-1.05736
-0.87968
-0.84406
-1.38820
-1.17233
-0.74058
-0.95844
-1.19399
-0.84703
-0.86064
-0.88092
-1.30301
-1.03652
-1.00486
-0.54462
-0.89772
-1.50298
-0.94693
-1.14181
-0.96416
-1.12877
-1.07936
-0.97731
-0.98840
-0.94563
-0.84077
-0.85710
-0.98087
-0.63473
-0.95823
-1.11280
-0.93203
-0.90177
-1.14142
-1.04179
-0.97595
-1.23170
-0.62740
-0.80651
-1.25384
-0.95587
-0.70331
-1.32455
-0.87384
-1.14239
-0.79033
-0.78302
-0.77808
-0.82617
-1.07114
-1.25324
-1.08199
-0.74802
-0.93380
-0.94955
-1.15808
-1.10628
-0.66220
-1.16176
-1.09817
-1.57976
-0.85171
-1.02332
-1.05399
-0.98005
-0.87678
-0.81457
-0.80886
-1.01200
-0.93985
-0.81238
-1.01656
-0.74393
-0.80410
-0.97240
-0.73678
-0.84854
-0.93646
-1.11223
-1.01170
-0.94015
-0.81867
-1.21529
-0.71696
-0.90321
-0.88979
-0.82582
-1.05662
-0.78155
-1.08640
-0.74245
-0.65287
-0.98277
-0.99366
-0.95365
-0.98623
-0.82402
-1.06903
-0.99493
-1.12154
-0.84959
-1.10627
-0.95131
-1.17398
-1.10048
-1.04188
-1.09263
-0.97457
-0.70876
-1.01320
-1.42818
-0.89184
-1.35744
-1.15128
-1.40848
-0.88754
-1.03288
-0.82207
-0.82684
-1.13491
-1.18882
-0.86215
-1.14218
-0.86180
-1.23304
-0.88245
-1.39306
-0.63988
-0.83314
-1.20312
-0.74719
-1.09911
-1.13750
-0.77484
-1.21060
-0.80330
-1.08086
-1.26280
-0.97692
-1.24909
-0.99539
-1.20200
-1.17425
-0.62258
-1.02607
-1.11669
-0.89654
-0.69831
-1.05570
-0.90749
-0.97963
-0.92295
-0.61910
-1.23554
-1.08201
-0.83653
-0.97340
-0.75255
-0.70960
-1.17735
-1.01110
-0.83276
-0.93323
-0.71581
-0.85003
-0.85150
-1.10280
-0.84355
-1.02218
-1.42272
-0.77783
-1.23514
-0.83617
-1.35199
-1.28630
-1.15669
-0.86402
-0.88948
-1.14591
-0.58344
-0.69313
-1.47445
-0.73641
-0.82162
-1.42334
-0.69585
-1.45810
-0.96948
-0.89833
-0.79656
-1.51809
-1.20203
-0.91912
-1.10618
-1.11127
-1.28716
-0.80449
-1.05901
-1.08430
-0.95608
-1.34892
-1.03460
-0.95645
-0.98697
-0.99422
-1.29503
-1.25552
-0.92193
-0.49616
-1.03704
-0.71418
-1.05615
-0.72594
-0.84699
-1.26769
-1.06502
-0.94185
-0.54992
-0.95443
-0.95900
-1.19697
-0.86949
-0.91153
-0.79861
-0.43080
-0.93465
-0.74505
-0.99491
-0.80746
-0.98435
-1.35095
-1.06913
-0.92423
-1.08932
-0.68701
-0.98162
-0.93532
-0.88414
-0.85252
-0.82266
-0.89966
-1.33252
-0.76480
-0.76260
-1.32998
-1.18940
-1.22057
-0.91024
-0.90101
-0.90113
-0.88214
-0.74406
-1.07985
-0.99643
-0.98654
-0.96872
-0.96528
-1.12504
-0.96856
-1.03860
-1.13731
-1.13474
-0.65103
-1.36404
-1.05711
-0.93258
-0.70992
-0.95232
-1.11233
-1.16926
-0.71240
-0.98852
-0.92939
-0.81986
-0.97550
-0.63823
-1.15166
-1.27469
-0.86232
-1.22731
-1.08422
-1.00578
-1.34493
-0.91643
-1.14107
-1.00964
-1.00609
-1.06638
-0.93219
-0.90791
-1.12251
-1.10094
-1.17632
-0.97477
-1.02575
-0.99510
-0.70652
-1.04058
-0.97030
-0.86082
-1.24202
-1.07411
-1.05597
-0.63443
-1.15573
-0.80345
-0.90864
-0.60578
-0.53689
-1.15117
-1.21484
-0.69543
-0.55306
-0.95753
-1.04125
-1.20599
-0.93445
-0.96894
-0.61605
-1.01338
-0.95811
-1.21486
-0.91927
-0.82921
-1.23595
-0.96491
-0.75709
-0.80628
-0.92084
-0.92673
-0.96508
-0.66191
-0.96973
-0.86488
-1.10527
-0.94495
-0.99257
-0.97819
-0.99468
-1.01787
-0.74599
-1.04775
-0.74808
-0.85506
-0.95471
-0.68664
-0.73180
-1.20136
-0.62515
-1.06572
-0.93652
-0.95590
-1.05517
-0.90295
-1.01074
-0.93708
-1.03038
-1.19044
-0.79349
-1.02745
-1.14448
-1.28129
-0.76301
-1.06413
-1.17294
-0.75976
-1.01506
-1.10062
-0.77086
-0.40322
-0.85191
-0.83641
-1.28172
-1.11904
-0.91964
-1.31452
-0.90277
-0.82125
-0.78664
-0.98220
-0.69795
-0.84505
-0.86197
-0.80472
-0.79033
-1.16595
-1.00745
-1.02310
-1.15953
-0.70809
-1.09783
-1.17800
-1.02494
-0.99905
-1.36493
-0.87463
-1.42943
-0.73473
-0.85871
-0.91795
-0.79976
-0.87617
-0.98737
-0.72510
-0.58060
-0.74359
-0.86869
-0.90509
-1.09077
-0.71787
-0.96981
-0.74154
-1.20291
-0.47358
-1.07440
-0.86448
-1.23479
-1.27881
-0.99593
-0.94766
-0.97496
-0.83407
-1.12706
-0.80318
-0.94670
-1.09281
-1.15195
-1.11371
-1.08745
-1.20836
-1.04604
-1.03212
-0.80000
-0.83535
-0.81543
-1.36185
-1.16400
-1.13731
-1.32024
-0.77434
-1.07498
-0.78068
-1.07421
-1.17874
-0.71656
-1.09332
