-3.783548330639622843e-19
-1.748608590732484419e-11
7.199516057740936658e-13
4.362159318524035876e-18
-1.365662907278824588e-12
-1.304785127129923333e-13
-4.686915888821155097e-13
-7.997521897920465437e-12
-1.527455359856121886e-09
-2.966580111485116993e-16
-2.591165001888493042e-16
2.722720871829452189e-13
-2.343696624591829454e-13
-4.684518294322687966e-14
-6.230046627229311533e-11
-1.012117261961071379e-07
-3.926586555219813558e-12
-9.834932434843323591e-14
-3.143557892716850872e-11
4.998846297765584067e-15
-1.605117351754580188e-14
-3.758761158228006637e-12
-8.996647604742319770e-14
-1.439176228010078385e-15
-4.376788159439338006e-19
-1.240316044663445946e-12
-4.470292009330494641e-14
-1.036829694641678535e-14
-3.695999096884965256e-15
-6.355916468477080505e-13
-4.895893222434036037e-11
-1.552392151331220108e-15
-3.431578813873627340e-13
2.801788429712045688e-13
-3.227968942820053554e-14
-5.772190999979617262e-18
-3.633901831762294070e-17
-3.693602797068261089e-10
4.819907872677122396e-16
-1.430249380656263378e-16
-9.984766713163263338e-14
-4.908818900913816725e-13
6.577458096194548344e-16
-8.934949380358457489e-16
-3.272051645212341643e-13
-3.756581273144697841e-14
-1.648019555591389930e-09
-1.195428409961493144e-12
4.016057315340889854e-18
-9.022186300651903411e-21
-6.593094494708344526e-18
1.521967451067207352e-13
1.067817965747943114e-17
-3.893571689139248271e-10
-3.312360376835352673e-12
1.399583068586524177e-09
-1.205717017168858265e-17
-1.000914425567098897e-10
-1.621853364247401948e-15
6.091055799673355561e-15
6.667916363733569486e-12
-5.823909153818283161e-13
-8.570115639000313522e-14
8.047622534125925681e-13
-2.944653744685290598e-14
-1.559119158169547640e-14
-4.650447252128365322e-03
-3.691391971879584343e-14
-1.904135205895962469e-15
-9.388446449752309892e-16
2.217804761053137136e-12
-9.425242064723815191e-03
-1.010051701065774453e-11
-1.403587337295476926e-14
-2.414643396122153804e-13
-8.717582920884384727e-17
1.018112140889220480e-13
2.959802198359045270e-19
-1.731210556477941284e-20
-2.138205550259233769e-12
2.045547586250130674e-13
-5.927457442717269900e-11
1.554923558905924019e-14
-2.455489457008183046e-11
-7.478278778497183124e-18
-6.384448742640194479e-18
-4.016809474584563446e-16
-2.036115599352103865e-13
-8.774892539308666542e-14
-3.306751949645828260e-15
7.894110524540763765e-18
-3.441333037548054740e-15
-3.216795816241725769e-14
-1.643625356951062358e-13
-5.392480254579696849e-14
-3.902288824404190048e-14
-6.894803909657190940e-18
-3.152129932905844301e-15
-5.274289195662483859e-11
-2.878147257644690192e-10
-2.131001887641572675e-12
-1.247976112101138878e-12
-4.030643163705986810e-13
5.400218516730525044e-16
-2.868330294309853751e-15
-2.565320059142739399e-17
-1.936225803907423973e-15
-6.789779655433184883e-10
-2.553088770243035838e-12
2.804343082276719197e-15
-2.070493214844774467e-17
-3.463701861394324617e-13
-3.149864775324922441e-13
-1.168548960145835203e-12
5.698139548797351590e-17
-1.144159405243403966e-17
-1.346953599988106266e-18
-1.322571811960062423e-13
-9.252570914834219719e-17
-2.425712129290823806e-14
1.024800275896042803e-15
-4.937257896304741634e-08
1.386728431204302302e-12
-3.865276251186716249e-16
-3.685179064371770603e-13
-5.302461312049513477e-13
-3.579096425283070382e-16
-1.707578738176842914e-16
2.275281610705857167e-17
-3.233620122613385198e-15
-1.078079064802533421e-12
-2.237839790454561998e-16
2.795615601572130054e-17
-1.360000777978377647e-16
5.620048015769665399e-15
-1.186940576715970838e-14
-5.179567523375388940e-11
-6.389241195787765431e-18
-6.164308230398957440e-08
-9.545897261883674493e-11
-1.580999784155415557e-06
5.715338894421568550e-14
-9.777483681598197761e-13
-7.624177028099935512e-12
6.184978190198315190e-13
6.652851823539034565e-13
-1.072279810413785916e-12
-2.679103030527593896e-14
-1.485024130101028593e-16
-1.445467213230969072e-14
-1.248537462743524795e-09
3.601670847191883809e-12
-1.052873582611213671e-20
-1.603983266852614626e-08
2.149737512277471769e-13
-1.130080654394882224e-12
-2.969837864193695093e-21
6.510466707833699980e-14
1.378149791657457033e-12
1.879422634063259649e-18
4.496982719600833483e-14
-2.369818683027347658e-16
-3.329201814181619499e-20
-7.419018806302340927e-13
-4.117414964412433400e-15
-2.243517545914687536e-18
-6.050843526097701116e-17
4.455258002548236503e-14
4.388370823353314788e-16
4.173270525995848711e-16
2.728055879298174970e-17
5.214860985217728480e-10
-2.745248230389788681e-10
1.489127258928207955e-11
-1.839798167656905689e-16
-4.468854722067996466e-15
-1.773055659817432917e-12
-1.192571029136397379e-19
-2.926809780113249298e-10
-3.965327942241224810e-18
7.109924418037485752e-11
-5.505917339184192948e-13
-2.822699425287694107e-19
-6.083355698202717938e-06
-1.454575223053228384e-16
-2.064231287249245596e-13
-1.435662337692938136e-14
-5.618019387447023258e-11
-1.209692235028618133e-12
-6.101747764333390257e-15
-5.053853678076339016e-15
-6.845494941961864244e-14
-2.148287097636598126e-07
-3.691788893475274589e-11
-4.205191848569209009e-13
-1.432270620192680959e-14
3.460429265460208702e-09
1.390447743453174141e-12
-2.600532878145345077e-10
-3.949980225769457528e-13
1.524988000774435167e-18
-6.491468675324580693e-07
8.309492522888208109e-12
-2.809973116162289323e-13
-2.188083559194490689e-12
-9.874693902798610943e-13
-2.485618338242166862e-17
-5.456788194237783263e-15
-3.966344913473598230e-17
-4.038464394391051699e-12
-2.056506051933193328e-17
2.920294764244416719e-18
9.922497493474687676e-08
-7.217497891682617649e-12
7.071289702423850919e-12
2.289622037926163671e-14
-1.332470664301280553e-12
-2.398211210412483690e-10
2.452971989986093385e-13
-6.811206442981815084e-18
-4.900756050928031454e-16
-1.453854499765647545e-16
-1.008833945704364383e-15
-8.081695216723267198e-13
4.658751623203258615e-14
-6.508942939682568441e-07
1.419262804958011864e-07
-1.354265399659512058e-16
1.285773541113707258e-14
3.160398131021664586e-16
-3.439232921837584868e-12
-4.061830560743082386e-11
-3.121478997479124484e-11
4.843737843732831847e-13
-1.391206801655910126e-13
3.039810335850171953e-13
-8.331218153595801412e-16
-1.141633425073874999e-14
-3.918564297472893631e-13
-2.257065273823118169e-07
2.173282320621829483e-12
-2.864820553947701519e-12
-3.755248024879643583e-16
-8.740984656578956807e-12
4.249072817923921823e-13
2.705917947617275018e-13
-4.263060811359721223e-11
-1.410052221208276260e-15
-1.390596553504948167e-04
-5.489788009874096986e-15
1.372343579692229938e-15
-4.215822980541438918e-16
-2.631974898264733709e-11
-2.963305968835836162e-13
-1.209168315378422500e-06
-1.517196629199807267e-18
-8.373961255181802933e-10
2.891567689046232347e-16
-5.193109592422485901e-16
-8.315158366715221357e-15
-1.762358199946327519e-18
2.224937952327209677e-16
-2.665005478886038576e-18
3.960535185518899094e-11
-9.051205849462358797e-08
-5.468568475067072971e-09
-2.632420933391400279e-17
-3.344568851042831955e-15
-2.078801435718211773e-12
1.501952851535925282e-17
-3.306671808033175837e-19
7.894465114930603868e-15
-1.904735951451618256e-15
6.453016888687676393e-17
3.064323080015121307e-17
2.467505030033291827e-10
5.246901989087906162e-16
-1.059043813990429294e-12
-2.723721169153316887e-12
-1.394375729175707541e-10
-4.329365299197321322e-17
-2.416048227886683204e-11
3.534479221551166522e-16
1.135815261473582298e-17
-4.584144327031144058e-16
-3.797860224169570304e-12
3.740570514754354363e-08
-6.748847709987183382e-13
-7.382884425406487045e-13
-8.377343872509022903e-06
-4.458307603875066697e-16
4.062558711008584543e-12
-2.756975195568445658e-21
3.213129986633089111e-16
-1.875715992548092801e-17
-2.421025933870744166e-12
-8.969076361322171953e-16
-5.916691752566932862e-15
-5.186635034778579989e-12
-1.771637521891548908e-13
-1.038514719749787250e-15
4.439467824614552412e-17
-5.409744212181972821e-13
-1.361303621120327466e-09
-6.995791099769120896e-11
1.370801108592634698e-19
-1.908835797872852116e-13
-1.817165178694521893e-12
-1.120325007976927016e-11
-3.619188344526243973e-18
9.370975131472564890e-18
-4.019735092368271088e-14
-1.899868195154306099e-15
-2.956634761898097329e-14
6.988017367547493698e-12
-3.717547393315404405e-15
6.164362576666550498e-13
-1.047022946538615154e-16
-1.307236980079396359e-11
-1.975519849035313775e-08
7.155492768564152392e-10
-2.285031160182261347e-15
-5.407032145990430714e-14
-2.775997481799850789e-12
-1.498485607917506296e-13
-3.249889553220877356e-18
-2.037870460130096503e-08
-6.793137212344594635e-20
-5.236924112277178335e-18
-1.284235185281935008e-10
3.327509581733159211e-11
-8.406439396515078829e-18
-2.763374724205413524e-12
-4.976213239376693413e-14
3.007971998305179953e-15
-1.175389246064969560e-10
8.551411159071965537e-09
-1.901139367905630858e-13
8.954230334950579166e-13
-3.729884741241017787e-12
-1.762429760095825861e-15
-5.762967556152574823e-09
-2.136562326393074546e-17
-5.357828889550663381e-11
-4.429073985535970318e-15
1.847435204061577227e-13
-8.454073050488746193e-21
-1.695308841858163013e-03
-6.588051247799746244e-15
-6.713624689681993962e-14
-7.755602735111523410e-12
-4.294305557720789698e-13
-6.100659231786469151e-08
-1.902443082239709568e-12
-1.691016730575335386e-12
-3.049186546954665205e-08
5.322328397657849233e-15
1.668097301313879038e-14
-2.278207322674048438e-16
-4.644754643703437546e-14
6.478228917163996094e-19
-7.223802329334573131e-12
-3.781556644763889678e-19
-7.568697465990076387e-18
-1.176071197545986041e-17
4.538192685815026435e-16
3.155542735460027840e-11
-1.888803543584730601e-14
-1.754787353529267154e-20
-1.729393321777063274e-11
-7.819361277191832290e-07
1.572037946825495175e-18
-1.083703290064634566e-14
-7.377385195882881759e-14
-6.809675619256553982e-09
2.169361103092844339e-18
-4.602472517879988473e-12
-9.793678050158118586e-14
2.470665658197788456e-15
2.379347993971766272e-18
-8.232475140780132713e-12
-7.566152379173588030e-14
-3.341593290192676727e-18
-2.628560996480923162e-20
-9.999424211897889325e-01
1.857189847758587159e-11
-3.039536122478059798e-16
4.351216092632494218e-13
1.377820222601098952e-18
-1.001483409842045176e-11
-3.290953544803973305e-14
-3.495518827494833123e-16
-4.369999894187468171e-15
-2.618225967220180667e-15
2.248349436638000214e-14
-4.714972115309156433e-18
-9.585608452497913289e-13
-4.986310707331253810e-15
1.249778311355806595e-13
-4.333246557026534713e-11
-1.271880316176356298e-15
1.101706987223812701e-10
6.430723292032828756e-13
-8.804688507204164311e-14
-1.208633748586209357e-14
4.281560493229088628e-16
-1.601980860168503481e-17
3.735844393780757729e-09
1.893387699578904675e-16
-3.007502150823476583e-15
-6.194856117171152147e-11
3.902450675525158327e-16
-4.330088911359884561e-12
-6.032284713236186175e-11
6.633487053542318128e-13
-1.325525505073826497e-09
-8.018363300364510733e-21
-7.461923865755604433e-11
-2.416419892476874885e-13
-1.284473735608713338e-15
-3.965066605283448942e-15
-2.041417725997351363e-14
-6.761392252714162241e-10
-7.859010838396467002e-20
1.364187057841766496e-13
-9.691084502697436568e-16
1.142442795239710534e-23
-2.011458189674921150e-15
-1.752851835189283812e-16
4.545718378919214781e-08
-9.560184732283900142e-17
-1.469178037061877189e-13
-5.411312874225641163e-09
7.959312931464407334e-17
-1.013059890390177347e-14
-8.582880657098058696e-13
-2.221733710664201512e-14
-1.045194497027865379e-09
-7.820360681766219936e-15
-7.801855494461707101e-22
-2.417821036067996350e-10
-8.503913942696285562e-14
-2.963372803940916421e-18
-5.307780593554053784e-15
-3.740065420632817401e-16
-4.345319261930028973e-15
-2.504371616795296658e-18
1.224304400498871665e-17
-9.379496520537221031e-13
-7.679570977006287152e-16
-7.716900228025457866e-14
-3.208168962164005123e-16
8.926956854568669971e-17
3.381763123686029278e-15
1.907749995131850471e-12
-1.388840275747376792e-11
3.248017089800618407e-14
-3.556591939446261215e-18
-9.110433050372456983e-15
-2.403224470588464723e-09
-1.267913546443930094e-15
-1.738249998491337474e-14
4.170191679933384555e-18
-2.007539101950774211e-21
-6.800176361737916977e-13
5.501724411842869455e-13
1.805458106296928869e-11
-1.648817480238951391e-11
-3.541503156165258224e-12
-2.002510781590064899e-12
-7.457643805769160065e-14
-6.691623968880855275e-18
-1.213299258237126398e-11
4.916266972497093038e-18
-1.239426306311788225e-18
-3.298377262978469420e-12
5.602209181480563780e-11
-3.032402615100603961e-18
7.677925178547722639e-14
3.058257373401439600e-14
3.361956633401692588e-15
-4.159141412104799270e-11
5.999630529313904734e-10
-9.442903331770371918e-14
-4.802204965994978731e-16
-1.598674331213294475e-11
-7.531720757031385367e-15
2.616460046719892085e-18
-9.101991086165151519e-15
-2.401935495828968782e-08
2.115355323041434160e-20
-3.878527097404279167e-10
-6.468679261759128721e-17
2.630429109669830424e-14
-5.071439333399578369e-11
1.034837633373015014e-13
-1.448238777823763962e-15
-6.312198736685252160e-11
-1.012093391040543168e-13
-4.295022650506199723e-12
-2.424845434016232156e-16
-1.784468975261286062e-13
-7.530263571733606446e-14
1.380878057211269436e-14
3.804500606089164557e-14
-1.583018474758575199e-06
-1.545323969711512023e-18
-1.142543743624604860e-14
-1.096697556739811085e-08
2.343636260173986506e-14
-2.579951441947667304e-13
-2.302329455530134887e-10
-3.607439319258474128e-14
-6.712620897871712592e-13
-6.756459801138090396e-16
7.017442529920133815e-11
-4.035205032271921934e-18
-4.571912663962561726e-13
1.933761271463611950e-09
-7.566584509374646725e-13
-2.531198545970993325e-14
-1.984059733540899536e-16
1.217281772140431911e-11
-8.590320525224201079e-11
3.670164697641867962e-14
2.927418606170729934e-17
-3.651083709103050439e-15
1.130420172771621360e-14
-4.920483002193700779e-16
-1.623391782433541735e-16
-5.122207946107985234e-13
-1.956250927114699271e-11
1.131923574046618941e-12
8.302107019953004812e-17
-5.436736699424885719e-14
-2.512874044097624961e-13
-1.893277928175168992e-08
-1.810556078088698786e-13
-3.862336750898788037e-15
-1.899992199864248960e-09
-6.617703642845871140e-14
-1.092629772986844855e-20
-5.135919464525547043e-16
-2.424383863832541139e-12
7.588864493281591945e-15
1.896384544869143526e-17
2.261977937875229128e-14
9.160468866229156559e-20
-6.032608793159475024e-12
-8.210053289368660182e-16
-9.680414506097803483e-18
7.333633834700994364e-17
7.380696508978996519e-11
-1.312332727612702654e-13
-5.417142865212646644e-13
-1.267307065794145695e-15
-5.626647990680223515e-16
-6.259346816300509860e-07
-1.724741662502109563e-10
2.316365034157147951e-18
-1.991203219282721659e-14
1.177790497492237444e-10
-6.387665799385724353e-16
-8.060043315043734163e-16
-5.190306770790459250e-16
-2.932990862947484329e-08
5.941152490353190902e-11
-2.931182885953614256e-14
2.682247773309887404e-21
-4.286324547112910856e-15
-4.303996859360330546e-05
-2.385402341468721942e-14
2.666610246511415950e-10
-1.657264470520777193e-14
-1.199814692388126525e-11
-1.656669282715638875e-12
2.904613799771790847e-14
-6.002125575798584935e-14
-2.944377768069278415e-14
-5.102600964138130953e-16
5.542880897510382443e-14
2.242700394748896448e-14
-1.010480452535266573e-19
-4.739862338689130944e-14
-4.666763670423200280e-12
-9.176181249878685535e-15
-3.636715364399433786e-16
-5.663800446959614230e-11
4.407470029818993209e-13
-2.325064401842962361e-14
-1.886748709285608944e-09
4.616546037226460715e-21
-6.633698500797614519e-17
-1.207082841115340940e-09
1.060827692736523148e-13
1.417954038108550435e-16
4.096871434790668025e-06
-1.830222885097040404e-15
-2.490888106296879269e-11
-6.140546851241168440e-17
1.178462805250034017e-17
-1.115717411692592924e-17
8.817981593705916353e-16
-1.045635956613144167e-13
1.823558238312532396e-09
-1.551227887984841977e-12
-8.777771169651788323e-18
-5.141773825650560207e-15
-1.903109865946649001e-14
-7.115476268670565091e-11
-1.290296752952906759e-11
1.073017493198200263e-18
-3.181879995232709823e-11
4.906236219126550086e-12
-1.326670427024910070e-03
1.357330465198601525e-16
-2.026127936855264908e-13
1.051459216433239566e-12
-3.213173668712876637e-14
-5.543995439268954307e-16
3.192129847015557823e-17
-1.422723103153795352e-16
2.220304143921133248e-13
3.442506063836659488e-14
2.545788426520101423e-16
-4.406329193628883073e-13
8.088492482383305740e-18
-8.755931869375308226e-17
3.605312802924642340e-15
-1.438035544029420382e-19
-3.931021505770336826e-16
-1.493117421284085303e-14
8.437243473665456860e-12
-4.686320003383093094e-14
-1.703718478258060503e-14
-1.466889553646428568e-16
5.284242680310581805e-10
-1.706467747000755345e-18
-6.847687515754967399e-16
7.931369902916351078e-15
2.623533876254759639e-16
-2.154901141528834758e-12
1.201415964327947743e-16
-6.810628447927365229e-12
-9.750082063063387878e-18
-3.539991525946925111e-19
-6.385456758046459668e-14
-1.864224691572899342e-13
-3.087454384704428281e-14
3.097829257635162215e-13
-2.478416086898326976e-16
-2.614125389949955951e-12
-1.978762946968838982e-13
-1.479370048464343247e-11
-7.131692652192416471e-16
-1.435396692451203363e-11
-3.304673734182402857e-14
-6.633347140279543030e-11
-1.168300253564117698e-11
-3.433001739776430941e-13
-8.209117116069234675e-12
-6.969794812727775857e-14
-2.928768176882366509e-18
-1.336512795394671816e-13
-3.761009164459512692e-06
1.806663804594629783e-15
-2.437317347698544976e-07
5.522614425300081903e-11
-1.755446169316020832e-06
-5.236397415417704145e-18
-7.537391688836312724e-13
-2.286878455556498257e-16
1.614695455351662534e-14
-4.214164474480151606e-11
-3.558554540514568111e-10
1.120713862584981931e-15
-1.613159424067779522e-11
-1.149131627078111371e-15
2.765466290058890070e-09
-2.428051423905839099e-15
-2.643246008238196232e-07
-2.168628230324306764e-20
-3.091203231035601637e-16
-6.236830388586708301e-10
-5.881137154563695665e-18
-6.384666393419181710e-12
-4.918856639743659943e-11
-4.336416392940997886e-18
-8.321849202524916206e-10
4.989716897538602040e-16
-1.528425357625637029e-12
-6.282066189033206381e-09
-9.082005731590768677e-14
-3.029551977391553227e-09
-5.552953525980853036e-14
-5.966778390625092127e-10
1.223552392033606822e-08
2.879784831610969475e-20
-6.344126752580637400e-13
-7.544237965965068277e-12
5.385251951461043106e-15
2.657345613631677326e-18
-1.483030576353938477e-12
-2.309979827137668445e-15
-3.501984551980185204e-14
-8.522886419513402773e-15
4.533602999202095286e-18
-1.146839303639877928e-09
-5.708967758073216510e-12
3.931473634632009725e-17
-4.945370083047230480e-14
6.742660196868568765e-18
-2.724738851337858615e-18
9.348471702698133811e-11
-1.087303941000033284e-13
-1.360503302168724584e-16
-1.644585904974989120e-14
2.043161830261913080e-17
-1.539738278602680831e-16
4.070028227778869444e-16
-1.281579155528511012e-11
-1.779412865860460961e-16
-2.843868317999662585e-13
-3.045213219863252642e-06
6.800098910806238719e-16
-2.154732669756881863e-09
-4.070713760373609897e-16
-6.831827164373835007e-08
-1.544572380859416778e-08
-1.031893699810262274e-10
-6.368546360592146192e-16
1.272275002460777787e-15
-1.865076337769465426e-11
-5.080952900884041657e-21
2.416065130339964085e-20
-1.120815351157579789e-05
-3.976456196450660230e-20
-1.126913454204192951e-16
1.871534994714851288e-04
-5.319758221115397236e-19
-8.646964901912998196e-06
-6.104000846480709069e-14
2.607514773804341215e-13
-5.573701396515931197e-17
-4.170274337099033493e-05
-5.975986083642978970e-10
-6.448871146173855002e-15
-1.470572669745604672e-11
4.069107923370592315e-11
-5.030103061340220170e-09
-1.055904193753721741e-16
-8.126933888549599915e-13
-4.898675350579545058e-12
-4.351950948787856874e-14
-1.748482585075767260e-07
-9.146846157531609275e-13
-4.470101711945363621e-14
2.816133464983515698e-13
-1.860408760961762825e-13
-5.951763097377737252e-09
-4.573527752531550831e-09
-4.033941607870083382e-15
6.691195670774037760e-21
-2.884847426568527099e-13
-1.662911263500926185e-18
-8.971184117052609937e-13
-5.854548372882100297e-18
-5.777034977597717592e-16
-2.870517706799283415e-09
-3.741916400513934943e-13
-1.659533724214758555e-14
-3.721266243484023264e-21
-2.085861845964004119e-14
-3.748334726904344627e-14
2.165147818600210559e-09
-3.744976532307869868e-16
-7.848926923779457925e-15
-9.894738438318957245e-17
-5.127538406493105372e-23
-1.862068580875697138e-14
-1.134645405224159063e-17
-7.287044739893514933e-14
-1.324383141026024554e-16
-9.297885047166160502e-14
-1.893746469465419011e-07
-2.111194807423115291e-13
6.387711657181280239e-17
-7.662668584208341882e-12
9.316749809552457696e-22
-1.070589934237978493e-13
-5.615189343136708725e-15
-2.615852367515726399e-15
5.232448936671198918e-15
-1.745942674725439810e-16
-1.197247089381317504e-15
-7.648094232387978599e-08
8.981432866473520347e-16
2.329222711935805374e-18
-2.060864772023445705e-08
1.658072615428704354e-09
-3.263938117018099713e-10
-7.374381831045877506e-15
5.069872121826124738e-15
2.844949558872755115e-13
1.097563976828518939e-15
9.604183417943831546e-19
-4.133790900652866448e-12
-1.324387746506124840e-13
-5.463769448970883277e-14
3.375327261920513964e-14
6.965069735249696804e-15
-2.900420935831381633e-11
-7.045083573707933079e-14
-1.075163290705077198e-12
-1.228221067028282082e-11
-1.955778182499806749e-11
-1.919134889453507848e-19
-3.147119291050939716e-07
-1.911781132011808510e-12
-1.598302513948104922e-14
-1.565806477925716364e-18
3.813601582153688874e-15
-1.858250940776522889e-11
-1.675730444038231342e-10
3.420291645620942871e-17
-3.998012971594371424e-14
-1.478873221429505930e-14
3.198774222659374297e-17
-3.892308282382213530e-14
6.800834504947876491e-20
-8.534607233503887212e-11
-9.956693409218953696e-09
-8.713411987785123477e-16
-3.950428817737999230e-10
-2.000873762671714583e-12
6.527795061461780178e-13
-1.504357535688356052e-07
-4.651960246906453479e-15
-5.658060515298707399e-11
-2.130506393305027837e-13
2.759216983245828116e-14
-6.321486749546410077e-13
-4.311459855523701166e-15
-5.528283226471697507e-16
-2.597955670227111781e-11
-3.568773654604451237e-12
-1.011046832095169173e-11
-3.870983299518641650e-15
-4.394367016342238978e-13
2.776397779123288954e-13
2.500533428384226185e-18
-7.339018158422242437e-13
-5.913143031100417501e-14
-7.975673993169604817e-16
-2.808697450290457072e-09
-1.239343403509660082e-12
9.449192644578791110e-13
-1.399755882511431780e-19
-6.499721411175959967e-11
-7.181399626214045612e-17
4.360921373249933400e-16
-4.581952568151755712e-20
-3.000342429591902029e-21
-6.524998131170770089e-11
-9.799292302339091295e-10
6.521940108331349617e-18
6.717457562151646478e-22
-4.052333518420569159e-14
-1.006985802344133660e-12
3.572779583836373242e-10
-6.194133148570349510e-15
-4.999742278075679696e-14
-6.492585158683042372e-20
1.076183444336969017e-13
-4.721927776425120021e-14
-3.388889003448336228e-10
1.436894005720530989e-14
-9.859888379592533089e-17
9.544854258514888335e-10
-1.775155895684321241e-14
4.825096468582823293e-18
5.533443705151538049e-17
-2.288789574263677961e-15
-5.408959226847142638e-15
-1.546414614203030013e-14
1.546597588939039525e-17
3.433088783477304331e-13
2.846995362347258347e-15
1.419754192290300611e-10
-2.865931790706618135e-14
-4.929882188218775693e-14
-7.585658088264346812e-14
-7.321579723323169525e-14
-3.701783755332948771e-13
-6.452688703585396543e-18
-6.570065750937945129e-13
-3.697202753381663029e-18
-8.445999878168765118e-16
-4.186721900316747664e-14
4.548424490305895356e-19
3.298601034771146529e-16
-5.826332696744125822e-10
-7.177217765385637287e-20
1.140027418419362686e-12
-1.026846166728702936e-14
-3.540583749421095284e-14
-1.976985171738480242e-12
-2.514482740229081349e-15
-8.102725098032644563e-14
-2.104949325520524879e-14
-1.414451182603321020e-13
-2.969906716551516083e-10
-2.809525912323930058e-17
-5.242127453695716902e-13
-6.437074727740869721e-11
-1.206691778323875163e-08
-7.424630608508732229e-18
-8.440067856681484728e-13
9.383734938305115716e-11
-1.471794544745642433e-17
-4.178036099329858907e-13
-3.219946109541498879e-12
4.343741120260024555e-17
5.257916099258311924e-22
-7.562506231159959400e-16
2.048313518894341257e-14
-1.304877576196175336e-08
-9.623233207226692715e-12
-3.533813441799212159e-15
-4.482058665032169672e-08
-5.541614614307185760e-15
-1.831684397688742429e-16
2.894174961995119862e-19
-2.939355172233086253e-14
-1.703679874564786716e-19
-2.466598092695497911e-16
5.646863207253838550e-15
-3.464523089600091377e-17
-5.344324177340348011e-17
-1.483077419035086108e-10
-3.213930873580207101e-13
-3.747652831124973457e-13
-4.113100056038705745e-11
1.778548598316159471e-16
-9.357013056993098065e-12
-1.803153821640054754e-10
-6.323383417578983284e-13
-5.765852203901960211e-14
-2.674863481240705892e-07
-6.023236402412785598e-16
-3.947213202660315877e-06
4.419939716746350585e-17
5.021825885300866724e-14
-3.135953305945172908e-16
1.240149293464833611e-17
3.472506002530674291e-16
6.533229383547299996e-14
-5.821470391215692082e-18
-1.545252646542113996e-20
-6.678084535499656496e-18
-6.496350493451470827e-16
-5.928977855684814043e-15
-7.977958533272346966e-12
4.256401722487430622e-17
1.520542697872969320e-12
-1.067082780788780441e-17
-1.688034971060608111e-10
-2.051023905505505965e-22
-3.990496703014556066e-12
-1.200140669033682951e-15
-2.051712099821437750e-09
-9.580462245011071599e-09
-6.450548957806515985e-14
-1.206545094300726032e-14
-1.916490221435783416e-16
-2.904325755306921695e-16
-2.193707786668272928e-11
-1.073171940312504820e-16
-2.875629360314853345e-14
-8.743203089765285715e-12
-8.491570158358289738e-11
-1.963487246165057813e-11
-4.042955269897359151e-12
4.575909290707861910e-08
-1.047514515753513624e-12
-5.269742364455954862e-13
2.273156045315487881e-18
-1.407531184311477469e-16
-1.802229764209561712e-16
-2.795372786990886900e-07
8.052051493831073713e-09
-4.550299129885389856e-11
-5.798736608721963695e-08
1.860621707940827081e-18
-1.170581585930337903e-12
1.823917602001375913e-15
8.020197272971043832e-13
-2.403612481144528269e-10
-3.289904822263554794e-18
-4.779785862182512700e-12
