-1.291543119275516711e-16
-1.188522776623561571e-09
-3.930753470041527023e-11
-3.011909028835295826e-16
-2.274944149045539849e-11
-1.057036318212134413e-11
-5.142042263707939222e-11
-1.362907266730160611e-10
-1.185929715819090507e-09
-1.444878757648122429e-14
-2.887958992793571074e-14
-1.326016395754918689e-10
-2.914349769856183286e-13
-1.338337377983003554e-12
-4.144032645121666175e-09
-1.630512779769015217e-05
-6.062924268018629653e-10
-3.819002693034248779e-12
-7.534720660063292247e-11
-3.657239038683347385e-15
-2.445198650948030720e-12
-1.841834472383096070e-11
4.942719667605349651e-14
-1.711106692794454705e-13
-3.001404326353976358e-17
-1.097774446797935248e-10
-1.555885222251867926e-12
-8.867815052662942831e-14
-1.064875639915132506e-13
-4.912233734726318991e-11
-7.209488442576691357e-09
-1.913952615347770230e-13
-2.731383724502016016e-12
-5.902034626336699120e-12
-4.023456220555652419e-12
-1.506196790438926237e-16
-1.342336032618959870e-14
-2.389678307950682617e-08
-5.194327685606345298e-13
-2.408645527228335215e-14
-4.549723575602494617e-12
-3.466832865392941123e-13
-5.160524545308099071e-14
-7.360035604780053651e-14
-4.000324312584992291e-11
-7.122508750893617792e-13
-1.536245531282747959e-07
-1.809491636613811454e-10
-2.839602830793270555e-17
-3.135613850602602060e-19
-3.024364527727692054e-16
-1.192519555918643683e-13
-1.973703491860345693e-15
-4.079537522875476629e-08
-5.104233414780101530e-11
-1.325463265621689040e-07
-1.972449132062475498e-16
-3.188526724527814019e-09
-9.390279468706401509e-13
-3.818120014560060599e-14
-6.250075229903710427e-10
-5.398952324496384999e-12
-2.647227951487939037e-12
-7.811947561358298273e-11
-5.753205954852576671e-13
-6.518110895186788987e-13
-2.391801652882476203e-03
-2.124993924239119509e-12
-1.589351622841057962e-13
-2.756607632714554223e-14
-5.549807778145716741e-11
-6.419482753028694644e-01
-1.421266830264359621e-09
-9.148970368503875349e-13
-1.566078556196805321e-11
-2.212239068845475245e-15
-1.848793044727438477e-12
-3.327411314364634792e-19
-1.962632631014813954e-18
-1.750082115793303204e-11
-3.538897547463668751e-13
-1.134060030560762942e-09
-5.658431128557363401e-14
-1.367994293608579222e-11
-9.321637287021629699e-14
-4.530215406402195249e-16
-5.563277253838948179e-14
-2.367228195133697721e-11
-5.858313160346770220e-12
-1.431481711645201435e-13
-1.351553025168789057e-16
-2.771393527178254918e-13
-2.358490889316360073e-13
-1.106337810723241024e-11
-4.979016104065291094e-13
-1.312409585963851349e-11
-5.072244404101783800e-15
-1.175306576787114433e-13
-9.867455172803190971e-10
-4.531333145819624064e-11
-1.448743987539562894e-10
-2.977902570997616667e-12
-4.760528850161628683e-11
-1.760759665385296418e-13
-2.061350638918277306e-13
-1.277300661474203566e-14
-1.902588672468003948e-13
-1.871482759716207613e-08
-1.050364991243406701e-12
-2.507250674932214538e-13
-1.787736999689634001e-15
-8.577740587103225630e-12
-5.090122446143225728e-11
-4.512257942551675548e-11
-1.554036755582813491e-15
-7.572442415773278536e-16
-2.778580875718749088e-17
-1.277482109591056699e-11
-2.974234129185097277e-16
-3.762701600088278636e-13
-5.631849868736224536e-15
-4.291194429598019454e-07
-2.913109533347939884e-12
-9.295958949535596680e-15
-6.960423764880593181e-11
-1.122494273397510674e-12
-2.058898428745171299e-14
-8.597952019050775156e-15
-9.120610579598672837e-17
-2.260482987852774290e-13
-1.067642285216845104e-10
-2.425695029898792361e-15
-1.292004696290549209e-16
-9.339501651425412592e-15
-2.957924843231637001e-14
-1.897121385863149358e-13
-8.042522477045236344e-10
-5.742374793349339755e-17
-3.807103922523413505e-07
-6.738324967404090893e-09
-1.161427925475028764e-05
-5.064984460526638514e-13
-3.831725722715269782e-11
-6.322911121910988490e-10
-3.595407377898055169e-12
-3.922989029983115614e-12
-3.186385706186069361e-13
-1.205996787576616871e-12
-2.117200522106556958e-14
-1.354318840845934475e-11
-9.415209037769829316e-10
-2.575437638282197042e-12
-1.059278743189501678e-18
-1.340492004494183292e-06
-1.834852093611649154e-11
-1.909255867206580622e-11
-8.295978074316949613e-20
-1.655080366501509295e-12
-1.402237253357657226e-10
-2.603626938370057989e-16
-3.275440422925623979e-14
-1.364102540513475830e-15
-4.468945984889002395e-17
-1.049890475903634915e-11
-2.937179976701402399e-14
-1.447447857261892959e-16
-2.805120594713353195e-15
-2.676439303422313325e-13
-1.312432660663400056e-13
-3.260989050836321377e-16
-9.986022747658793365e-15
-3.558206040576842009e-08
-4.577658265830995275e-09
-7.959026768364776634e-11
-5.232066024991636578e-14
-8.444880133969221094e-13
-1.135734981906108290e-09
-2.317674113832718894e-17
-5.482095277816347393e-08
-4.705136342025847500e-16
-5.950949140064742915e-09
-3.750981395891721940e-11
-2.806548000043731819e-17
-4.087333823643066579e-04
-2.019426227383827658e-15
-1.853845979500910968e-11
-1.290326886067037055e-12
-2.220274813081378527e-10
-2.044503271283888326e-11
-2.042763645394842544e-12
-4.964968944713281806e-14
-6.913238795369478321e-12
-1.586144222299355264e-06
-5.097949649928501042e-10
-2.168838785543037591e-11
-1.672604266248265749e-12
-4.843941188178800262e-08
-2.025892949088026963e-12
-1.747671305552324802e-11
-2.637513320941981523e-11
-1.922590158535390594e-17
-4.909889335025924242e-07
-7.009040527471369465e-11
-5.225239284769217143e-12
-1.245574572695673369e-10
-6.397853291813887174e-12
-4.632711601275650407e-16
-3.329409705634712606e-13
-4.496470850163952432e-16
-1.602927313398322940e-10
-1.824357739219400381e-15
-3.087926352342172434e-17
-5.102047843554103583e-07
-4.207323801797268128e-11
-1.281697375100370116e-09
-2.218725983006374830e-13
-2.457513434010699884e-11
-3.991123525074671138e-08
-3.081947884776756676e-11
-6.080276508345850293e-16
-1.771943087657963866e-14
-9.963639310316605036e-15
-4.934998884287123406e-14
-1.442097699275216158e-11
-2.992960840059021641e-13
-1.226465730749713658e-04
-1.993122869080369743e-06
-1.214509095723426562e-14
-2.038053733825365867e-13
-2.210978287889732509e-14
-3.169112466467941339e-10
-2.109500615390722761e-11
-1.883464973193746454e-09
-6.958437111757526169e-13
-4.456646656554790193e-13
-4.888386650577412396e-11
-2.025882957228692279e-13
-4.205768091314716836e-13
-1.209532293894808698e-11
-3.128882110838849531e-04
-1.573832700516785039e-12
-2.409892328245069408e-10
-6.836846199692737008e-14
-6.295660835095962980e-11
-9.876812852304072647e-13
-2.920773001965266427e-12
-7.940167282670920056e-10
-7.282402570843548861e-14
-1.021566003165324133e-03
-1.689271430378804886e-12
-2.962343488764808788e-15
-1.492612005846281219e-13
-2.621670254029940898e-10
-2.736482093955468862e-11
-8.235530937905826754e-05
-1.289213943556829655e-17
-4.897953607743054759e-08
-5.038744740018118205e-16
-9.838743493432435926e-15
-4.820226110512610052e-13
-5.936105141690735080e-17
-1.735673206044574698e-14
-1.906151229863565320e-16
-2.089719297166725643e-10
-3.712863340051796073e-08
-1.021046579706765911e-06
-6.238889188231173128e-16
-2.718773791048943522e-14
-8.742190396402837813e-11
-1.805862248689172505e-14
-2.603107684966752109e-16
-1.663826718032694422e-13
-8.679284396083964680e-13
-6.960676429399002166e-16
-2.154092774933196257e-15
-1.784592102934283051e-10
-1.861006887510197015e-13
-1.152097106458746675e-11
-2.628607863116358874e-10
-5.181287473163580069e-09
-5.643311435563386637e-15
-1.459914864206437287e-09
-2.624950749944288325e-14
-3.147200879279798571e-14
-1.001046256721655488e-14
-1.348136992039344619e-09
-3.265069840807922209e-06
-5.077968357598414340e-12
-1.188843870190868436e-10
-5.703794797419459118e-04
-6.197439732141482234e-14
-1.950472233402366024e-11
-2.862809996787191134e-19
-2.088335681788880467e-15
-4.450167274459181407e-15
-1.213642059847238387e-09
-5.345798011425615638e-14
-4.182916857446205973e-13
-3.544361455370183817e-10
-3.411646892660201995e-12
-6.735088029304968806e-14
-8.447286352008554164e-15
-3.807795602404365923e-12
-9.192516193554994096e-08
-1.128767642873468050e-08
-1.324985780929105151e-18
-1.300589801836136043e-11
-1.186244558284241683e-10
-2.092439925468423944e-09
-7.355561965153874613e-17
-9.754206408789037223e-16
-3.703220776641584849e-12
-8.547680776484392097e-14
-4.170807480965182728e-13
-3.665955463813607068e-11
-7.480776378534004247e-13
-6.999201645911885325e-11
-1.847178464074868552e-15
-1.542539974075223162e-09
-3.291117588447475314e-07
-3.293158146377598481e-07
-2.032879668979545539e-14
-5.320834833557313912e-12
-1.366278756244635297e-10
-2.439018147758220566e-12
-1.047245428897308969e-15
-1.060029619660111726e-08
-1.190756356918532142e-17
-3.175200829267424569e-16
-1.546862225189453868e-08
-4.663783718165683177e-10
-5.209117345950221824e-16
-4.339292827007178996e-11
-9.600523784228540800e-13
-4.589836918580990398e-13
-2.919992559275542909e-10
-8.825732763949898530e-08
-3.364887123070128268e-11
-8.328462273111694020e-12
-6.000200718795266779e-10
-2.705399209426711523e-13
-4.057408553818619444e-07
-4.692739535434424509e-17
-2.310931763455326174e-11
-4.930282963937674048e-14
-2.383292546176794527e-12
-1.872152938733737724e-18
-1.194999216503316378e-02
-8.658655380920727734e-13
-8.005584847632711349e-13
-2.747668849424280980e-09
-1.487371603780326393e-10
-8.280756202010525790e-06
-1.278298896252568231e-10
-1.728518117198924062e-11
-2.048880069170141390e-06
-4.362203207958609172e-13
-5.365513933855550391e-14
-8.281903309233517631e-15
-9.078921505451608052e-13
-1.179015245158321815e-16
-9.656739514415014460e-10
-1.159366507017950082e-17
-4.947711990963927997e-16
-8.003742235575324896e-16
-2.829963819570685370e-15
-2.983495116484889898e-11
-1.502155523429217111e-12
-2.226832725383089862e-18
-1.275083839373050138e-10
-1.304032829723940195e-05
-1.952174260997278055e-16
-1.606766883108749401e-12
-5.046645103822525109e-13
-1.097031715964245576e-06
-4.169330820187446858e-15
-4.020243783072713527e-11
-1.819805361755550622e-12
-3.007263978079637198e-15
-3.832155014283430253e-17
-1.991653624563689690e-09
-1.266777059640162075e-12
-4.324342113582542865e-16
-1.694905615106437516e-16
7.614120061108750059e-01
-9.567500346547492936e-11
-2.426787258288009485e-14
-4.685060714403097584e-11
-2.528253611260638433e-16
-1.740945011038903989e-11
-5.708071751229090761e-13
-6.939248553813603256e-15
-3.576138806793394316e-13
-1.365115973163226206e-13
-3.075584519803800626e-13
-1.149335591252505679e-15
-6.392061208512460283e-11
-8.365727361929863522e-14
-9.511924292513421610e-14
-6.978622633397592223e-09
-2.062655986019010837e-13
-1.342942701270010378e-08
-2.124201428512276443e-11
-1.470883111930876786e-12
-3.462537547137251195e-12
-3.616390938774806726e-16
-1.377152739597451827e-16
-3.496425169366449244e-07
-3.542556945809860263e-16
-4.377089776395852091e-13
-2.203001138297736719e-08
-1.311509263120064808e-14
-1.000546578475439829e-11
-9.315749740200778544e-10
-3.338377519807783926e-11
-6.711178896923802819e-10
-5.202615785525841238e-19
-2.009054655856771717e-09
-2.330928837645378467e-11
-2.039685893267650336e-14
-1.862562649609178145e-14
-4.545007475185253211e-13
-2.681527423173101009e-11
-6.776584843509917283e-19
-9.949830793937261319e-14
-3.470107125876432771e-14
7.766022062337683472e-21
-9.270798688511866885e-15
-5.363173573306311775e-15
-3.290687003688480710e-08
-7.179008933898116001e-15
-1.184443994350251925e-11
-1.012751382982608508e-06
-4.061911424136116361e-15
-2.950430938243484532e-13
-1.673682267713206499e-11
-9.126241967605763463e-13
-1.656132098687028352e-07
-1.553919081018142427e-13
-2.648634321662888299e-20
-4.581716416680555325e-11
-6.424117143955120660e-12
-1.175488430752185562e-16
-1.767224071508928397e-12
-3.938359051394282992e-15
-4.039867448410605848e-13
-3.091738560470444288e-16
-1.846508133404905148e-15
-1.773362059600721459e-10
-1.101293233012050603e-15
-3.285969291954651513e-12
-9.241535393826684031e-14
-1.751559485811217245e-14
-3.572896807675261606e-13
-1.572246546884166050e-11
-8.997966796602491409e-10
-2.712960568859740586e-10
-2.501030120896215028e-16
-1.063911377680511131e-12
-6.340390166779095670e-08
-8.500109685451677184e-14
-8.996797697601302319e-13
-9.927028331881400102e-18
-3.258717611396769312e-20
-7.921302986767638086e-12
-8.901585806973388471e-12
-1.219366821143231227e-09
-1.389229635613652775e-10
-1.874181305482385012e-09
-1.860899974088870789e-10
-7.245227030672913810e-12
-4.669318198787284566e-16
-1.794442561309305405e-09
-2.749301330566929787e-17
-2.894186521900915914e-17
-1.173592721549225945e-10
-3.511855937225208095e-08
-1.796636016400318254e-16
-7.283197233564987853e-12
-2.256503467612643329e-12
-2.400189048761399072e-15
-2.798417460553528376e-09
-4.303765159616537127e-10
-1.747650345894605614e-12
-1.516747859190746049e-14
-9.879170880078721081e-11
-1.134855533329895283e-12
-9.370465525373819092e-18
-6.772072872517742745e-13
-1.634208277279330095e-06
-3.981199309803410130e-17
-7.088607880878870359e-09
-3.101882743471255532e-15
-8.447243277775072344e-14
-6.114952076267967482e-09
-1.024715609073937690e-11
-3.800422749351993831e-14
-7.402136307789317775e-09
-5.963252304986082139e-12
-3.222316175548302888e-11
-4.029819392218912634e-14
-1.442798045574952356e-11
-5.298260767490627133e-12
-1.312448259069873581e-12
-1.209830031540930371e-11
-2.638728568105262596e-05
-1.068095706294227413e-15
-5.824589866750210139e-12
-1.828369937430807352e-07
-3.150245506285088899e-13
-3.060866554031982692e-11
-3.368905171914423803e-09
-9.277115736367443448e-13
-8.493976786404976574e-11
-7.201312836844886344e-14
-5.103891863402800188e-11
-2.590477033573875346e-16
-5.594012831203774225e-11
-1.054818800150951025e-08
-2.296117842386426568e-12
-9.328373396439014633e-13
-6.678983230942118952e-14
-9.760295007201878158e-12
-1.733128792331580471e-11
-5.276233090738087356e-13
-3.437424968598582434e-16
-5.790265582167558373e-13
-2.233964068459118717e-13
-2.225789434375367636e-14
-1.374789210986115481e-14
-6.985429513667306309e-11
-6.963360924983800202e-09
-1.065820114570346070e-10
-4.905405181976964371e-13
-9.051333939325966281e-13
-4.695328401887008915e-11
-2.272673291233264888e-06
-1.055950501165993352e-11
-3.059922806849785366e-13
-6.756639068320097435e-07
-3.199991046205980398e-12
-1.432424913737404877e-17
-4.392394957580034189e-13
-1.041580758531984922e-11
-2.603582417285640083e-13
-4.472681973525279734e-16
-3.189752156166152287e-12
-3.436814733535732006e-18
-4.189802232663253933e-10
-1.370184025403664922e-13
-1.427109296449663613e-15
-5.609875853679297664e-16
-6.325436987660768030e-10
-2.095325213594740120e-11
-1.015476347100096308e-10
-2.350736061021332752e-13
-7.841823063472618887e-15
-1.162420163247826404e-05
-1.249136473174933309e-09
-1.583098399178291982e-16
-1.199871257015199555e-12
-1.579773383595647393e-08
-7.851178066739742267e-15
-1.303109161392952740e-14
-9.685740273956109116e-14
-1.082327676673402765e-08
-4.237909632545345748e-11
-5.648889051200122375e-12
-2.096988145749935096e-19
-3.530562030588608202e-14
-3.976008503312730528e-03
-4.548932693570221932e-13
-1.374711582423501582e-09
-2.653173035069881725e-12
-1.442472657407518088e-09
-2.164638664037276415e-10
-3.658960098992115208e-12
-5.446678195805658467e-12
-1.639191803471408677e-12
-2.858909823371030410e-14
-3.986018427063380241e-14
-4.734762430596803886e-12
-1.956432371846359543e-17
-2.789145009409947302e-13
-8.641427874662785713e-10
-2.050856052347305630e-13
-1.062752035422075783e-13
4.805617573188123965e-12
-5.612124412922585495e-11
-4.237081054925675317e-12
-9.079588682256976018e-08
-4.744759592605583546e-18
-1.202038737112052736e-15
-1.954412344035488214e-07
-9.705267221294413737e-13
-1.036483293021868916e-16
-2.922290621728362917e-06
-8.732498035235578479e-16
-2.055144566187567040e-09
-1.365363869003756099e-15
-2.018266141829349764e-15
-1.398426185739077099e-15
-6.552107759446956730e-15
-7.469604171335064079e-11
-1.726866198288745038e-07
-2.454748622949396310e-10
-2.265477717131631245e-16
-8.150215531392223999e-13
-8.715319025852161940e-13
-4.881952638495771492e-09
-5.272542118163697976e-11
-5.305977444277349650e-18
-5.809833600819558449e-09
-4.258669208759998085e-10
-8.914605985197501803e-02
-2.923304446253671458e-14
-2.454055162541178509e-11
-7.561707560619994954e-11
-2.676801317852340427e-12
-9.048629237164063950e-14
-7.625658468911093113e-15
-9.000041311037822219e-15
-1.491001526526777097e-11
-4.872995560005279010e-13
-5.058230060472672975e-15
-7.388306747634825461e-12
-2.486577730460449218e-16
-1.804327946993434005e-15
-3.884903395695345307e-12
-4.272328637710354389e-16
-1.010912788326444195e-14
-4.257991780964317679e-13
-7.332649285167924204e-10
-1.022303811575224652e-11
-1.442759157731006425e-12
-5.262792354966465563e-15
-4.605461893627077508e-08
-4.447518658141976393e-17
-2.489059059526677036e-13
-6.951783199008630518e-14
-1.183269427375158839e-14
-2.151113236288052731e-12
-1.060611232286434119e-15
-4.378472090518466760e-10
-4.457728565895759468e-16
-1.451847111157561333e-17
-6.690076950460398673e-12
-2.022883491019444645e-12
-5.882277126699246284e-13
-3.195918371873416267e-12
-1.433774824547692266e-14
-5.165617253949244248e-11
6.077256560350345255e-16
-7.640745733532061743e-10
-8.764014946613467555e-15
-3.175257777626912076e-10
-2.614141641604616049e-13
-8.180456305620393812e-09
-1.398475859445526485e-11
-5.204186110625689793e-11
-1.451848049081805847e-10
-1.319283923691885808e-12
-5.053461142022234770e-17
-1.609978542734470422e-11
-1.820709640317644946e-07
-1.700394109776209493e-13
5.708497668022824144e-08
-3.867858249453256549e-09
-1.080057546544238987e-06
-2.450314116913100089e-14
-1.388500961205927207e-11
-1.438205370131765685e-14
-1.261080171010603417e-14
-2.773770375431423951e-10
-5.427092797116055252e-10
-2.728031830347780791e-14
-2.598475353195268086e-09
-8.672258794955164748e-15
-3.884048217377470908e-08
-1.610341890828974351e-13
-4.258432593343948962e-05
-8.098202823619971343e-18
-9.159921462504718656e-16
-4.965289929656975875e-09
-6.205795180673908749e-16
-6.316206343754165703e-10
3.624069270861263512e-11
-1.598833142326523388e-15
-5.444174393100477603e-10
-3.025304593300474550e-15
-2.407992786943941827e-10
-2.633074165292369224e-07
-7.970077141231077131e-14
-4.825522879548730405e-08
-8.870962269605437933e-12
-3.539671020432776382e-10
-8.727547566883556353e-09
-4.540679656884015368e-18
-1.678589980262479441e-12
-9.065376613548612244e-10
-1.605141413769201337e-13
-2.810435817223594437e-17
-1.256545224988009858e-10
-3.409442740783189535e-13
-4.627186521072354813e-12
-4.079168649052602240e-13
-3.644953372550694449e-18
-1.031746724580797296e-07
-3.805353723248790654e-12
-1.742603220578531269e-14
-1.341062178405556286e-12
-8.632361305233382208e-16
-3.580395881323731464e-17
-8.956652656634802147e-09
-7.674325726907591212e-12
-1.402797982698728069e-14
-3.216287972970364705e-13
-1.094768162783105538e-16
-3.040658369974886424e-14
-3.560699742668346963e-14
8.473345400963518202e-12
-1.287685012181706710e-14
-9.754082476005553013e-11
-1.104127990141961070e-06
-1.806440977018222574e-15
-1.440068285262604701e-07
-3.597265281705523429e-16
-7.928941736882999029e-06
-4.142294245305344171e-09
-7.923591030249223091e-12
-1.838801811625350836e-14
-1.309575671867958449e-13
-3.002144948349729247e-09
-8.829076682593668040e-19
-5.332098847547049826e-17
-3.985843464762228901e-03
-4.316098844674865431e-16
-5.892123799126144942e-15
-1.334960900730232695e-04
-7.585922197206516196e-17
-1.468799503534011866e-04
-9.587991620388751168e-13
-2.004943956713929628e-13
-1.651449414229425434e-15
-5.023107283380236557e-03
-4.074086062430450454e-08
-2.925515588834770944e-13
-9.937017464834710968e-10
-4.040087905336669673e-10
-6.823044227985406967e-07
-4.639119776519748005e-15
-9.488392195619618720e-11
-9.453479128416352908e-11
-8.397535726116251093e-13
-2.499945478976834814e-06
-7.634816883095731149e-12
-2.928230447702445053e-12
-1.806153600932207702e-12
-1.859078509242509979e-12
-9.602041525435964787e-07
-7.619156118079265179e-08
-1.177574648094922329e-12
-1.391699960703639416e-20
-4.407747228105413500e-11
-8.196214718085458649e-17
-7.499138382302805723e-11
-4.470045385822756482e-17
-7.374904545372985229e-15
-2.883519393030316524e-07
-5.941917955250777878e-11
-1.130721441697169635e-12
-3.579024358259710541e-19
-1.293008580773787466e-12
-8.865912760594900170e-13
-1.178315616140760945e-08
-6.849560506775855827e-14
-5.973835225674150402e-15
-8.570255308441314200e-16
4.949589168485604983e-21
-1.136105405000889538e-13
-2.240309910305656018e-16
-8.129798705538294501e-12
-1.071094494364524613e-15
-2.291180019592782891e-12
-8.086878300903749880e-08
-1.624522194663570236e-10
-4.944128748265327477e-13
-5.218880396004912026e-10
-5.694448711841476668e-17
-8.074003340116534075e-13
-8.628243350227114304e-13
-1.691526296790993958e-14
-1.892206798723908603e-14
-5.055747251970277796e-15
-2.288621739204494196e-13
-1.214162087749720470e-06
-8.057510778569024964e-16
-1.025665123702143408e-15
-3.856912839530193457e-06
-8.791919290829102478e-09
-5.434560143545088753e-08
-5.517480480792659375e-14
-2.868245058796060103e-13
-2.142333138353461080e-13
-1.254930958745347920e-13
-5.018112195143952132e-16
-7.677892715516040649e-11
-1.291571214034314672e-11
-3.092091123124042670e-12
-2.828724909400417824e-12
-2.996487578954758689e-12
-7.172794301933364311e-11
-3.555258013191321450e-13
-6.883432655570180889e-11
-2.250438050586274325e-09
-1.537738275925376644e-09
-1.823507928803964386e-17
-1.604336122879127071e-07
-2.046742334178533594e-11
-1.877092643460758500e-13
-8.177700458696437779e-17
-1.227224488535651393e-12
-1.601038867582630800e-10
-8.148821010926478984e-11
-8.374173103600116860e-17
-6.856767685685842619e-12
-4.460923912719512526e-13
-8.859033319907796460e-15
-3.246668941425351802e-12
-8.215565701178533132e-18
-5.810838783993231891e-09
-6.712104051086303606e-07
-6.942754319490659758e-14
-7.333280417107248091e-08
-2.997448460862767566e-10
-9.876881167604074027e-12
-1.077244421675303714e-06
-1.490048152826788708e-13
-4.386317246388815297e-10
-5.376595461153233375e-12
-2.652945809629120167e-12
-1.446386717956445515e-10
-3.337855446997093528e-13
-2.880704161390082262e-13
-2.673375036164968744e-10
-5.073906420327259413e-10
-4.365715953674273877e-09
-4.301692433743249200e-12
-8.894877075886792232e-12
-3.909943872777076518e-12
-2.750617642439844815e-17
-6.505540094621976097e-11
-9.711451548946322421e-13
-1.120309051142136907e-14
-1.856284036279201739e-08
-8.699857406566436375e-11
-8.307848370926792479e-11
-1.095953794282665344e-17
-4.448449521530664027e-09
-3.254682269110766258e-15
-1.236425747179362714e-13
-2.726440363515976452e-18
-2.911692100132700872e-19
-1.211120151385420093e-09
2.268279041480314010e-10
-3.838724245802205829e-17
-2.788494736616783684e-19
-3.502081800009312635e-13
-7.703831843502772714e-12
-3.214668491829880720e-08
-7.735969389620726355e-13
-4.345779235690927779e-12
-5.117488922752553940e-19
-2.226981645245604473e-11
-8.828415245233150580e-14
-3.944587642123589845e-08
-3.530014720401752575e-13
-1.129536248462497330e-14
-8.764565701732038379e-08
-2.680338434773870967e-12
-4.004948578494549175e-16
-6.242850052249703561e-15
-2.025390131118445053e-13
-6.947054840742163425e-13
-2.863635830713379826e-12
-1.622249721295649084e-17
-1.776712433382685280e-12
-1.839732650951291877e-14
-6.431150763528413081e-10
-1.251352582397810429e-12
-7.969391073134928294e-12
-6.310629785050808698e-12
-7.578514915332195124e-12
-6.972293756611101817e-12
-2.286878555080287562e-15
-6.069010015887883446e-11
-6.221758407759039086e-16
-3.686037957698145659e-14
-3.077228192771267391e-13
-3.993218384726919726e-17
-2.622411295875796643e-16
-3.015246094056836238e-09
-3.724245042580053279e-18
-1.235359684377652473e-10
-3.650443654620916891e-12
-6.678032583408386491e-13
-3.899460184477585494e-11
-2.355364266240700066e-13
-1.666326301807786461e-11
-1.420721771763677506e-12
-3.923827085915332243e-11
-5.544756522589396260e-09
-3.287574404733561331e-15
-1.579180089711766364e-11
-2.755675621861113528e-11
-8.213398688822724484e-08
-5.440599761085807219e-16
-1.215302391847822049e-10
-8.956169184422305010e-09
-9.792528766602928299e-16
-7.745409929794824889e-12
-5.205098940110320023e-10
-7.182012179857323192e-16
1.068452981698765452e-20
-4.954676899580732622e-14
-1.854964613720180732e-14
-9.582987203240924482e-08
-3.927155645833428256e-10
-4.463831897764246582e-13
-7.471731130660435851e-07
-3.677104862792249850e-13
-5.603687928606121953e-15
-2.021509451791058678e-15
-5.276161174058216784e-12
-8.588065258730686816e-17
-2.585346464099945146e-14
-4.834191086570485165e-14
-5.567530522642018109e-15
-2.142397202845429938e-15
-9.877138077924485766e-09
6.772630588031398695e-14
-3.196121373227316710e-11
-4.729993431357374328e-09
-1.281397747087697497e-16
-1.447893390295341070e-10
-3.472098407112661742e-09
-6.051725009037737452e-13
-1.057285101909028961e-11
-4.259972757492538691e-06
-7.928251597607838535e-14
-1.994706743921460187e-06
-3.147357354649364158e-16
-3.979045562916433923e-14
-1.993872022410251359e-13
-8.819305214489678188e-15
-7.583765780660177556e-14
-5.898346246593376666e-12
-3.837675365600665829e-16
-3.557323406530968642e-19
-6.675613644080839344e-16
-5.360302961338064340e-14
-7.292051267337374118e-14
-5.466631892954565603e-10
-1.997069177434736184e-16
-2.189712769469471185e-12
-5.595794340941655340e-17
-2.717979729531853734e-08
-3.407336227963731768e-20
-4.557106813451266524e-12
-1.141074150378456437e-14
-3.416292752837702116e-08
-1.523462125021022925e-07
-8.726836000999900725e-12
-1.212382123513926353e-12
-1.776452235159427478e-12
-5.522840095183711119e-15
-1.247204366739643030e-09
-3.737758411404003307e-15
-1.986856260734277051e-13
-6.432273207296135370e-11
-1.429820503755119138e-10
-1.415820254662142087e-10
-1.105454223787904585e-10
-3.264622281221427947e-08
-2.191540634558908819e-11
-5.795524052928373337e-11
-2.430340627735157316e-15
-1.627457403044612428e-14
-1.016001570837276746e-14
-1.725903781367407020e-06
-5.832578908269081181e-09
-5.132200123322215251e-10
-3.888977373961089672e-06
-1.806640991610577006e-15
-1.940409947289759481e-10
-2.084083601391633741e-15
-1.857240453039844629e-10
-1.414435289907406887e-10
-2.354843486990830108e-16
-1.509991786071864995e-10
