0.13572
-0.41330
-0.16202
0.18932
-0.29790
-0.21075
-0.29257
-0.36558
-0.49395
-0.04889
0.11232
-0.36996
-0.17322
-0.29993
-0.51661
-0.79421
-0.33521
-0.24678
-0.45267
0.16042
-0.27459
-0.26750
-0.35511
-0.21565
0.10045
-0.36902
-0.21940
0.03593
-0.16635
-0.30883
-0.47264
-0.03456
-0.29606
-0.34677
-0.18910
0.00484
0.04116
-0.45793
-0.00199
-0.15192
-0.23571
-0.33179
-0.04204
-0.10104
-0.02942
-0.26445
-0.54751
-0.34043
0.17152
0.33913
-0.01891
-0.00135
0.41254
-0.45176
-0.21958
-0.57196
0.14625
-0.51112
-0.11381
0.04013
-0.46422
-0.21438
-0.17349
-0.30706
-0.20182
-0.33160
-1.04016
-0.29656
-0.06058
-0.20308
-0.17624
-1.11264
-0.43261
-0.14708
-0.23217
0.18042
-0.24333
0.33229
0.38758
-0.44719
-0.21329
-0.54924
-0.01636
-0.44458
-0.11452
0.31886
-0.11615
-0.33910
-0.18311
-0.02005
0.14176
-0.07286
-0.24793
-0.32763
-0.15731
-0.26369
0.10023
-0.20037
-0.20009
-0.32508
-0.41098
-0.30832
-0.28330
-0.23299
-0.18426
0.03422
-0.01844
-0.45875
-0.36915
-0.13966
0.06756
-0.38047
-0.29363
-0.34768
0.00409
0.05455
0.23443
-0.18025
0.08250
-0.11507
0.02278
-0.62840
-0.18380
0.02946
-0.35477
-0.41118
-0.03455
0.01895
0.15775
-0.01188
-0.31207
0.03383
0.13774
0.13945
-0.11525
-0.27801
-0.37737
0.05741
-0.59289
-0.53257
-0.71912
-0.10538
-0.26743
-0.43028
-0.21989
-0.36525
-0.27471
-0.20285
0.03333
-0.20541
-0.55573
-0.17908
0.31997
-0.58930
-0.27532
-0.16306
0.36546
-0.23129
-0.44764
0.16580
-0.09794
-0.23337
0.22206
-0.40236
-0.13432
0.22536
0.12705
-0.02316
-0.09132
0.08133
0.19035
-0.39826
-0.54150
-0.33835
-0.05271
-0.29455
-0.39848
0.34593
-0.56061
0.18625
-0.44393
-0.10501
0.39487
-0.78863
0.02930
-0.29888
-0.25518
-0.55250
-0.34856
-0.12507
-0.20577
-0.15004
-0.74951
-0.37521
-0.22144
-0.22465
-0.52130
-0.16998
-0.42110
-0.42486
0.11694
-0.75414
-0.34622
-0.35061
-0.32300
-0.36769
-0.08365
-0.01082
0.13784
-0.35425
0.02780
0.26179
-0.68918
-0.57601
-0.24929
-0.26938
-0.40629
-0.61319
-0.06216
0.02994
-0.02591
-0.00181
-0.17051
-0.38573
-0.20706
-0.97386
-0.71133
0.00459
-0.08418
-0.04474
-0.35345
-0.46429
-0.51710
-0.15216
-0.20236
-0.21922
-0.07414
-0.21107
-0.31733
-0.52057
-0.16097
-0.31805
-0.01189
-0.41642
-0.23244
-0.22996
-0.47496
-0.08748
-1.09121
-0.32567
0.03710
-0.17192
-0.38376
-0.31520
-0.63315
0.20678
0.01146
0.09342
-0.02827
-0.24728
0.20947
-0.05100
0.04899
-0.27303
-0.82264
-0.70224
0.07127
-0.23064
-0.35120
0.13985
0.11292
-0.15491
-0.21217
0.15330
-0.02144
-0.29925
0.01510
-0.26225
-0.34050
-0.56552
-0.01345
-0.41039
-0.18872
-0.08967
-0.10568
-0.25522
-0.76887
-0.22437
-0.24819
-0.92248
-0.11885
0.02149
0.37257
0.04635
-0.05183
-0.29853
-0.22381
-0.07905
-0.41830
-0.24849
-0.07956
-0.01100
-0.29418
-0.50752
-0.41714
0.28356
-0.10308
-0.29172
-0.54647
0.26530
0.12146
-0.21217
-0.00243
-0.21267
-0.30619
-0.20665
-0.24282
0.06846
-0.42472
-0.54601
-0.56717
-0.14693
-0.15110
-0.37002
-0.29900
0.10890
-0.53827
0.25023
0.09435
-0.56183
-0.57228
0.02872
-0.41387
-0.16521
-0.13250
-0.61546
-0.64573
-0.38181
-0.23462
-0.36790
0.09690
-0.57636
0.04555
-0.52236
-0.30419
-0.23656
0.36773
-0.48400
-0.13687
-0.20984
-0.37882
-0.11936
-0.82987
-0.40235
-0.31874
-0.72280
-0.08252
-0.22148
-0.11547
-0.27861
0.15945
-0.35071
0.22097
0.06370
0.11353
-0.01152
-0.25556
-0.23307
0.18539
-0.46350
-0.57090
0.06707
-0.11298
-0.29773
-0.73794
0.11922
-0.48343
-0.28222
0.08344
0.24561
-0.56921
-0.27637
0.15713
0.43923
-0.89158
-0.29924
-0.18658
-0.32240
0.07651
-0.41618
-0.18964
0.05529
-0.12124
-0.07571
-0.15390
0.18488
-0.32494
-0.09458
-0.02972
-0.39450
-0.03175
-0.52184
-0.38493
-0.15621
-0.17632
0.12220
-0.00965
-0.66046
-0.06266
0.03553
-0.46688
-0.15488
-0.48022
-0.47834
-0.34258
-0.61868
0.34183
-0.43220
-0.37946
-0.11571
-0.15916
-0.24079
-0.65498
0.26319
-0.16806
-0.18349
0.55843
-0.01990
0.04380
-0.56953
-0.04555
-0.20466
-0.77198
0.01492
-0.10048
-0.42095
-0.26829
-0.65797
-0.03876
0.37233
-0.46078
-0.17667
0.26518
-0.12401
-0.02244
-0.20872
0.09977
0.00547
-0.38133
0.13316
-0.24984
0.00747
-0.10325
-0.12769
-0.34635
-0.48307
-0.23641
0.08635
-0.26170
-0.62044
-0.16116
-0.03587
0.16862
0.42699
-0.31903
-0.21419
-0.37008
-0.52279
-0.40280
-0.34913
-0.16484
0.14252
-0.44634
0.23294
0.27353
-0.38475
-0.72755
0.07714
-0.33163
-0.32020
0.00930
-0.41580
-0.34827
-0.26599
-0.05415
-0.53726
-0.25893
0.05385
-0.10902
-0.78284
0.22403
-0.62918
0.10382
-0.10234
-0.58050
-0.19179
-0.19449
-0.45635
-0.16816
-0.35787
0.19939
-0.19309
-0.36422
-0.13005
-0.39075
-0.81934
0.04320
-0.12939
-0.66055
-0.25242
-0.24837
-0.51880
-0.30175
-0.21605
-0.07885
-0.19475
0.06237
-0.28980
-0.50937
-0.39250
-0.09919
-0.00647
-0.17083
-0.57490
-0.35024
0.09653
-0.34513
0.05951
-0.03808
-0.11257
-0.25819
-0.41631
-0.39890
-0.04870
-0.25502
-0.31012
-0.67147
-0.17701
-0.04319
-0.44556
-0.27510
0.26487
-0.14987
-0.53576
-0.26840
0.02830
-0.05501
0.37352
-0.35095
-0.10469
0.05304
0.01826
-0.48014
-0.22301
-0.35501
-0.06487
-0.07234
-0.80263
-0.51837
-0.00188
-0.02691
-0.37954
-0.08651
-0.13814
-0.08565
-0.57539
-0.38887
-0.14316
0.32590
-0.21123
-0.91774
-0.26105
-0.51904
-0.31002
-0.37344
-0.48079
-0.20988
-0.24102
-0.13585
-0.07192
-0.21213
-0.25658
0.17447
-0.24124
-0.29173
-0.40108
-0.10737
-0.51935
-0.34064
-0.11470
-0.58003
0.34952
-0.09625
-0.69756
-0.20736
0.15809
-0.83999
-0.14027
-0.39672
0.03516
0.03662
0.22132
0.01233
-0.38750
-0.63595
-0.45149
0.02284
-0.20725
-0.16522
-0.41160
-0.59264
0.12374
-0.34648
-0.36100
-0.73500
-0.05227
-0.39452
-0.32207
-0.21250
-0.00586
0.02922
0.08270
-0.31177
-0.15085
-0.12098
-0.38845
0.14781
0.04876
-0.24565
0.12436
-0.07024
-0.14351
-0.10567
-0.27156
-0.24536
0.00505
-0.32861
0.20731
-0.01460
-0.11912
-0.18908
-0.30369
0.02686
-0.37934
0.07018
0.08772
-0.26452
-0.21734
-0.33652
-0.33213
0.02029
-0.45401
-0.46103
-0.39493
0.00620
-0.54994
-0.32965
-0.45578
-0.29610
-0.17892
-0.40699
-0.16308
0.07156
-0.22338
-0.90126
-0.06653
-0.93169
-0.41070
-0.75484
-0.17656
-0.32068
0.09537
-0.17057
-0.51369
-0.47230
0.02604
-0.43284
-0.17530
-0.63759
-0.11803
-0.69164
0.26444
-0.06345
-0.66114
0.08381
-0.41200
-0.47415
-0.06858
-0.40370
-0.02064
-0.44462
-0.51101
-0.23028
-0.59208
-0.21702
-0.60603
-0.56308
0.30095
-0.30121
-0.38459
-0.17630
0.13836
-0.28580
-0.13651
-0.33493
-0.11088
0.39861
-0.55265
-0.38119
-0.02642
-0.12829
0.15643
0.25717
-0.48344
-0.27554
0.05074
-0.10595
0.16224
0.14964
0.01375
-0.24005
0.03289
-0.37490
-0.81558
0.09955
-0.55849
-0.16796
-0.67627
-0.68742
-0.54710
-0.12558
-0.13725
-0.44374
0.39691
0.28041
-0.45878
0.19423
0.05200
-0.87340
0.18838
-0.69580
-0.21450
-0.11165
0.12411
-1.01930
-0.37241
-0.15422
-0.42931
-0.41414
-0.61284
0.06727
-0.34765
-0.45036
-0.27755
-0.73103
-0.24791
-0.34184
-0.19557
-0.19660
-0.68220
-0.57189
-0.06415
0.37124
-0.31573
0.16686
-0.20352
0.15827
-0.06995
-0.46737
-0.16505
-0.14054
0.31882
-0.00085
-0.19954
-0.60262
-0.05378
-0.04453
-0.03086
0.49064
-0.16112
0.02749
-0.19904
0.03852
-0.31339
-0.56944
-0.20167
-0.06912
-0.39406
0.15163
-0.28642
-0.12511
-0.22473
0.01579
-0.04561
-0.07330
-0.70719
0.10993
0.11842
-0.76080
-0.55016
-0.58345
-0.21497
-0.09813
-0.18837
-0.11135
0.15089
-0.21789
-0.28127
-0.17918
-0.24474
-0.13733
-0.42973
-0.25941
-0.19367
-0.58600
-0.39217
0.26482
-0.79113
-0.32654
-0.19372
0.11545
-0.14354
-0.35101
-0.49025
0.06613
-0.07895
0.02913
0.08647
-0.14969
0.20332
-0.43438
-0.67005
0.00369
-0.75278
-0.35803
-0.27996
-0.84113
-0.23478
-0.46241
-0.11898
-0.30790
-0.28152
-0.18245
-0.09531
-0.45306
-0.24190
-0.46247
-0.17824
-0.39599
-0.32980
0.00837
-0.42161
-0.40719
-0.18136
-0.69092
-0.21358
-0.38416
0.29862
-0.45856
-0.02591
-0.22984
0.20902
0.21781
-0.52004
-0.62227
0.11170
0.45224
-0.08983
-0.41117
-0.43556
-0.22648
-0.28491
0.19623
-0.24408
-0.31154
-0.52125
-0.18294
-0.06425
-0.00973
-0.12567
0.21115
0.06913
-0.20932
-0.12081
-0.24679
0.30099
-0.19437
-0.10631
-0.22256
-0.28358
-0.25195
-0.27650
-0.23761
-0.36557
-0.01648
-0.20789
0.14025
-0.20871
-0.26392
0.20468
0.10823
-0.60807
0.27935
-0.31396
-0.15024
-0.29333
-0.35077
-0.19727
-0.18662
-0.15173
-0.31452
-0.62482
-0.03636
-0.34713
-0.49399
-0.65892
0.15261
-0.39515
-0.57354
0.05616
-0.22272
-0.40724
0.12133
0.62263
-0.02522
0.01806
-0.74647
-0.53662
-0.06219
-0.68560
-0.08025
0.03908
0.02945
-0.12402
0.30107
-0.05440
-0.04225
0.02364
0.02090
-0.44059
-0.37228
-0.30153
-0.46712
0.06362
-0.30126
-0.63112
-0.45166
-0.24612
-0.81547
-0.21186
-0.77945
0.15441
-0.11168
-0.14545
0.13343
-0.21158
-0.29721
0.06427
0.21754
0.06853
0.00110
-0.16428
-0.33484
0.22910
-0.22403
0.07425
-0.49771
0.51779
-0.33402
-0.11329
-0.50100
-0.60481
-0.34832
-0.04349
-0.33532
-0.10940
-0.42624
0.16211
-0.19301
-0.40474
-0.51279
-0.38722
-0.21892
-0.60791
-0.10377
-0.27852
0.21307
0.03288
0.17560
-0.70114
-0.30328
-0.34963
-0.68577
0.05336
-0.27608
-0.04807
-0.40379
-0.47146
0.25436
-0.36474
