-0.82806
-1.05093
-1.06876
-0.72563
-1.12581
-0.97899
-0.98135
-1.10023
-1.21193
-0.84183
-0.86588
-1.11749
-1.02878
-0.97001
-1.17530
-1.39358
-1.03304
-1.02478
-1.13397
-0.94034
-1.04869
-1.14194
-1.02288
-0.90029
-0.73250
-1.07504
-1.02447
-0.53895
-0.95683
-1.03002
-1.21284
-0.99895
-1.05771
-1.05205
-1.11458
-0.77413
-0.82631
-1.20512
-0.91589
-0.90764
-1.05987
-1.04475
-0.89165
-0.92482
-0.95108
-1.05682
-1.25117
-1.13739
-0.75097
-0.67884
-0.81628
-0.91608
-0.68753
-1.31744
-1.08780
-1.25681
-0.81312
-1.18680
-1.02118
-0.94945
-1.15291
-1.07893
-1.00978
-1.07555
-0.91253
-1.04016
-1.65275
-1.00224
-0.87366
-0.95344
-1.06097
-1.59963
-1.16590
-1.00724
-0.92331
-0.85992
-1.01529
-0.61023
-0.66814
-1.02482
-0.94498
-1.13238
-0.89897
-1.11631
-0.88625
-0.77274
-0.93269
-1.02505
-1.09533
-0.94071
-0.77944
-0.98830
-0.97286
-1.02347
-0.99501
-1.06381
-0.84872
-0.84696
-1.12960
-1.07572
-1.08085
-1.04778
-1.04551
-1.00235
-1.02680
-0.87518
-0.84052
-1.20713
-1.14218
-0.96944
-0.80699
-1.06381
-1.11068
-1.14543
-0.83905
-0.76742
-0.75192
-1.02171
-0.79218
-0.93947
-0.85021
-1.39776
-1.04713
-0.83020
-1.08579
-1.03490
-0.79042
-0.82350
-0.82802
-0.93804
-1.10753
-0.87780
-0.79552
-0.78252
-1.01958
-1.02870
-1.18505
-0.73910
-1.33937
-1.23015
-1.31120
-0.98272
-1.07663
-1.19615
-1.11221
-0.97289
-0.99321
-0.97874
-0.93778
-1.06065
-1.29527
-1.02837
-0.59576
-1.30407
-1.00054
-0.96908
-0.60107
-1.01965
-1.10507
-0.76367
-0.91401
-0.84642
-0.69515
-1.10353
-0.92743
-0.74804
-0.87121
-0.99721
-0.95720
-0.83845
-0.87551
-1.29389
-1.18856
-1.11879
-0.90037
-0.97521
-1.17705
-0.79444
-1.25823
-0.81505
-1.20871
-1.05680
-0.72947
-1.36479
-0.89305
-1.07565
-1.01271
-1.21788
-1.06834
-0.96515
-0.91621
-1.02878
-1.34570
-1.15452
-0.98895
-0.97697
-1.22461
-0.89843
-1.33105
-1.26597
-0.69912
-1.45702
-1.08485
-0.98865
-1.10699
-0.98975
-0.82515
-0.93737
-0.87301
-1.16695
-0.77166
-0.68183
-1.31284
-1.06730
-1.06561
-0.88747
-0.98141
-1.21677
-0.95450
-0.90203
-0.88693
-0.84742
-0.90603
-1.08395
-0.92894
-1.40218
-1.20943
-0.83562
-0.98053
-0.89523
-1.15054
-1.13108
-1.14556
-0.97328
-1.00615
-1.05794
-0.94593
-0.95211
-1.04052
-1.32431
-1.04056
-1.12295
-0.92059
-1.10272
-1.07776
-1.02873
-1.17322
-0.92677
-1.54994
-0.96164
-0.88468
-0.93506
-1.21680
-1.01995
-1.29432
-0.77751
-0.99240
-0.82472
-0.87856
-0.98562
-0.71974
-0.95011
-0.78324
-1.06872
-1.25820
-1.35941
-0.79633
-0.93053
-1.16522
-0.82702
-0.77278
-0.91450
-0.98422
-0.86247
-0.85851
-1.12906
-0.95555
-1.02470
-1.09417
-1.15806
-0.91145
-1.13326
-0.94651
-0.88677
-0.82511
-1.13689
-1.37829
-1.09167
-1.08908
-1.45206
-0.87026
-1.04624
-0.63507
-0.86300
-0.83595
-1.12174
-0.91053
-0.93267
-1.22390
-1.00544
-0.92795
-0.83481
-1.08659
-1.25188
-1.18230
-0.65321
-0.91727
-1.07054
-1.17336
-0.76190
-0.68911
-1.02974
-0.90393
-0.97394
-1.04140
-0.93934
-1.06914
-0.85883
-1.22537
-1.31785
-1.28356
-0.95319
-1.05144
-1.16056
-1.06376
-0.74117
-1.24193
-0.71650
-0.74152
-1.17305
-1.09962
-0.82985
-1.12281
-0.95527
-0.96985
-1.15647
-1.18736
-1.08846
-1.04130
-1.13371
-0.87402
-1.36913
-0.74779
-1.12460
-1.00141
-1.02219
-0.61510
-1.26337
-0.98912
-0.99630
-1.16595
-1.01905
-1.39954
-1.03162
-1.05837
-1.32838
-0.95784
-0.96358
-0.92187
-0.98736
-0.68150
-1.09913
-0.71795
-0.75183
-0.72840
-0.83076
-1.04968
-0.95863
-0.67998
-1.12731
-1.26116
-0.79006
-0.92028
-0.95496
-1.22345
-0.89198
-1.13419
-1.06491
-0.82035
-0.73927
-1.17203
-1.03299
-0.79893
-0.72175
-1.44563
-1.05106
-0.88477
-1.07053
-0.75580
-1.17070
-0.99016
-0.89714
-0.99111
-0.90428
-0.97021
-0.82487
-1.11239
-0.91387
-0.90866
-1.15961
-0.98995
-1.24606
-1.13157
-0.98307
-1.02140
-0.82781
-0.86369
-1.26942
-0.83718
-0.90658
-1.18250
-0.93251
-1.15724
-1.15677
-1.06372
-1.20697
-0.62981
-1.14119
-1.07980
-0.88692
-0.95913
-1.03589
-1.15707
-0.72316
-0.91946
-0.94934
-0.45169
-0.94378
-0.87035
-1.17108
-0.90389
-1.00741
-1.24369
-0.83310
-0.87621
-1.06368
-1.00040
-1.20371
-0.90142
-0.57840
-1.18801
-1.01300
-0.75095
-0.98488
-0.88194
-0.94416
-0.77794
-0.82519
-1.13964
-0.84590
-1.00177
-0.93947
-0.92054
-0.95273
-1.03298
-1.17045
-1.00293
-0.79332
-0.97225
-1.21249
-0.97256
-0.91247
-0.75299
-0.61515
-1.12083
-0.97587
-1.13832
-1.10975
-1.12485
-0.95505
-1.08378
-0.89190
-1.10275
-0.84821
-0.74654
-1.08988
-1.16631
-0.77687
-1.08158
-0.95391
-0.87497
-1.09668
-1.16026
-1.01516
-0.90322
-1.17723
-0.95623
-0.70251
-0.98300
-1.21951
-0.72373
-1.19999
-0.90105
-0.89319
-1.18634
-0.99515
-0.97639
-1.19451
-1.01733
-1.08711
-0.80814
-0.96806
-0.98788
-0.95316
-1.10258
-1.34035
-0.83318
-1.12771
-1.27242
-1.00283
-1.07021
-1.09743
-1.03048
-1.00247
-0.97125
-1.08253
-0.85165
-1.10234
-1.11895
-1.07671
-1.00873
-0.91287
-1.01883
-1.21973
-1.00770
-0.78011
-0.91275
-0.84543
-0.96916
-0.85927
-1.05320
-1.17548
-1.08202
-0.95228
-0.93390
-1.12716
-1.35568
-1.01427
-0.97247
-1.19399
-1.03824
-0.69920
-0.94961
-1.05542
-1.01132
-0.81550
-0.94349
-0.66625
-1.06541
-0.97073
-0.94140
-0.71142
-1.13970
-1.02367
-1.07135
-0.92819
-0.84413
-1.37509
-1.16833
-0.83214
-0.94694
-1.19113
-0.87345
-0.87187
-0.95976
-1.21658
-1.09636
-0.99599
-0.73019
-0.89834
-1.46622
-0.95828
-1.13101
-0.98414
-1.20619
-1.15994
-0.98821
-1.04251
-0.95930
-0.93822
-0.90456
-1.00208
-0.71889
-0.99507
-1.10588
-1.04648
-0.97587
-1.09417
-1.03901
-1.06567
-1.14943
-0.68600
-0.83544
-1.24375
-0.97061
-0.72886
-1.32984
-0.93939
-1.16515
-0.85182
-0.84125
-0.81853
-0.84322
-1.14601
-1.35276
-1.13008
-0.85366
-1.08125
-0.99884
-1.25346
-1.18190
-0.68593
-1.20939
-1.12023
-1.27066
-0.79756
-1.07407
-1.09992
-0.91996
-0.90289
-0.77682
-0.82521
-0.98637
-1.00007
-0.88820
-1.12325
-0.82252
-0.84854
-1.05253
-0.85822
-0.87356
-1.00512
-1.07929
-1.05192
-1.02813
-0.88886
-1.18603
-0.77333
-0.96425
-0.98139
-0.86348
-1.05000
-0.79777
-1.12006
-0.85235
-0.76777
-1.09984
-1.01031
-1.03594
-1.07780
-0.88227
-1.09950
-1.05159
-1.10624
-0.85184
-1.13409
-0.98336
-1.20872
-1.06830
-0.97869
-1.05000
-1.01336
-0.80769
-1.06704
-1.36416
-0.89087
-1.33896
-1.20992
-1.39466
-0.84571
-1.05316
-0.81956
-0.92085
-1.18794
-1.13433
-0.88749
-1.18100
-0.91443
-1.24539
-0.94396
-1.33651
-0.67861
-0.81108
-1.32812
-0.79944
-1.18491
-1.18194
-0.86696
-1.15150
-0.89480
-1.10085
-1.30881
-0.97869
-1.27152
-1.09668
-1.28784
-1.21112
-0.68697
-1.06921
-1.18812
-0.96777
-0.74792
-1.08103
-0.95986
-1.09294
-0.97991
-0.72552
-1.38589
-1.09211
-0.92607
-0.96735
-0.80336
-0.68409
-1.18756
-1.01050
-0.94017
-0.95965
-0.79700
-0.85862
-0.90094
-1.01275
-0.87225
-1.14597
-1.34944
-0.85168
-1.35794
-0.89560
-1.41816
-1.26817
-1.11795
-0.89662
-0.91748
-1.20941
-0.64964
-0.77930
-1.21386
-0.81685
-0.82415
-1.48611
-0.81612
-1.21316
-1.03468
-0.93967
-0.84895
-1.41644
-1.17184
-1.02191
-1.15212
-1.12398
-1.24581
-0.88153
-1.05980
-1.13109
-0.97156
-1.48037
-1.12571
-1.04385
-1.01723
-0.99969
-1.29736
-1.23391
-0.99391
-0.59813
-1.03386
-0.69730
-0.96639
-0.76211
-0.86034
-1.27406
-0.99944
-0.99854
-0.69812
-0.96006
-0.99529
-1.20940
-0.91596
-0.83083
-0.86113
-0.49296
-0.97759
-0.77042
-0.99881
-0.87084
-1.04177
-1.35326
-1.03591
-0.86701
-1.04212
-0.73038
-1.04324
-0.97892
-1.03998
-0.82636
-0.87430
-0.98625
-1.31744
-0.79511
-0.81034
-1.34431
-1.18947
-1.27184
-0.99160
-0.91172
-0.95851
-0.97273
-0.86831
-1.03470
-1.01753
-1.04812
-1.02554
-0.99893
-1.16578
-0.97331
-1.03392
-1.15500
-1.05202
-0.68099
-1.39046
-1.07849
-0.91891
-0.66412
-1.01457
-1.15238
-1.12876
-0.79803
-1.02407
-0.93805
-0.82510
-1.02274
-0.73590
-1.17581
-1.14633
-0.86777
-1.25084
-1.14504
-1.05346
-1.40039
-0.93051
-1.08650
-0.98303
-1.08466
-1.08479
-0.98282
-0.92704
-1.11639
-1.02266
-1.18067
-0.99807
-1.03512
-1.06614
-0.79881
-1.06424
-1.03414
-0.91586
-1.27781
-1.00285
-1.11587
-0.65562
-1.10859
-0.89835
-0.93927
-0.66263
-0.59830
-1.18509
-1.26618
-0.75208
-0.62115
-0.91078
-1.07024
-1.26654
-0.89386
-1.00707
-0.66874
-0.99851
-1.01967
-1.30456
-0.98595
-0.89471
-0.96534
-1.00342
-0.79541
-0.89547
-0.93239
-0.94989
-0.98999
-0.73884
-0.95023
-0.90570
-1.07699
-1.05602
-1.09895
-1.01594
-1.05229
-1.05587
-0.78757
-0.99215
-0.83410
-0.91759
-0.93976
-0.70829
-0.80662
-1.21197
-0.65332
-1.15808
-0.93162
-0.99823
-1.11140
-0.96597
-1.04068
-0.49224
-1.06243
-1.15277
-0.83639
-1.08430
-1.15936
-1.28828
-0.88020
-1.10708
-1.27267
-0.83705
-1.03595
-1.14860
-0.79588
-0.45165
-0.91045
-0.90779
-1.31670
-1.12012
-0.96728
-1.27208
-0.92284
-0.89796
-0.90601
-0.97693
-0.78168
-0.87597
-0.94959
-0.87046
-0.84512
-1.14586
-1.06886
-1.06906
-1.18559
-0.81184
-1.12652
-1.25076
-1.14641
-1.03639
-1.34922
-1.02584
-1.34616
-0.77489
-0.88442
-0.97008
-0.76576
-0.94253
-1.03309
-0.74962
-0.62170
-0.77705
-0.88979
-0.96587
-0.99157
-0.86774
-1.10980
-0.84343
-1.24854
-0.53571
-1.07887
-0.89410
-1.12875
-1.27929
-1.11782
-1.03515
-1.11257
-0.88251
-1.11502
-0.79510
-0.98431
-1.08771
-1.19508
-1.16066
-1.08146
-1.21081
-0.99196
-1.00812
-0.83540
-0.88127
-0.84687
-1.34217
-1.20535
-1.18475
-1.30660
-0.83937
-1.13735
-0.82794
-1.03700
-1.05607
-0.75837
-1.13066
