0.65239
0.49100
0.38786
0.71903
0.32970
0.46788
0.59572
0.45771
0.34383
0.70096
0.64231
0.42842
0.45063
0.50898
0.36634
0.12914
0.43092
0.42650
0.35442
0.61521
0.35814
0.32520
0.40087
0.60925
0.73459
0.47997
0.47731
0.20661
0.57923
0.45902
0.29915
0.57091
0.44586
0.45296
0.53749
0.70495
0.63410
0.39930
0.56375
0.52953
0.47205
0.51994
0.52689
0.57331
0.70851
0.39958
0.22761
0.42884
0.68696
0.75835
0.63813
0.52609
0.87375
0.36786
0.57153
0.26365
0.62167
0.33743
0.50234
0.58985
0.34363
0.50830
0.57189
0.43293
0.55399
0.49730
-0.05077
0.53199
0.70723
0.49323
0.38283
0.01096
0.46936
0.42317
0.66999
0.65037
0.61052
0.95196
0.87072
0.47224
0.49610
0.49586
0.65746
0.37019
0.67145
0.74110
0.72557
0.46769
0.43210
0.48878
0.72860
0.38392
0.51121
0.52101
0.53560
0.39225
0.64518
0.57436
0.53252
0.44405
0.41374
0.60825
0.33938
0.50858
0.48348
0.66287
0.76353
0.30685
0.38920
0.68927
0.63539
0.38272
0.33410
0.34031
0.66450
0.75011
0.75889
0.54732
0.72350
0.64113
0.63721
0.09961
0.39712
0.75567
0.46931
0.59610
0.81954
0.73743
0.66095
0.60721
0.37690
0.57569
0.72429
0.75626
0.44550
0.40630
0.36503
0.74660
0.19365
0.28683
0.27400
0.54558
0.43059
0.21457
0.46472
0.59227
0.54923
0.54967
0.61995
0.49793
0.27156
0.49035
0.89777
0.19822
0.42470
0.65186
0.78856
0.44401
0.36676
0.74874
0.52747
0.52177
0.83984
0.40692
0.82114
0.64085
0.65914
0.58828
0.45716
0.69827
0.55093
0.22029
0.34022
0.35170
0.56811
0.54542
0.35047
0.70366
0.23413
0.76861
0.28845
0.50860
0.86233
0.18960
0.50889
0.40728
0.53829
0.36005
0.43594
0.57921
0.64660
0.49979
0.11022
0.29806
0.44308
0.44885
0.29080
0.61617
0.17729
0.22451
0.70359
0.06272
0.43117
0.44508
0.44733
0.43933
0.65314
0.58485
0.61130
0.24939
0.74819
0.82553
0.19619
0.44802
0.34431
0.64080
0.57214
0.23859
0.63872
0.57079
0.61501
0.62597
0.58437
0.45689
0.60689
0.11264
0.33022
0.68964
0.50474
0.58057
0.39661
0.38677
0.37523
0.64297
0.50314
0.40370
0.60544
0.56598
0.54918
0.34285
0.47468
0.37152
0.54719
0.50183
0.52055
0.47971
0.29948
0.52352
0.00005
0.53698
0.67273
0.52888
0.22393
0.36774
0.32487
0.74100
0.54544
0.58545
0.68717
0.43136
0.77456
0.56495
0.86379
0.44717
0.20369
0.20258
0.71641
0.49730
0.33464
0.78457
0.66451
0.52835
0.45623
0.55817
0.58276
0.44595
0.59812
0.48100
0.41967
0.38551
0.65478
0.40532
0.59515
0.62694
0.63787
0.51036
0.08338
0.45585
0.42963
0.10461
0.60554
0.43051
0.93803
0.69580
0.76601
0.39586
0.56719
0.59206
0.28221
0.48051
0.56942
0.58929
0.35554
0.29285
0.31185
0.81093
0.66130
0.38269
0.21796
0.80301
0.76715
0.43738
0.68394
0.57909
0.54207
0.58398
0.34432
0.62027
0.31970
0.19285
0.24388
0.44619
0.42278
0.37128
0.49647
0.88239
0.22857
0.73982
0.78070
0.36268
0.31123
0.67324
0.43863
0.67297
0.54747
0.33131
0.28753
0.39447
0.43457
0.40503
0.62489
0.26709
0.84924
0.31182
0.38619
0.47002
0.91640
0.49670
0.46393
0.41090
0.37850
0.61934
0.08151
0.55400
0.47405
0.16554
0.62356
0.55177
0.57430
0.50610
0.83502
0.56029
0.73583
0.69687
0.77436
0.61027
0.45908
0.53849
0.88928
0.37942
0.24116
0.70554
0.56644
0.55521
0.32455
0.59843
0.33468
0.43490
0.76487
0.80309
0.31903
0.47292
0.79197
0.83125
0.06747
0.47312
0.65942
0.36958
0.69863
0.29301
0.56379
0.54744
0.54482
0.53810
0.60317
0.62403
0.42670
0.61118
0.56937
0.33231
0.47020
0.32027
0.37362
0.48026
0.52495
0.63014
0.58962
0.20661
0.73189
0.59478
0.33676
0.62571
0.25388
0.35845
0.48145
0.31121
0.86133
0.35480
0.44400
0.58541
0.55321
0.48996
0.43418
0.85035
0.58093
0.55612
1.09250
0.50422
0.67523
0.29489
0.51346
0.50249
0.29594
0.56194
0.59983
0.41107
0.47655
0.35673
0.61297
0.90016
0.48910
0.44010
0.80686
0.57379
0.59400
0.56589
0.77079
0.68364
0.35297
0.72600
0.64898
0.49821
0.52603
0.58119
0.49931
0.38753
0.46166
0.82104
0.52776
0.31788
0.45922
0.62428
0.61385
0.89030
0.56996
0.47083
0.29649
0.36125
0.43710
0.22828
0.46266
0.59098
0.27907
0.62875
0.70849
0.40714
0.36698
0.76157
0.34171
0.49480
0.53509
0.37167
0.44841
0.56466
0.62416
0.31609
0.59219
0.82902
0.56031
0.30014
0.73096
0.26604
0.60418
0.60810
0.27719
0.52841
0.48927
0.34292
0.55596
0.36376
0.76669
0.50357
0.51223
0.51629
0.33156
0.23792
0.67102
0.34944
0.31909
0.43276
0.48638
0.43729
0.40184
0.53849
0.45925
0.61913
0.64735
0.35266
0.33105
0.36648
0.50644
0.63909
0.47988
0.23435
0.44570
0.71402
0.61498
0.76484
0.43263
0.62534
0.43436
0.46566
0.43933
0.55356
0.67161
0.26864
0.14284
0.45735
0.62674
0.39662
0.42266
0.73165
0.55002
0.35535
0.49352
0.57570
0.66305
0.86232
0.39561
0.43516
0.57468
0.76662
0.32334
0.49613
0.49320
0.51394
0.63440
0.12664
0.28517
0.63255
0.67955
0.30556
0.58101
0.54576
0.64991
0.41678
0.41874
0.59355
0.79028
0.62194
0.12220
0.50631
0.33585
0.42028
0.31527
0.24427
0.47991
0.51290
0.54013
0.53830
0.61573
0.39416
0.76304
0.47370
0.40947
0.46967
0.56094
0.42900
0.44239
0.59176
0.47372
0.87732
0.61493
0.21908
0.51672
0.73974
0.09461
0.50455
0.35734
0.62854
0.45665
0.68040
0.61937
0.45965
0.09013
0.45013
0.74417
0.47973
0.50252
0.31213
0.25494
0.88792
0.27222
0.37054
0.40632
0.64942
0.35524
0.40633
0.57404
0.68264
0.74477
0.60269
0.67768
0.59198
0.53174
0.44961
0.61939
0.63088
0.56471
0.65638
0.64912
0.45077
0.47764
0.38965
0.41175
0.63708
0.39017
0.72655
0.50261
0.58348
0.58912
0.54977
0.70423
0.31154
0.59994
0.76000
0.36103
0.42674
0.50145
0.36969
0.54509
0.29246
0.43941
0.43652
0.66700
0.35405
0.47695
0.28199
0.42523
0.50804
0.49593
0.46581
0.75189
0.47867
0.17905
0.58733
0.20744
0.33236
0.25751
0.60095
0.53437
0.66705
0.66495
0.28777
0.47514
0.74212
0.35400
0.63449
0.23887
0.60883
0.25570
0.88394
0.68393
0.17334
0.69042
0.33794
0.42193
0.56829
0.37332
0.54110
0.38953
0.30680
0.64316
0.36262
0.39879
0.19068
0.23507
0.82242
0.39311
0.38603
0.57469
0.74131
0.35142
0.46556
0.43391
0.53810
0.76021
0.33293
0.56766
0.49348
0.51218
0.67291
0.78818
0.32548
0.47113
0.66247
0.46667
0.61014
0.69316
0.66635
0.45871
0.64844
0.35687
0.04514
0.65932
0.21859
0.67118
0.24184
0.24832
0.28376
0.60086
0.56095
0.23195
0.88515
0.77194
0.33930
0.60564
0.71851
-0.03303
0.75785
0.19705
0.42237
0.58552
0.63411
0.03465
0.27491
0.42791
0.44129
0.31686
0.24219
0.54152
0.31747
0.38572
0.58948
0.02934
0.46674
0.54312
0.51909
0.50170
0.23488
0.32306
0.56129
0.95574
0.47134
0.82437
0.53975
0.81408
0.66887
0.26677
0.54219
0.43695
0.79166
0.64289
0.44285
0.23595
0.60237
0.83859
0.65314
1.02456
0.57474
0.70768
0.46922
0.73670
0.44990
0.13577
0.51612
0.63763
0.50295
0.75808
0.51363
0.59174
0.40475
0.67048
0.76248
0.61483
0.25802
0.78001
0.76457
0.24069
0.22349
0.27593
0.47517
0.58531
0.54265
0.56843
0.70141
0.48898
0.44557
0.45808
0.52439
0.60032
0.38233
0.63401
0.40915
0.35574
0.48171
0.82986
0.15187
0.41108
0.64109
0.78657
0.45061
0.29916
0.33970
0.80342
0.57506
0.49030
0.60527
0.42209
0.78907
0.29324
0.27884
0.56010
0.22006
0.37350
0.48089
-0.00766
0.63546
0.43503
0.52465
0.50396
0.43454
0.48579
0.58276
0.35025
0.56102
0.34336
0.48088
0.40675
0.51564
0.73688
0.42109
0.45187
0.48761
0.23531
0.48538
0.34669
0.79399
0.41739
0.56957
0.56740
0.71942
0.99281
0.29178
0.29901
0.77308
0.78391
0.63105
0.41925
0.31337
0.65740
0.52084
0.69069
0.48352
0.42195
0.28266
0.43499
0.59056
0.52686
0.44601
0.77917
0.60711
0.62765
0.62028
0.42971
0.73648
0.54424
0.57492
0.49006
0.48406
0.45604
0.50265
0.50310
0.41190
0.71946
0.45899
0.67217
0.47915
0.56237
0.72768
0.62391
0.31634
0.79216
0.36316
0.57845
0.48929
0.47109
0.49345
0.50680
0.23501
0.45800
0.34901
0.72623
0.46657
0.36069
0.16862
0.66443
0.52705
0.23631
0.81833
0.48253
0.35674
0.77898
1.01621
0.59984
0.53712
0.11713
0.39600
0.53235
0.34598
0.61639
0.55074
0.61461
0.64286
0.62796
0.63309
0.44022
0.66997
0.58023
0.44070
0.31405
0.41264
0.35309
0.65282
0.42767
0.29202
0.44711
0.49696
0.23018
0.44241
0.00241
0.74254
0.69422
0.62920
0.78762
0.58813
0.58734
0.75813
0.88279
0.72175
0.72097
0.60478
0.41745
0.61240
0.39486
0.65843
0.33868
0.95796
0.38690
0.61784
0.47786
0.25929
0.28252
0.54134
0.43579
0.70069
0.40730
0.77177
0.43925
0.47187
0.32122
0.28651
0.53055
0.27285
0.54954
0.59844
0.67229
0.61310
0.64831
0.16787
0.40975
0.31809
0.30415
0.68914
0.29660
0.63109
0.40211
0.52252
0.70115
0.33672
