-1.174577615140071289e-13
8.234376627886871776e-11
-1.084455807749188308e-08
-1.719478244507406465e-14
-3.214070328345747413e-09
-2.486987683686416230e-12
-1.041486242659272910e-11
-1.207274453681027429e-09
-3.394887210574489745e-08
-2.906298394703894572e-13
-2.024095570358353792e-13
-2.457450958068734692e-08
-2.659269809255074632e-11
-3.960258416703912397e-11
1.072637376324419435e-08
-1.427881868237589665e-04
-6.171765340022924899e-10
3.015415039337979460e-11
-1.617596969695268548e-09
-2.894764496057230404e-10
-9.399186654478349067e-10
-2.432998765263809770e-09
-2.073526522706664657e-10
-6.031817542597461582e-13
2.075557715627764577e-16
-5.827224487397962151e-10
1.293248075677660918e-11
-6.583327092819194850e-19
-1.364831591339310082e-11
-4.377171121917732965e-10
-3.001199655490001651e-07
-3.408725127402469520e-11
2.804520293118566810e-11
-1.255928809968823457e-09
-3.081046728877450496e-09
-2.816159527619525441e-14
-1.651689575177447316e-13
3.252044840675809211e-08
-7.337545863753641096e-12
-4.279495576885803898e-11
-1.430612351737360538e-09
-5.901518623348023880e-11
-5.024510341640422422e-12
-1.740876592690332968e-12
-5.343869786487994813e-12
-1.134670618888959505e-10
-3.681472215154023980e-07
-2.839363218790814268e-08
-6.160161599054539165e-14
-9.577874295441397392e-17
-6.285915191077704770e-13
-6.205366457605211051e-11
-1.731282398235497239e-16
-1.593312596017448009e-04
-1.803131514727095935e-09
-5.393118745954373834e-06
-1.129404403774815607e-13
-2.196528066618354395e-07
-3.325069025050865689e-10
-1.342554321820318568e-10
-1.003480458714417740e-07
-7.218858217466413571e-10
-6.850428788245491064e-11
-4.857761595279109511e-09
-1.672114489941932080e-12
-1.380201839087031533e-10
-8.587003768389129821e-01
-7.549465017350136454e-12
-1.476621637573565113e-12
-3.120679661311544008e-11
-2.131831467174329730e-09
1.424379425387302944e-01
-2.135437045664278671e-08
-1.339559389507210998e-11
-5.748618040799875569e-14
-1.519294244772474106e-13
-4.538151315312655406e-10
-2.631595755604600334e-16
-2.974611238426862759e-16
-3.259126560023685773e-10
-1.504134523720313853e-10
-2.318707663648167500e-08
-5.056874448186201513e-12
-8.373480568629900607e-10
-4.905574834414635130e-13
-3.227188666803314306e-14
-6.616718422406029213e-11
-9.166221522718679901e-11
4.526302636799985778e-10
-1.196849895688564968e-11
-2.051484618543068014e-14
-6.968468216566792557e-12
2.253281724875728688e-12
-4.579405534684596521e-10
-9.520479588403000929e-12
-1.978071392988695953e-09
-1.155632404833087846e-13
-1.685090993504093550e-14
-2.206381226191012575e-08
-1.788960483958212943e-10
2.004444473169231846e-10
-6.366129758859730475e-10
-7.333413104676398557e-10
-1.419619096877558859e-10
2.675654986934765783e-11
-4.894986217972959906e-12
-9.299897634549153157e-14
-7.066219334084149163e-07
-2.812687717330642989e-08
-1.024523856036232059e-11
-3.361932937837424333e-14
-1.676600145334288817e-09
-3.139553759089256133e-09
-4.319395594072184714e-09
-2.510676142995652435e-13
7.940441471906081846e-16
-6.779702600391397309e-16
-8.278730942775522820e-11
-2.945662168293957173e-15
1.167863635229759504e-12
-1.438796584439085531e-12
5.883794511853308352e-05
-1.388153157467832830e-08
-1.764149008503277392e-13
-1.118347726714604653e-09
-4.797375229553155876e-10
-1.062535625386477575e-14
-1.311189859115556355e-13
-3.567746650767058258e-12
-1.074772948581839835e-11
-6.121296675636779684e-10
-7.277576553594003788e-14
-1.982504620147316743e-13
-4.065865366755240743e-15
-2.076221790658878727e-09
-4.884678525680224403e-10
-2.044238191475583373e-07
1.818248208352756903e-16
-5.166564228946148561e-06
-1.126510854964330324e-05
1.951924642004534302e-06
-3.848272902612917540e-10
-3.133930917476206310e-09
-2.322132661966212104e-08
-7.353066222150205708e-08
-7.809249490537745046e-10
-1.584686328068141094e-11
4.898855015840005001e-12
-6.237329465946403243e-11
-4.719791903019241578e-09
-8.489140106324039409e-07
-1.001617252827041999e-08
-9.899372798922120088e-17
-1.532257155114463626e-06
-3.014473881902735077e-10
-1.024083890659903163e-11
-1.831133350054707387e-18
-9.628945992535972856e-10
-1.517597552469688025e-08
-8.322449304240694381e-14
-1.101721220242468638e-10
-2.129763440309732165e-14
-5.336307319595546694e-16
-1.454580413157012689e-09
6.122064507697167470e-13
6.313489733993123592e-16
4.466142381715798815e-14
-4.851516846881262161e-10
-7.007044328521168191e-11
-6.124259243024854788e-12
-2.581299318504514895e-12
-3.664826271144238859e-06
-3.805228348887185145e-08
-8.283746613748472234e-08
-1.637561236713902606e-12
-1.364244528188218591e-11
-5.939791964555731477e-07
-1.318720614472568374e-14
-3.043331630628327675e-06
-2.746419832707094404e-14
-1.074042651062073363e-06
8.901697382247512841e-11
-9.594342183153363810e-16
1.615314051192334434e-05
-2.750013757064588585e-12
-1.630064259974729692e-10
-5.802001610307573213e-11
-5.677902781353521394e-07
-1.017324964995987604e-09
-1.001978943823649744e-11
-1.942567919862147243e-12
-1.098151137819625694e-10
7.420855185414163459e-06
-4.808058374660821144e-09
-2.376065357661519836e-12
-6.695848757788799366e-12
-1.637781113623216567e-06
-4.477160224133308919e-11
-3.515667548376922972e-06
3.536992094525526440e-07
-3.634752137471541208e-15
-4.392891344530026475e-04
-8.132060508351201292e-09
-9.573087183094087926e-11
-4.249561603629786534e-08
-7.779978854749864582e-11
-9.325496467292516978e-14
-5.072878738570622095e-13
-3.766912566417378258e-13
-1.905868525035236890e-07
-2.065480931661806513e-15
-3.567037292682583208e-15
-1.753754498929732382e-04
-4.069751042730802286e-10
-5.169989774270629960e-09
-3.385563567301714795e-12
-6.545973552530828085e-11
-1.543461370604806060e-07
-4.922475215181604018e-11
-3.689608342849699651e-12
-1.010458215089469012e-12
-1.743960865251890014e-12
-3.453595136731705889e-13
-4.728694833880935747e-09
-1.623628439398181473e-10
-2.022775388443692453e-04
-9.307915649406230413e-07
-6.201537143725305766e-13
-1.141333497521166203e-10
-5.514969399412004572e-12
-7.554059362534738559e-09
-1.492695755466479238e-09
3.064796161203783807e-09
-5.699581464219561183e-10
-1.278751807379358103e-11
-2.290844334751240214e-09
-7.777612767915772317e-11
9.093996976086552519e-13
-1.698064075292382531e-10
-5.413235144316044459e-05
-1.585512666554939429e-08
-2.910550143314452586e-09
-6.417608575232546542e-12
-6.740104262584726284e-09
-4.254252869331626765e-08
-4.122977360604654956e-09
-1.203141590991256674e-07
-8.112535545265389365e-12
2.000804707830971738e-02
-3.840027950984671373e-11
-2.581014704380512338e-11
-1.339223716455946836e-11
-5.023337903908975220e-08
-5.018576334537266313e-11
1.058154076353359221e-06
-1.554861388776178086e-15
-4.247167177709679962e-10
-1.620055371424336129e-12
-7.505658433526468751e-13
-9.080178980579180723e-11
-2.492217382755555212e-15
-5.175672914914992131e-11
-8.947694546206646712e-14
-1.333541022624377569e-08
-2.027723284168095968e-07
-3.868107801977854917e-05
-1.141851692002364714e-13
-2.107485994805592119e-13
-1.806523778438018736e-07
-7.213041983851723610e-14
-3.725262444701453209e-14
-3.607744472159413281e-11
-9.315785358670115212e-11
-1.123425992646768558e-12
-4.433319178944044279e-12
-4.933198679390922668e-07
-1.151587578955030358e-10
-3.185772867800087742e-11
-2.082243649634237239e-09
3.906287140346534847e-10
-2.073796363533889563e-11
1.530986877280482707e-09
-1.500214586157670880e-11
-3.907107634707232011e-13
-2.224785105213888927e-14
-3.573120665419220891e-08
-7.383467531316455570e-04
3.077816844716384929e-10
-1.197832285298147877e-09
4.727769005150983094e-04
-2.568986680600076604e-12
-3.008819139414250715e-10
-4.974697529114510347e-16
-1.558253922862246050e-11
-2.782097173233532795e-13
-4.142088137636256230e-09
-2.758554392355902699e-12
-1.128989412561698306e-10
5.627753388966505131e-08
-2.756753125923518494e-10
4.322927517874951378e-13
-2.906626569242896594e-12
-3.579700727739224913e-09
-3.167882775462322940e-06
-4.522602949970234593e-08
-9.489115226769878396e-16
4.330170769154410495e-13
1.251462604947920048e-10
-2.892696897491670242e-08
-2.156423734120089480e-14
-1.372445558801602801e-15
-2.129479947011196224e-10
2.829954474450623968e-13
-3.611709248520998376e-11
-4.669154257046588540e-09
-3.431685180822574347e-12
-3.772581103353668708e-09
-9.331509050333421587e-13
-2.132724362147813757e-07
-5.323116494268992912e-06
-2.362656941009554773e-06
-1.982608607548065105e-11
-3.417100905175614701e-10
-1.291919905437690792e-07
-1.854613596399165312e-09
-2.475491458652652841e-15
-1.104395274397504223e-07
-1.149614665901999638e-15
4.470226161604245845e-16
-2.654414633892597610e-08
-1.266513920738256475e-08
-1.722645953485542929e-13
-2.038136829265350352e-08
-2.456559771361288281e-11
-1.200881601323251100e-10
4.678475142026605757e-09
-1.986351482138564556e-06
-2.137451463230080101e-09
-2.666020294858275458e-09
-6.832235329750414436e-09
-5.447939003838817370e-15
-2.417821423831581929e-03
-2.847540887183650564e-15
-1.255417221097442662e-09
-1.319962483186355962e-10
-3.223060222220177457e-10
-1.455424276346238231e-17
2.926769385752262230e-07
-2.433755512926978996e-11
4.463726996334124841e-12
-1.105605875100180232e-07
-3.731591189120357485e-10
-1.741276697629194907e-04
3.936383465221338886e-11
-3.513069470089632531e-10
3.801859686713869260e-06
-6.472731821874868378e-11
-1.339833150118634952e-10
-5.813577125983649327e-12
-9.104923722848491828e-11
-4.627456928410642708e-16
-2.950862106485012096e-08
-6.397947761377080728e-15
-6.281813730674684658e-15
2.797570623597004672e-16
-8.942118024710857704e-13
-2.244141980249676897e-08
2.167891385621314863e-12
-3.387502036174764117e-15
8.761572908051845631e-10
-5.931658634807665158e-07
-8.105415871825955975e-14
-2.095011839536755177e-12
-2.308891385608266477e-12
-2.182961615287688007e-07
-2.820179852336696494e-12
1.428257108589258083e-09
-1.731204803087730043e-09
-1.181791873632630288e-12
-1.087837850910565339e-13
-2.757425652566381120e-08
-1.388344626928648899e-10
-3.827256212921551416e-14
-1.119341692248919825e-15
-3.001951114272278045e-04
-5.960838598021159222e-09
-5.720514716326466954e-13
-4.512008972285644971e-09
-8.185439487777688935e-15
-1.185331296543094844e-08
-4.219987371171543829e-11
-2.744331136413000392e-12
-3.248316363045216751e-11
-8.571537838154134277e-13
-1.672415374507100211e-10
-6.470585609531977502e-13
-1.442453368452384155e-08
-1.704806156830642102e-12
-3.900085736491575955e-11
-2.062452034846395160e-08
-1.374631146945605324e-11
-3.499018971001258877e-06
-3.343694160598146690e-08
-1.240093108051726476e-11
-4.044405092256967515e-10
-3.755732711640823636e-12
-6.687181628590730773e-13
-9.105571732010237304e-06
-3.556620041475594275e-12
-1.028224789253129308e-12
-1.948826386490299920e-07
-1.151417373606681602e-10
-4.178900793492434009e-09
-6.839661607888095928e-08
-3.964457156714637070e-09
-2.792486767603633224e-08
3.191449232664704237e-18
1.665755539493287179e-09
-1.409718466558447777e-10
-1.918818408905538185e-13
-2.126330687824244179e-12
-4.074606162405349726e-11
-4.200448451026581007e-09
-7.589268847883596405e-15
-1.461249015346366476e-10
-9.746796969122571858e-12
-4.320929745729691269e-19
-2.118259277346019814e-12
-3.561195925754287222e-12
-2.471683271319865020e-06
-2.513125123295666170e-13
-7.831717443446802356e-10
-4.389211034465838209e-07
-6.170611335469064258e-13
-8.267752875062205587e-13
-1.695273667507265262e-09
-1.602077727072549737e-10
-9.395751871371292453e-08
-2.602628486350405189e-11
-2.087238337477480042e-17
-1.791209958380945408e-07
-5.255344191885114421e-11
-3.669198577537971429e-15
-1.397399083832749112e-10
-3.946771204356857868e-13
-3.720960207657371322e-12
-1.467180088626887540e-14
-8.045247752140788448e-13
-5.585465149861239885e-09
-2.731428902340312336e-13
7.156704963758556136e-12
-3.506393832552935033e-12
-5.488892354338204252e-12
-5.242522112906570912e-11
-1.161944155169902714e-09
1.245937127591057092e-09
-4.622196002808172548e-11
-3.413897030172018081e-15
-1.001539341559295852e-11
2.339202700989194255e-08
-4.865004056222046797e-12
1.964984401065418867e-13
-9.889326053261140754e-14
-3.450894028542546658e-17
-1.410765806016395930e-08
-2.425614812196384076e-11
-5.683128628862470958e-08
-1.310497958078467899e-09
-4.880122884560683784e-09
-6.918032677518129723e-12
-2.210773711154660271e-10
-4.022466443779437705e-12
-6.232151046117776020e-09
-2.144478097710182594e-12
-8.849680946279397978e-15
-4.195842826778701081e-10
-2.347666340143101018e-08
-1.018013611510608493e-14
-5.214468555113045770e-09
-7.002384250123097164e-12
-2.620866234935666762e-11
4.861675219442739706e-10
-1.470267476693607645e-06
-2.606642813795424576e-10
-3.995777222884144571e-13
-9.895690503874499443e-09
-6.395556791895963747e-12
-1.070877742605890625e-14
-7.482814365736855838e-11
5.858383946629169899e-08
-3.170546461449879074e-14
-3.393090821302919223e-07
-9.592581094639724667e-14
-2.766846293222491242e-11
-4.452784527320205344e-08
-3.422607008901618918e-11
-1.198962529445429096e-11
-6.478240780305438588e-08
-2.069904291424710389e-10
3.354030749875294229e-10
-4.853564065877565615e-14
-1.000096043027515258e-11
6.510914578921218985e-12
-4.107131589839809404e-11
-9.951813085205110783e-09
-1.277323977869374120e-05
-9.537543410765521931e-13
-5.791487707145738187e-09
-9.199847636289188692e-07
-1.131135273918084804e-09
-5.296119357803495038e-10
-8.776791662209096044e-10
-5.153056141406713853e-10
-3.647736751256620663e-11
-2.630234867011523852e-11
-8.036301729120734496e-08
-6.747051623202762249e-13
-1.641833814081464570e-09
-4.390879270481737885e-08
-4.434447905676986119e-10
1.599796768447255916e-11
-5.626843899245925223e-12
-6.410758128985396433e-09
-6.109404098987905693e-07
-3.233724834230303070e-11
-3.622211933320912828e-14
-1.300455186714227030e-12
-5.739204280944839692e-13
-2.736792680251989049e-12
-9.561591401451452725e-14
-4.545577184416657141e-10
-1.700746366225579888e-07
-7.284807322620603148e-09
-6.461282661459489621e-12
-8.350498444466626512e-13
-4.843310680339943963e-09
-2.965333616261031690e-05
-2.827044664177134444e-12
-3.344045264289922723e-11
-3.041669420955019866e-07
-3.385944989545584290e-10
-2.942698683095352253e-15
-2.450809059844757664e-11
-1.039464931056352952e-09
-1.171389102171437562e-09
-2.589600519839962387e-14
-2.657702822484800928e-12
-2.329454101656425347e-15
-1.869634615535380521e-08
-1.139706395908609008e-11
-1.837310595503114668e-11
-2.516760976083844909e-15
-6.089372519132664826e-08
-1.042664167886581180e-10
-5.652886936847728965e-10
-1.027855203374626127e-11
-2.401788655785048351e-14
-2.959420260948509912e-04
-9.345440567308356558e-09
-5.415818766964472643e-15
-7.503873513838485447e-11
-4.407050545101552770e-07
-6.651945723507728714e-15
-7.933436598131712093e-14
-1.993868832154495299e-11
-4.594513459212813242e-07
-1.392245220424115923e-07
-6.509262686493471066e-10
-3.682753592345783098e-15
1.298865907928637348e-13
-1.509681971300919599e-03
-2.983652303293508778e-11
-1.488176351691253768e-07
-2.512636320548832298e-11
-9.602598298219782278e-08
-1.397182671957106880e-08
-1.777003949909314569e-10
-7.243976944845684265e-10
8.729401377866523053e-13
9.826254087304700957e-13
-7.127875481783763628e-11
-3.650857059806693762e-10
-3.296843278305340945e-15
-8.948407355424025548e-12
-2.120825431178388800e-09
-3.931042603712226224e-09
-2.792463754308517818e-10
-1.241599807764558575e-09
-2.261596597137705457e-10
-4.405177705941377129e-10
3.585648106754541540e-09
-3.863748424736412687e-16
-4.580625907916810587e-14
-4.362688204279927079e-07
-1.101177953630569802e-10
-9.054867363111946652e-14
-1.166086069156619222e-03
-2.335631357488177084e-12
-3.481730333044499696e-08
-1.066758300756899663e-13
-4.024295643542047417e-13
-1.172826830205590621e-13
-1.264861046535660688e-12
-1.751512888363746692e-07
-2.206359915297609157e-04
-1.548391458969460090e-08
-2.225139117144631802e-13
-1.013638876455378462e-09
-1.361244511198011447e-10
-2.602082346664761361e-06
-1.418867371074831117e-07
-1.212893057464552254e-14
-7.321279035021666544e-08
-2.747573125437961547e-08
4.058062187017216899e-07
-9.894652589116071386e-14
-5.751399803215877165e-10
-1.596915975715465840e-08
-7.026038283113573535e-12
-9.399477332781640141e-13
-7.573839877112086136e-14
5.654320756476466589e-15
-3.196971149067168910e-10
-6.255298592035649740e-10
-3.718767568523941016e-13
-3.448688046040026061e-09
-6.657370390541211672e-13
-4.626326306515408075e-13
-1.507386987337437062e-09
-1.615876659298384332e-13
-2.836346925676317861e-12
-1.792511687557136587e-10
-5.668905814886076230e-09
-9.421857129442558649e-10
-1.868446484951004827e-11
-1.741629512689676031e-12
-5.575185048430969622e-08
-6.386492849670512963e-15
-5.665240717571143724e-11
-3.578559176026512572e-10
-2.836669420268522796e-12
7.246494860223636813e-11
-2.942441433879670528e-13
1.157894502606391937e-09
-5.802780449774860558e-13
-7.706044915846937619e-15
-9.335141229835736389e-10
-3.938107829734470447e-12
-6.138499152329609839e-10
-2.848958098986630076e-08
1.201417924509545316e-13
-6.997479539537403101e-09
-7.627320793982059655e-11
-1.666905033970369719e-09
-4.511315230032190436e-15
-3.084012752454881011e-09
-4.730999939700878305e-12
-1.159046989539774818e-07
-1.322000693703862242e-10
-6.102023501818423417e-11
-3.839219384346164343e-10
-2.635683417265542392e-10
-1.504464203597163000e-14
-1.067176654349655009e-09
-1.259731487108989129e-05
-6.133558304004934277e-13
-4.752535390728298064e-06
-1.389279700556085951e-07
-3.962727844446567097e-05
-3.905012746690687164e-13
-3.068882306715128069e-10
-5.511333059421141247e-14
-1.123355420312929875e-10
-1.712253929013707979e-08
1.386576050321207638e-10
-2.639776336453954781e-12
-4.149747916501583016e-08
3.238608273225336991e-13
-3.747899827507339328e-06
-5.446782368034826726e-13
-1.752872819190739323e-05
-2.512876752035887407e-16
-7.940725308340668805e-14
3.785020150228890546e-06
-4.199103420467700121e-14
-2.882530417218929054e-08
-1.122519233085974260e-08
-6.430519813898039280e-13
-2.964789859084984234e-09
-1.654495663964161977e-11
-1.819280984659790015e-09
1.798724937396162992e-06
-5.327171303213110784e-11
-5.795262616915440322e-06
-1.536941562701001736e-09
-6.323913768889721181e-07
-1.180671493541523465e-05
-8.655770219089101716e-16
-6.242883347492021974e-10
-4.391593437756221624e-08
-1.763112520189348964e-10
-1.448246123732323949e-13
-6.781641668164390017e-10
-4.796060691503462133e-12
-1.212685183018485774e-09
-6.687106804118809523e-11
-6.333595109727176383e-14
-1.864604946939215217e-05
-6.008165590697737544e-11
-3.880079391952792212e-12
-1.289191962053639307e-10
-1.247655283990842320e-13
-2.468789589592737742e-16
-3.837884117853008458e-07
-9.901968868171346870e-10
-1.143144237204658329e-11
-4.981559165846682236e-11
-3.551855051305911840e-13
-2.635503423153211327e-13
-1.176282587216485654e-11
-8.132637290470693092e-11
-2.154219072605148099e-12
-4.615620897445550162e-08
-6.896231074977698788e-06
-2.670314980727710978e-12
1.192841636872230828e-05
-2.071349613627536671e-12
-3.698383691640018227e-04
-3.703065958242379358e-07
-1.005273684472392731e-09
-1.563640022038722693e-12
-8.412961651072661276e-12
-1.160858557366219923e-07
-9.590838519525347404e-17
-1.125053002918289998e-13
-6.552448171208295013e-07
-3.067554046947276147e-14
-9.295240848320987459e-14
-4.918654411624997502e-01
-2.946626350030518214e-14
-4.607606708716941789e-08
-5.101894266848976271e-10
-2.427580190016069250e-10
2.391152625467591044e-14
-3.262639590408821129e-04
7.568812153268779871e-09
-5.807655884985950573e-11
4.261380718724695453e-09
-1.740987952629701667e-07
-4.689848450253184044e-07
-1.038822520862283697e-12
-3.562427347910098046e-10
-2.362329847507275676e-08
-6.103014312608353318e-12
1.436736886606598991e-03
-1.248776609892569192e-09
6.426664905934443084e-11
-2.086865436740787934e-10
1.115421129891730573e-11
-3.879937515067295641e-06
-2.070298000597168393e-07
-7.359747693194656563e-11
-1.631853986272079924e-16
-1.555759213801886610e-10
-6.736744689397631959e-16
-2.618100345162934829e-11
-6.228787644201383271e-16
-9.070320614954105299e-14
-1.428673800452972482e-06
-6.071477367794979963e-10
-1.573063259220917965e-10
-1.244503060369839389e-16
-5.551647690785038302e-12
-2.194306453730981571e-11
-1.463158848073134979e-06
-1.327788813458221552e-12
-1.031612407642044438e-15
-4.405964558605883156e-14
-3.211520481339254277e-19
-4.388993272454085228e-12
-2.094272006959294267e-15
-1.988879996272365886e-11
-4.286747697899167403e-13
-1.305036494591298200e-09
-8.196502928129550971e-06
-7.603857611208222133e-10
-1.247054077521923794e-12
-3.222078001727997501e-11
-1.643627933804098133e-15
-7.226816980383456023e-11
-5.907053025126842015e-11
-5.036000490726729936e-11
-1.524622625333556867e-12
-1.466258766260867024e-13
-1.982556713828723186e-11
-3.423371492231021761e-05
-9.084906093414475345e-13
-3.947113269735335384e-13
-2.156604321506278761e-05
-1.483826827417901807e-06
-1.306226667946765515e-06
-3.070234685227217682e-12
-6.572234439437602623e-12
-6.294550388203636703e-10
-8.942081030930895400e-11
-2.651215654690648731e-13
-7.853496555094795600e-10
-1.086368426067886120e-10
-1.715694220812912655e-09
-8.537643439971784165e-10
-3.823607135617592174e-11
-7.710242341591432346e-08
-1.726149433195424581e-11
3.457594022292956361e-11
-1.337812221683751613e-08
-2.553584483337432531e-10
-5.015991207934373501e-16
-3.370042387032570584e-05
-2.988634919299140873e-09
-1.529366965742381837e-12
-7.125605062207062111e-17
-4.740467609741013030e-10
-3.381638322054493179e-09
-3.526521049431884768e-09
-3.009723112509812069e-13
-7.385441332630944270e-11
-1.514609749849696277e-12
-6.245231901196217996e-13
-2.085881934925930964e-10
-1.493368708754408946e-14
-6.992060610002931501e-09
3.434163150834572123e-09
-3.546413360251962332e-14
-5.707965280562253134e-07
-6.839921978750821434e-09
-7.074220126315460818e-09
6.140808286557564014e-05
-1.085727310804195615e-11
3.295945384368056133e-10
-2.410056109662109673e-11
-3.351752980627505592e-09
-5.024756915127667609e-10
-8.920357161156444364e-10
-9.372023928303807964e-12
-1.145429086560831294e-09
-2.496829890956770839e-10
-6.828707095405350321e-07
-3.931193899468196459e-11
-7.688236046634686709e-10
-3.576391458251710951e-09
-5.533608976134898793e-14
-1.712743829095328614e-09
-5.754792220660686631e-10
-5.830130199415745564e-12
-4.278988421436214721e-07
-7.740336627467672015e-10
-2.321855030583886106e-08
-4.735699400106469552e-17
-1.053193602074111286e-08
-2.550248679969907517e-12
-2.544498993393953694e-11
-1.343490909482169415e-16
-2.950795633648834523e-17
-1.902774397804778179e-07
-2.854658472698464833e-07
-5.673661612079701146e-14
-2.472978642470955080e-16
-1.644279045100592262e-12
-1.671682532778124046e-10
-1.251481940676004002e-06
-6.084759274387957433e-13
-2.494164125020319144e-11
-6.637694563051149854e-16
-1.588078798690991685e-10
-1.295634304940342079e-10
-4.564789889327234201e-06
-7.234818488723224430e-11
-3.455732511738063354e-12
-4.611824654071637966e-11
-4.218485134999154149e-11
-2.382343383311200859e-13
-7.306630961146558325e-13
-1.038455837911405326e-10
-1.783423260481416079e-11
-2.402154351941925138e-11
-1.021724836756799730e-13
-1.425497771448018262e-10
-1.561475312656240329e-11
-4.863625878811619657e-08
9.393915511051968979e-11
-1.752738328994909685e-09
-1.928495157230143941e-11
-2.577941553437937337e-10
-1.093734996753592423e-09
-1.504403333766565746e-14
-3.136201177639276312e-11
-9.728357929199621640e-14
-1.787687157496824325e-12
9.965042246865379886e-13
-6.803842342467818131e-15
-1.756301631444683128e-12
-3.344100636667106359e-08
-2.890312079456813793e-16
-2.043598781659796719e-07
-1.188043009383909716e-11
-1.487263744997521535e-10
-1.205875348883806558e-09
-6.667569070300632150e-12
-2.438875733486007276e-10
-8.908682151182306669e-20
-4.136019715149239435e-10
-4.736858551246474237e-08
-6.588184219087079246e-14
-4.016057828533632047e-09
-4.790097413056845616e-09
-8.512353372471673543e-07
-4.770054728001844256e-12
-7.105667530078078703e-09
-1.579742564944010722e-06
-2.028382389793084357e-13
-1.137836326428558045e-10
-2.644881223371512125e-08
-5.070249347563119006e-13
-9.902682493318904111e-19
2.480076256550615761e-13
-4.781705022419854784e-11
2.414023397903583144e-06
-1.739183861942703416e-08
-9.534233346300854129e-12
-9.135976480745344190e-07
3.651448902956383220e-13
-6.111870803552422808e-13
-8.345064629624211478e-13
-3.537028037252589070e-11
-7.728173534303034274e-14
-1.176320518742864231e-12
-3.103372728423909260e-11
-3.013156072290872637e-13
-4.121738612327132779e-14
3.192976124051783296e-09
-1.726959093948152637e-10
-4.261139041297638236e-10
-3.862721142795625322e-08
-2.229684425438896032e-12
-8.439997056250229341e-09
-2.072142666012156625e-06
-2.778473249132915392e-09
-1.491908932845880218e-10
-1.170515615333745285e-04
-8.678837950424174656e-11
-6.101348020782353142e-06
-3.803627359259369107e-14
-3.201357565747683598e-11
-1.980902085519765387e-10
-4.635889328828216981e-14
-2.656196840915043879e-11
-1.034129598283514721e-09
3.451315457269762633e-16
-1.221434888707509503e-16
-1.137846933561684210e-15
-3.047067625726649393e-13
-3.127677619295779156e-12
6.986037966160967320e-12
-2.027902719947308421e-12
-1.213181957684891115e-07
-2.331848595606870845e-14
-1.514991971206249232e-06
-7.367559372413225125e-19
-3.038238416431851001e-09
-1.836718653187344905e-12
-3.269663348863559605e-09
-7.846540734083793501e-06
-3.320638639785836283e-09
-1.381722500839954020e-10
-5.763379938865993352e-08
-1.341465383941735275e-12
-1.777006059559520279e-08
-2.524892491161187553e-14
-5.834620762426847495e-12
2.706407810511085049e-10
-1.811439965369781675e-08
5.655013157370492002e-09
-4.624184316437191098e-09
-1.165776606327274867e-05
-1.136410176724068032e-10
-1.214067469123828712e-10
-9.834104053044362096e-13
-1.475747575904536804e-12
-1.923781913179584347e-14
-5.758542379306969506e-06
-9.302878834725821254e-06
-4.475553438560411029e-08
1.652915922453381622e-06
-3.365752962477512002e-13
-7.218731440526156098e-09
-3.264179199369101384e-12
-5.772059126905689250e-10
-1.149860165323341731e-10
-1.017612997949421982e-15
-3.420693797294678338e-08
