7.845890406240380376e-14
2.939597411580642996e-10
5.903367577569472075e-09
9.368552765185139193e-15
1.841272408805105112e-09
1.600372617651797934e-11
3.516642746453080452e-12
7.171857350581276431e-10
-3.206302455382758409e-08
1.658835873159067965e-13
1.342562652486656788e-13
1.342006170872840838e-08
-2.050073831843022379e-11
2.559118027654703714e-11
3.542237050117777132e-08
9.471771676556627376e-05
3.376380773370568982e-10
1.038209564016729270e-10
-1.465645287780669565e-09
1.573147491976128204e-10
5.236836146191242418e-10
-4.872110796418101864e-10
9.523540781552063939e-11
3.129192817205551842e-13
1.311693570262842112e-15
6.667201893650973842e-10
7.906044133336780904e-11
5.053323400514354418e-19
7.734258893908553087e-12
2.612025857679723939e-10
1.737301327038477552e-07
2.269048235681693781e-11
2.899032261401711215e-10
6.009869929280403271e-10
2.041116468021886767e-09
1.880229944021524105e-14
9.187645586067576939e-14
1.110049083388233342e-07
4.289427476646537327e-12
2.355409034945729485e-11
7.669879460261896199e-10
-4.065281706622830695e-11
2.756281546253336842e-12
9.731030301983140637e-13
3.550272899140540396e-12
-5.321043800153822359e-11
5.367548972683326937e-07
1.590880271535807253e-08
3.346647925819628648e-14
2.139439647655851823e-16
3.528948572101988686e-13
3.372720677581778778e-11
2.586394955394433413e-16
8.787094205935830793e-05
9.317228843715713400e-10
2.959424521559806935e-06
6.042701736085142230e-14
1.182317524676562306e-07
1.870021183466072835e-10
7.292198379446756405e-11
5.500955595818939327e-08
2.530138237289829297e-10
4.189454468460258221e-11
2.665980885550482538e-09
9.439105192167276339e-13
1.562150515647411463e-10
-8.306916338723125959e-01
3.825692168357810840e-11
7.928648695530445482e-13
1.690235191062648727e-11
1.212361944476649050e-09
4.835968351380577346e-01
1.419399414157084943e-08
-9.671038232156079775e-12
2.279408837528310755e-12
1.069020808702523756e-13
2.698069692693014423e-10
1.440360659021313354e-16
1.634894567086389916e-16
1.759555212662194449e-10
8.258705845681083311e-11
1.216389564376720195e-08
3.004952656184231218e-12
-8.014423665844588432e-10
3.455470186183226535e-13
1.754265407916597725e-14
3.666884877697958508e-11
6.131184439489143383e-11
1.581869158333483996e-09
7.574278998064660042e-12
1.220256436416422478e-14
3.558689425795289051e-12
1.212393780081147315e-11
2.564508706291984761e-10
-5.956262269087728599e-12
1.125609379539704318e-09
8.183365774275507247e-14
3.632339635758733754e-15
1.181336623192029656e-08
-1.613939179808041860e-10
8.332233999885656668e-10
3.036510855685511742e-10
3.960528455033392470e-10
7.695112578811978677e-11
1.122940800254696379e-10
2.697077604828486973e-12
5.765688619081256253e-14
4.051938602416507345e-07
1.407844681855297678e-08
8.586938765150213430e-12
2.813996669221192357e-14
8.727943351935472544e-10
2.001148850509127503e-09
-2.391315175798450750e-10
1.245572936641409387e-13
5.030179922475792657e-15
2.472654956657999798e-15
9.137926425137902535e-11
-1.865946818321944607e-15
3.853004654411446395e-12
7.903110416645799213e-13
1.924628162574298538e-04
7.553407342819741265e-09
9.101457034551595770e-14
7.544585078250369182e-10
2.568656131995227183e-10
1.617843037612702311e-14
7.237395707333576547e-14
1.940130342289067499e-12
7.111604761201289716e-12
2.009722316003089708e-09
-2.527627665319259306e-14
1.105674716097958129e-13
3.121790853999958598e-16
1.127523385413437416e-09
2.630790749699177678e-10
1.099824161011956602e-07
1.371542661692018399e-15
-3.858252228626077525e-06
6.243184551447434324e-06
6.572379209915176142e-06
2.089096791297813111e-10
1.702656979582446651e-09
6.805319746803407083e-08
3.993717682696939569e-08
4.247571286788334066e-10
-1.383023384690445541e-12
1.802983785930789489e-11
3.455364580516816377e-11
2.588132297086380932e-09
-8.095903674527173454e-07
5.445300199892410133e-09
5.460324941197876356e-17
4.419590777826132308e-06
1.652625525834085534e-10
2.073378840553098531e-12
1.969309854612211712e-19
5.242800858027267127e-10
8.328397781852465957e-09
4.551756752472834455e-14
5.992216184645097256e-11
6.057154083094257163e-14
3.346857889549079910e-16
6.795803446585608646e-10
2.260997096890081707e-12
2.331352051314937189e-15
2.879265136022547413e-13
2.674148196095805487e-10
3.830213125858904969e-11
3.329530339376762590e-12
1.576086445415003672e-12
2.465127504168005753e-06
2.229731908292782121e-08
4.497917703302502926e-08
1.142082925289695159e-12
1.069779544118827083e-11
3.274665403261932903e-07
9.568719758685168308e-15
1.705480489045238835e-06
1.832408774808091159e-14
5.891072223791242646e-07
3.627338447083302358e-10
8.589577807491279180e-16
5.484275464278812678e-05
1.440819731970981164e-12
5.993476209488382524e-10
3.865498983414482838e-11
3.043088983437949793e-07
5.724224768399048027e-10
3.187594354421219223e-12
2.770394423850332042e-12
7.256059106125734299e-11
2.497472711173801528e-05
-2.200733259479355725e-09
2.426440556941397165e-11
-5.857595137234832696e-13
9.524541415723134498e-07
2.435876077212181531e-11
-3.071069961072566902e-06
1.199863186697995609e-06
1.999497029161066141e-15
-4.202715622347691056e-04
4.634310916679068218e-09
5.103712498973258206e-11
2.344264625131339815e-08
3.438890403199657162e-11
5.171375413926128291e-14
2.622416307924150285e-12
1.581356448634710136e-13
1.067618137234199070e-07
4.886005168856070407e-15
1.958019949842878455e-15
9.524062543749064623e-05
1.084710129599206804e-10
2.840501578438760153e-09
1.859271021825249102e-12
3.417026850397230215e-11
1.032167133372913997e-07
2.698383277249544587e-11
2.066193504589839532e-12
5.454860215383282584e-13
9.740027946802258770e-13
-1.131124904130021096e-13
2.956566032203569192e-09
8.887569826559350893e-11
1.381153488612149420e-04
5.430450955557388762e-07
3.741836434078254710e-13
6.222141196717010003e-11
3.026930129057647636e-12
1.096806248209879519e-08
-1.408060763527661100e-09
1.093153635045275415e-08
3.097698378160904823e-10
-1.002623215198155257e-11
1.256241617342988934e-09
4.290199768446510365e-11
6.319892252700871251e-12
3.110840448499619502e-10
3.164649908106194066e-05
8.615917227879211921e-09
1.878093905207939970e-09
3.595276679292276250e-12
3.618781268363292318e-09
2.333742050561124172e-08
2.246416526994384065e-09
6.413176282103568469e-08
4.469462297171240958e-12
6.735722764124439654e-02
2.152665613838624453e-11
1.404409167498592010e-11
7.284726835700583276e-12
-2.717821681233713400e-08
7.016114157689997951e-11
3.593538152587072920e-06
5.949728722852625143e-15
2.358364770165074606e-10
8.823435983427190179e-13
6.990778219113414620e-13
4.885058511035528967e-11
1.509653380785136663e-15
2.832338944627972190e-11
5.069038790408477786e-14
7.240647508960786615e-09
-1.941579294037805971e-07
2.638057003075825396e-05
7.117103129632537398e-14
2.202935175761509766e-12
1.010823959137373957e-07
8.192751802296907018e-14
2.017717486274302040e-14
1.967238674662541136e-11
5.007340397822193891e-11
6.343290579371559724e-13
2.410248859064682064e-12
2.682147840713649417e-07
6.284134593733230679e-11
-1.227554949731729641e-11
1.983137186271763320e-09
7.567022729115821014e-09
1.144133528720146081e-11
5.893591647692108418e-09
6.828699561493472174e-12
4.268903341480500467e-13
3.075993503651642687e-14
1.979351367780876969e-08
4.051159499471715430e-04
1.383702740409963836e-09
7.788060285908808879e-10
1.604839072315497172e-03
1.418896790123466831e-12
1.960471121039006811e-10
2.763261274412435716e-16
8.468762461208603207e-12
1.637085065504395435e-13
3.158715155005554573e-09
1.997354864991805003e-12
6.257727288074794442e-11
2.324662259078928013e-07
1.502264015060538907e-10
2.554593451539784891e-12
1.588306279105486803e-12
1.922380067634042834e-09
1.768880051060043275e-06
2.922571457372790478e-08
5.231988108154304495e-16
1.654403044319913951e-12
6.029674026690856397e-10
1.963431509658357385e-08
1.157464110389506114e-14
7.607813620367100367e-16
1.939378474939115171e-10
9.680247506257751233e-13
2.579211514241666037e-11
2.535061372000484441e-09
2.335745472754406415e-12
2.069472166920710401e-09
5.043525989702304690e-13
1.424254601884123222e-07
3.171285444543847411e-06
1.610056303657220317e-06
1.075630723398988478e-11
2.120943914300689811e-10
7.160308029774278305e-08
9.964681182094938142e-10
2.729868839068257585e-15
-1.002447507999148222e-07
6.974152469293010121e-16
1.848089543863402604e-15
1.730238355686283037e-08
7.438256680641602241e-09
9.263250255942396381e-14
1.211003445699519262e-08
1.288948074231196140e-11
6.608839489511986913e-11
1.611809987959556150e-08
1.081823081076697921e-06
1.269869802239820243e-09
1.449342861952750504e-09
4.427494465093822048e-09
3.118454635028222828e-13
1.340330937692125806e-03
9.427596396111132923e-16
-1.010518776422460896e-09
7.080104157833384957e-11
1.730729450049121510e-10
9.534475782612818192e-18
1.000677357456851593e-06
1.629212361099998098e-11
2.249590677768507004e-11
6.043208579397427278e-08
2.036523978965062028e-10
1.145282430832039684e-04
1.350729993995934647e-10
1.975826966681618702e-10
1.304665034759892127e-05
3.549699323990264630e-11
7.363472850972602312e-11
4.403972936831402537e-12
4.857754755557178172e-11
3.079461606932773467e-16
1.627937837746571207e-08
3.456855706073137496e-15
5.197537075871297835e-15
1.126088160089075076e-15
4.887864699439944828e-13
1.220178618936647777e-08
8.066766964836787080e-12
1.839846728080197637e-15
5.664054269082525897e-09
3.556595370208107105e-07
4.742474379558805802e-14
1.367131861551736500e-12
-4.889049898386051068e-13
1.416969509796007558e-07
1.540165275184263355e-12
7.417508164213364425e-09
9.231787388800069449e-10
6.429125625544553828e-13
5.913157078267308436e-14
1.939635066314328175e-08
7.913707990173822497e-11
2.651899324151216908e-14
7.279256739371330587e-16
-2.618820965305095625e-04
3.234401098482325260e-09
3.549649583055130933e-13
2.471700839795438725e-09
4.738999822607761876e-15
-3.377970255389988432e-09
2.223553933511015849e-11
1.476759620770565394e-12
1.878805199841022393e-11
1.324751941477153545e-12
9.325800927780557526e-11
3.609037578115209596e-13
8.053275561435360401e-09
9.712923107241332093e-13
2.123538490459422326e-11
1.306616977121802116e-08
2.061822976038374660e-11
1.919746541676114583e-06
1.841881386521385200e-08
7.845683590503821373e-12
2.206449430705331129e-10
2.041865854897514758e-12
3.630391891704868764e-13
4.991503054345229291e-06
1.956179037504515668e-12
6.676934048558004089e-13
1.055891958123883064e-07
6.377132550132895217e-11
-3.568427375463262752e-09
3.679438920667365690e-08
2.174515105827936722e-09
-2.689553375035435842e-08
2.443894951178899613e-17
8.439654383901255889e-09
7.149747479513660596e-10
2.652418283743894353e-13
-1.194487984874644595e-12
-3.090147064888835202e-11
-3.672188978660219200e-09
4.068520867861126652e-15
7.940872110717442377e-11
5.509872569085121135e-12
2.268422011775009867e-19
1.213559791149577418e-12
1.935675824427961491e-12
1.343160781607168932e-06
8.615417400769568241e-14
4.312138814333954021e-10
3.009762829795745438e-07
3.397045878455877489e-13
6.631628537293786307e-13
9.268987689651927887e-10
8.730270737015285873e-11
6.215244514686996683e-08
1.413152134256150233e-11
1.225282297465892304e-17
9.590381148700868593e-08
3.608503672581826098e-11
4.714012055700464189e-15
7.645237799963768952e-11
1.630467542741586119e-13
4.177596153195080930e-12
7.600235551163299090e-15
4.367105743239272139e-13
7.145690232780012542e-09
1.344552890206383162e-13
4.495677246936508200e-11
2.924713359316912358e-12
3.524795280526488370e-12
2.872208113786976446e-11
6.087872404640519766e-10
2.630775592413483369e-08
3.144942819680536202e-11
1.145617610844118544e-14
6.432800938679666940e-12
1.311570481366983360e-07
1.613676152374313709e-11
1.458931401063737026e-12
5.381885360378818205e-14
2.229495629955422579e-17
7.532480066012839447e-09
2.159400797800311883e-11
3.117452973905550818e-08
2.254048282312874155e-10
3.235221444555418180e-09
6.801037772436874037e-12
8.033437406632027599e-10
2.179744264980654675e-12
3.409672739940394273e-09
1.167807032989713856e-12
4.841122344639081577e-15
7.973846151810762196e-10
1.600171310521406300e-08
9.056902653132645958e-15
2.842343341084849358e-09
4.747212538279420802e-12
1.424965915576142889e-11
1.670493956056532182e-09
7.993361059212470248e-07
1.383672767386435819e-10
6.900208628263344801e-13
-7.101651921940514483e-09
4.217794981563239113e-12
6.028835528144500129e-15
4.011351915606004313e-11
1.989217755582347516e-07
1.729875068774946384e-14
1.808841918198999921e-07
8.831871005710044713e-13
1.503651089993247111e-11
2.905398618887788718e-08
2.333874375870336874e-11
1.768389440467224548e-11
4.325228444943043449e-08
1.160587095615563571e-10
1.130002348068723677e-09
2.879106544341628550e-14
6.504926479205016078e-12
2.452880070611413847e-11
2.257712154600494899e-11
5.392000989823006569e-09
7.506923844927669383e-06
5.259078799280572544e-13
3.766862537399708218e-09
5.456758352772293630e-07
6.300812171457455873e-10
3.534928433108593390e-10
2.281102963603824784e-09
3.437397889448951352e-10
2.356292370773689981e-11
1.516532027779844734e-11
4.367057336282642462e-08
3.678645511840947195e-13
1.169154136612787288e-09
2.404658059044919614e-08
3.903203204531455466e-10
5.548621264586431991e-11
3.053124434473395775e-12
3.485538206821756223e-09
3.271172077052997315e-07
7.373535615307729762e-11
2.064673405645885407e-14
8.415527308171876856e-13
3.242204137070892508e-13
9.535253475098109127e-12
1.387059547010636203e-13
2.702618424257409394e-10
9.302023285834347380e-08
3.993904066151762815e-09
4.459590257481187993e-12
-5.568603017715614528e-13
3.335276816466291438e-09
1.942110588356396356e-05
7.115246685458820470e-11
1.890863496477586711e-11
1.647938511873808158e-07
1.943134412166810357e-10
1.665482593727231427e-15
1.363119690973112897e-11
5.575594650591750338e-10
6.457732745473310387e-10
1.495315134149172589e-14
4.512377805413398041e-12
1.274931943011740022e-15
1.036682601199929893e-08
7.734300217762559401e-12
1.027784235632650583e-11
1.526645412949301946e-15
3.525211660105665811e-08
6.708380860416495525e-11
3.882143110467526717e-10
5.574196419931388368e-12
-3.899217534712603706e-15
1.577562150336050430e-04
-2.088243918740249739e-09
6.885783354155672380e-14
4.141083653886572457e-11
2.415278531559734013e-07
3.100471291297875434e-13
-5.052685511327013776e-14
1.369288576107357854e-11
2.232959899254406725e-07
7.569515065357098476e-08
3.589197422642248097e-10
1.843305978756180433e-15
7.928461420433480705e-13
2.200848202426625416e-03
1.594015171555740845e-11
8.083402068214599409e-08
1.617871910809374241e-11
6.623474713215681270e-08
7.762467209577598727e-09
9.743176317278095296e-11
3.930522732637877578e-10
4.985065397435803970e-12
3.658895966789967655e-12
3.891545069632042330e-11
2.014058794776681480e-10
1.931613919883860278e-15
-2.470574605223611917e-12
1.441680534457150040e-09
2.311801473499088093e-09
1.540060591321185537e-10
2.050261583728481784e-10
1.471295591843406092e-10
3.113565658586952624e-10
1.272135289371912518e-08
2.402127003866266159e-16
9.216876018566244912e-14
2.901782747912428119e-07
6.168303317594461216e-11
4.921072669437150055e-14
6.339926979765515532e-04
8.878811627747419152e-14
2.065870388796581561e-08
8.892536128981305891e-14
2.223786350023714872e-13
6.642093542578996899e-14
7.009334310372993556e-13
9.661770398968095191e-08
1.210725507082938092e-04
8.841062983464689122e-09
1.090342778467890411e-13
6.419959729238531922e-10
7.301694979805284317e-11
1.533357305414639812e-06
7.606831413354218623e-08
6.599129083645341799e-15
9.666437909568408056e-08
1.507782550488061382e-08
1.399026572668420493e-06
5.436312246249589051e-14
3.677934558655283065e-10
8.759001636844293465e-09
3.688685920568282708e-12
6.058227964609161687e-13
4.157211215637576926e-14
4.928285211044482775e-14
1.743003667207998864e-10
3.463071606259840048e-10
2.201685985428451251e-13
2.002227704291231569e-09
3.666658129134213741e-13
2.473033697673350085e-13
8.805530333617382944e-10
1.223401632100030669e-13
1.580466234097997061e-12
9.746910868068762656e-11
3.110610423974259650e-09
5.086067672125979447e-10
1.076335712091423500e-10
1.012150369807221939e-12
3.761175039611747170e-08
4.710946992117314020e-15
3.321222920056333108e-11
1.973523053440663977e-10
1.548270421554921863e-12
2.524877337798969802e-10
1.622677988470023565e-13
4.152704830405822822e-09
3.199241761384904206e-13
3.308485561910051413e-15
1.521483634430059905e-09
4.369052933443318795e-11
3.266649297599018078e-10
1.551635099068177482e-08
4.190795038058076442e-13
3.731525288893898370e-09
-5.957092192432239275e-11
1.485821834974153862e-09
4.218302711096801671e-14
3.315545386599878363e-09
9.636948713328658180e-12
7.701658703620121349e-08
-1.213618421981342346e-10
3.416784544932811473e-11
4.648592884482510744e-10
1.418007184623694363e-10
1.117712943052638199e-14
6.171485540532606232e-10
-1.126191806806481371e-05
4.154588095912724883e-13
-4.262693425324951530e-06
9.354315610594656608e-08
-3.829798308300232221e-05
2.377693848026912555e-13
1.677273086238414416e-10
5.492082812205937209e-14
6.119462997624283778e-11
-7.896626804239821421e-09
2.988261326825212265e-09
1.629927608698469491e-12
2.704177693693575334e-08
1.476364813902480824e-12
2.186923711274051064e-06
8.230710766223933604e-13
1.134921685765000224e-05
1.670876273321486197e-16
3.975395560559086116e-14
1.270296231573295027e-05
3.258733763060094590e-14
4.113073906700507634e-08
-9.637383557991464237e-09
3.641612447854692713e-13
-2.288093025520290647e-09
8.985241845464957299e-12
1.158232485992287152e-09
6.131298530275474198e-06
2.632603785048161293e-11
3.118209449259820932e-06
1.012361015585196245e-09
-6.056746126412599487e-07
6.419271261273680087e-06
5.555829037788626625e-16
1.799413950537848459e-10
3.216856665237602343e-08
9.604039043399109169e-11
7.936942353645699846e-14
9.033778478700299550e-10
6.240934246998561187e-12
7.871944644598354310e-10
3.749996531437108287e-11
3.442084048708203363e-14
9.944429845112810154e-05
5.109514879017409824e-10
2.334869602339456500e-12
7.069452937270839155e-11
6.912674742357973704e-14
2.580618932434065929e-16
2.103317189564053253e-07
5.469125245652888826e-10
6.811119114535191114e-12
2.714940212190306913e-11
1.930825787217328297e-13
1.641754822463555115e-13
6.512889251904544688e-12
2.700916978740785336e-11
1.192256962147078095e-12
2.490113373037790396e-08
-6.670584334294498379e-06
1.461651389389904267e-12
4.093454662482797358e-05
1.097041685863315624e-12
2.470127854009848212e-04
-2.373323625853615075e-07
-7.763829968002611659e-10
1.276326539882283492e-12
4.691437848778666232e-12
7.762823993809311054e-08
7.570751638528680298e-17
6.285068880031109591e-14
3.549413325064495638e-07
2.469220554585135423e-14
5.156761287415767292e-14
2.674249261803448574e-01
1.959522651699215003e-14
-2.504739519962257350e-08
2.673039363866897152e-10
1.330618727141960631e-10
1.153802025907557030e-13
2.128237442576945957e-04
3.105463458244274256e-08
2.642043368989830482e-11
1.455257657081255361e-08
9.481459561102973461e-08
3.108058920570394527e-07
7.270204664499884953e-13
2.365187773045871201e-10
1.263674180693564277e-08
1.573720125666244904e-11
4.699671042781519530e-03
-1.090388775303381743e-09
2.228885988764146067e-10
1.015845997620212161e-10
3.835527821258307016e-11
2.508315344657456758e-06
1.233294064006423712e-07
4.714523507085670072e-11
9.277901763344355571e-17
9.811434677792190284e-11
3.083215603843127829e-16
1.501824471797571869e-11
4.767267674795660848e-15
9.243235183363092295e-14
9.504459228370802782e-07
3.347893109613443615e-10
8.975622105156325181e-11
3.010823959371531142e-16
5.156842199088895416e-12
8.455218526320407198e-12
8.007905743430543030e-07
1.032189527658553840e-12
1.977319743769924219e-14
-3.915977959317311800e-14
9.190499704749795690e-20
-3.167216021227632352e-12
-1.356414414099690002e-17
2.883487027605781219e-11
4.666595202520739398e-13
7.661830590800430359e-10
-7.433182131736439158e-06
4.441793245908522765e-10
6.935086138863396082e-13
1.833064267714744474e-10
1.031629725229735635e-15
7.406143480039600155e-11
3.475605023266048254e-11
-3.354766577053092143e-11
8.302227810463665111e-13
1.257170971520767617e-13
1.457322297304225219e-11
1.841773502160087898e-05
4.978475655086158821e-13
2.201424261013668986e-13
1.471886491035168108e-05
8.058155234619385872e-07
8.870292023470255733e-07
3.381854988120306927e-11
3.635550206166414885e-12
3.422628180338977847e-10
4.905241297300978638e-11
3.630212509871187575e-13
4.263472679343301630e-10
9.035635185444558956e-11
9.508250096256612905e-10
4.680610904202481081e-10
2.593878776879530723e-11
4.140635594933114553e-08
4.865501702648886362e-12
1.502280138098501878e-10
1.015474486915074939e-08
1.661385849419299677e-10
3.685169530935831481e-16
-3.259731534152685711e-05
1.577342729119450124e-09
5.258094803015421702e-13
7.042588773500012881e-17
2.600309512247747176e-10
-3.229157000623786328e-09
1.598248514323021986e-09
1.677909310477731389e-13
4.891085269631500093e-11
1.728043758679964343e-12
3.439821992583425342e-13
1.190940259727131050e-10
8.211382811165967196e-15
3.191965429893801716e-08
1.172145514707539197e-08
2.273698833265627892e-13
4.101581852344843378e-07
4.414271366885777491e-09
3.843556268913505753e-09
2.068463908048781010e-04
6.336162268990114044e-12
1.117891196553517777e-09
9.909947934775938154e-12
1.798159319530878570e-09
7.809376357579201644e-10
4.904171187730410744e-10
5.200330830245461637e-12
2.401645591802612541e-09
1.403190834238043911e-10
3.766784915309080098e-07
2.534795637087948590e-11
4.332603034562042076e-10
2.091570599824443148e-09
3.412262292607749027e-14
1.010430494117889866e-09
3.102358065556495053e-10
3.103317376926001449e-12
-4.082982697403946664e-07
4.291497404724119898e-10
1.273988598715473574e-08
4.942134029607540705e-17
6.074280771914113468e-09
1.415451826871760118e-12
1.395612342262314505e-11
1.353525241469827969e-16
1.622402454386000736e-17
1.014296509578341641e-07
-2.547443772577482735e-07
3.082713541300570783e-14
1.361208452777011532e-16
5.909574457760291423e-13
-1.129478983932116487e-10
8.455356825786880851e-07
4.025053604236098200e-13
4.361684679803947457e-11
3.670111741905990376e-16
8.752926898438160716e-11
5.908082763222049818e-11
3.048833658239046514e-06
4.678362222095195762e-11
1.933655306502374076e-12
2.583849000205292223e-11
2.781249399650334019e-11
1.315417656073595276e-13
4.938811588199257356e-13
5.752763044542733383e-11
1.071299415081782550e-11
1.663813635227296827e-11
5.559236970293422078e-14
7.741722075268393856e-11
8.420288569863823375e-12
2.647111804427544496e-08
3.319113717155492710e-10
1.142090734605160843e-09
6.481869746269785390e-11
1.775171603607156420e-10
5.625312347086525550e-10
9.998829748424326917e-15
1.790426134391173446e-11
5.945412872319322358e-14
2.462055815187764385e-12
3.830198667174340301e-12
3.759058278345158657e-15
9.563277560683831086e-13
-3.178638062153744366e-08
1.609555958803755847e-16
1.120651360183460404e-07
6.438994711356910817e-12
8.002689996919879355e-11
1.447567033754901192e-09
9.624263567111372038e-12
1.537675970486574826e-10
3.098876261786008106e-19
3.193417017623375354e-10
2.447735775474891880e-08
4.242557360609331682e-14
2.164779044949446267e-09
-3.899805387782913116e-09
-3.635486848220753203e-07
2.587645324632600857e-12
3.927925760002682375e-09
1.068247110431812948e-06
1.306932660230880797e-13
6.728823266513516303e-11
1.535515851990800735e-08
2.762624161802000599e-13
2.300005283028224564e-19
1.278434197098293060e-12
2.607988521037483237e-11
8.128355563403046890e-06
1.125796234302506521e-08
6.620755065062162594e-12
5.442526715765596248e-07
2.069762236817781918e-12
3.728319630659165548e-13
7.997710664340973894e-13
2.048031174140924850e-11
4.257083949206585693e-14
6.927956782962459411e-13
1.759256008473120754e-11
1.908951959005445378e-13
-4.301601136679034544e-15
1.105149230434991678e-08
-1.022406169323521627e-10
5.136498179116774958e-10
2.879461439505149813e-08
1.212283615847490105e-12
4.368501772593234987e-09
1.067700584853871851e-06
-2.502618047935956470e-09
1.010143719407480048e-10
6.297526778990627009e-05
5.448334642212635278e-11
-5.834460757952940495e-06
2.079681293107146704e-14
1.740791016019722892e-11
1.092083531826181786e-10
2.585050381223604910e-14
1.461305087243592702e-11
5.711523258999002877e-10
1.825025952922716969e-15
6.901701838417749414e-17
6.768560700610337298e-15
3.734646793884087080e-13
-1.127131962401836912e-12
2.906103103611029013e-11
1.131782902571952626e-12
6.593143691242406607e-08
-1.507401075530898463e-14
8.649712868724077270e-07
4.576206997648695121e-19
1.488918074495949501e-09
1.399830198246617842e-12
1.572402135204986488e-09
4.222445769363593888e-06
2.187713430493509048e-09
9.197755347010502219e-11
3.178489601284425839e-08
6.829186796247527942e-13
9.772412014786087109e-09
1.556567455225183297e-14
-3.878343562549373401e-12
1.185257587980740162e-09
-1.632972325166130286e-08
1.918942836050200487e-08
2.467052313064473622e-09
6.338253947703020265e-06
6.130478509227401407e-11
9.127967145861963211e-11
5.440314673873231313e-13
7.955802606902393651e-13
1.192850231371266014e-13
-4.301690849739371656e-06
5.055344508224856540e-06
1.611510469179178520e-08
5.631140374774467943e-06
2.120267610383325084e-13
4.915262672178001652e-09
1.775161122003759288e-12
3.238191070771732703e-10
-3.372917214974655132e-11
3.221653442023652624e-15
1.895947887039521252e-08
