-0.00379
-0.29969
-0.23094
0.12775
-0.43124
-0.22985
-0.20679
-0.36946
-0.43154
-0.04856
0.13347
-0.43508
-0.16371
-0.26006
-0.53784
-0.81123
-0.25315
-0.27275
-0.43214
0.03300
-0.37007
-0.32131
-0.35187
-0.22236
0.07577
-0.36931
-0.29395
0.70608
-0.15047
-0.30187
-0.45804
-0.05504
-0.37153
-0.33438
-0.45359
0.01121
0.04089
-0.53614
0.01672
-0.17143
-0.28852
-0.36490
-0.06064
-0.11523
0.00499
-0.34241
-0.55387
-0.39468
0.07710
0.25628
-0.05674
-0.09211
0.34864
-0.55974
-0.28274
-0.56190
0.07505
-0.49761
-0.26074
-0.06387
-0.54104
-0.22435
-0.16727
-0.35392
-0.12740
-0.38359
-1.05579
-0.31185
-0.02396
-0.31361
-0.19537
-1.04949
-0.48129
-0.20799
-0.14055
0.12455
-0.25058
0.25821
0.36260
-0.37697
-0.23520
-0.50455
-0.01913
-0.42200
-0.12024
0.19470
-0.20752
-0.34644
-0.27446
-0.03211
0.07411
-0.17751
-0.22548
-0.32148
-0.18260
-0.36273
0.06871
-0.07747
-0.14582
-0.31041
-0.37826
-0.25974
-0.26853
-0.31822
-0.27689
0.00162
0.02935
-0.40526
-0.41871
-0.17133
0.01829
-0.43319
-0.39340
-0.46537
-0.01185
0.05493
0.14954
-0.27454
0.06863
-0.16809
-0.03818
-0.63268
-0.31368
0.02939
-0.40033
-0.37015
0.08516
0.05729
0.05686
-0.05450
-0.37455
0.01315
0.07079
0.19432
-0.35423
-0.34628
-0.36479
0.02705
-0.56498
-0.57442
-0.67941
-0.16393
-0.22592
-0.51132
-0.30498
-0.31013
-0.20932
-0.21748
-0.05505
-0.27724
-0.65364
-0.22248
0.32477
-0.56972
-0.20683
-0.18662
0.35026
-0.30477
-0.46890
0.14338
-0.14816
-0.23358
0.24209
-0.45575
-0.08106
0.20179
0.03518
-0.10805
-0.18552
-0.02244
0.14181
-0.49210
-0.54335
-0.36707
-0.12010
-0.28169
-0.42431
0.21104
-0.56269
0.14660
-0.42445
-0.24363
0.35161
-0.69988
0.00383
-0.38378
-0.27736
-0.61202
-0.40276
-0.16401
-0.20176
-0.15782
-0.72190
-0.42702
-0.16823
-0.21169
-0.52564
-0.11022
-0.49795
-0.58879
0.09207
-0.80226
-0.33895
-0.27689
-0.32200
-0.28388
-0.12820
-0.04459
0.03172
-0.42850
0.04428
0.25425
-0.65395
-0.49727
-0.30615
-0.22644
-0.28077
-0.60802
-0.10273
-0.12806
-0.10188
-0.04172
-0.14384
-0.51109
-0.17308
-0.92741
-0.59810
-0.03102
-0.11379
-0.07074
-0.38726
-0.42746
-0.48751
-0.18163
-0.17294
-0.26104
-0.09175
-0.19883
-0.30523
-0.43779
-0.23788
-0.37081
-0.07668
-0.42669
-0.36632
-0.28052
-0.48183
-0.12091
-1.08985
-0.33436
-0.06672
-0.24771
-0.46807
-0.30148
-0.63522
0.10934
-0.07477
0.02217
0.00117
-0.21312
0.18474
-0.12044
0.02657
-0.22875
-0.58373
-0.73885
0.07280
-0.24886
-0.41790
0.09741
0.07432
-0.21598
-0.22699
0.03966
-0.09378
-0.31960
-0.04041
-0.26398
-0.32977
-0.46898
-0.07398
-0.42157
-0.22060
-0.11513
-0.05436
-0.36159
-0.76365
-0.24776
-0.27457
-0.88590
-0.10863
-0.16854
0.29415
0.00684
-0.08702
-0.29720
-0.24284
-0.11464
-0.56493
-0.20907
-0.13186
0.01674
-0.32363
-0.50830
-0.46160
0.23377
-0.13707
-0.29477
-0.62047
0.16383
0.14505
-0.25994
-0.01771
-0.20710
-0.28303
-0.19464
-0.27106
0.01446
-0.54183
-0.57567
-0.63565
-0.19804
-0.23423
-0.41265
-0.34868
0.14958
-0.48157
0.15597
0.08615
-0.58426
-0.50439
-0.05027
-0.41556
-0.11341
-0.17666
-0.62891
-0.49736
-0.44599
-0.26256
-0.38384
0.09227
-0.65196
0.04887
-0.49655
-0.36733
-0.23906
0.31391
-0.47724
-0.16132
-0.18739
-0.45444
-0.15979
-0.88203
-0.35089
-0.35282
-0.71326
-0.08003
-0.27632
-0.16520
-0.21817
0.19884
-0.31602
0.15774
0.05254
0.14488
-0.03270
-0.37294
-0.23025
0.14934
-0.43736
-0.62331
0.06298
-0.09484
-0.27175
-0.63409
0.03662
-0.54238
-0.38629
0.10136
0.18231
-0.58431
-0.31602
0.07589
0.38768
-0.80679
-0.24765
-0.17772
-0.38306
0.04665
-0.51304
-0.20803
0.03124
-0.20810
-0.12299
-0.14252
0.09377
-0.36491
-0.08401
-0.02316
-0.35851
-0.13752
-0.53989
-0.44081
-0.14910
-0.24039
0.04376
-0.05886
-0.67310
-0.12936
-0.10333
-0.54772
-0.19730
-0.59275
-0.42526
-0.35745
-0.59231
0.30453
-0.46029
-0.44507
-0.16297
-0.23785
-0.29608
-0.52396
0.16937
-0.17887
-0.25845
0.50373
-0.07398
-0.01243
-0.50054
-0.17301
-0.19177
-0.68752
-0.02091
-0.04927
-0.40586
-0.27753
-0.59045
-0.08355
0.32389
-0.46915
-0.21208
0.25346
-0.18065
-0.11980
-0.24403
0.05902
-0.00394
-0.44366
0.11421
-0.24586
-0.01744
-0.15794
-0.17058
-0.30508
-0.52214
-0.25912
0.06948
-0.28800
-0.56975
-0.23389
0.05979
0.07713
0.36283
-0.35221
-0.19569
-0.39670
-0.50057
-0.40147
-0.08384
-0.27289
0.00208
-0.39186
-0.01239
0.14594
-0.38150
-0.61546
0.00090
-0.40402
-0.25458
-0.03082
-0.43112
-0.42889
-0.26379
-0.11683
-0.59319
-0.25389
0.03856
-0.11806
-0.66178
0.15046
-0.53921
-0.06413
-0.05907
-0.54845
-0.13224
-0.32572
-0.40888
-0.17434
-0.38037
0.22611
-0.15182
-0.31742
-0.14995
-0.47002
-0.76566
-0.03532
-0.38793
-0.67356
-0.31046
-0.26547
-0.42814
-0.34695
-0.24212
-0.18881
-0.20138
-0.04638
-0.37208
-0.48073
-0.46317
-0.15752
-0.01719
-0.23268
-0.62284
-0.41376
0.03486
-0.28261
0.03304
-0.19150
-0.15847
-0.28782
-0.42480
-0.38099
-0.07313
-0.22262
-0.41604
-0.67120
-0.21976
-0.11129
-0.42866
-0.34955
0.22752
-0.17533
-0.48927
-0.33769
-0.02756
0.02529
0.30279
-0.38061
-0.25932
-0.07106
0.07528
-0.48276
-0.24798
-0.37037
-0.07185
-0.04546
-0.73062
-0.51058
-0.06895
-0.07662
-0.44235
-0.08937
-0.06270
-0.13475
-0.51741
-0.42599
-0.14503
0.23955
-0.22309
-0.83268
-0.23564
-0.49424
-0.29139
-0.43278
-0.54200
-0.22304
-0.31257
-0.15637
-0.12842
-0.22710
-0.26421
0.14054
-0.29590
-0.34522
-0.50791
-0.16354
-0.44351
-0.33782
-0.23687
-0.52709
0.29038
-0.15370
-0.61984
-0.18912
0.14017
-0.79370
-0.14987
-0.44675
-0.04075
-0.03283
0.15124
-0.00425
-0.45379
-0.73032
-0.47485
-0.06649
-0.31474
-0.20915
-0.50723
-0.64129
0.15351
-0.40704
-0.34063
-0.50007
0.01221
-0.42515
-0.34047
-0.21762
-0.03164
0.05983
0.06604
-0.19390
-0.18210
-0.19094
-0.54451
0.06590
0.00928
-0.31712
0.03402
-0.08196
-0.24005
-0.23580
-0.28960
-0.30972
-0.06262
-0.29061
0.21100
-0.07007
-0.16505
-0.20090
-0.34845
0.00721
-0.38541
-0.02198
0.06176
-0.36294
-0.26232
-0.39884
-0.42318
-0.03933
-0.40698
-0.43809
-0.37384
0.00130
-0.43168
-0.32065
-0.43974
-0.26874
-0.19660
-0.33977
-0.16305
-0.01604
-0.26322
-0.79848
-0.07487
-0.84544
-0.43829
-0.71652
-0.11751
-0.36549
0.14507
-0.24828
-0.52971
-0.46462
0.02026
-0.43953
-0.22626
-0.59102
-0.17808
-0.62793
0.22294
-0.00978
-0.72899
0.04754
-0.50174
-0.46685
-0.13531
-0.39672
-0.08412
-0.46944
-0.56013
-0.23082
-0.53064
-0.32782
-0.68492
-0.58914
0.23267
-0.36326
-0.44259
-0.18556
0.10249
-0.30315
-0.18743
-0.44109
-0.14796
0.31603
-0.67420
-0.31482
-0.11873
-0.14254
0.12278
0.27055
-0.46539
-0.25687
-0.07174
-0.11647
0.07667
0.15106
-0.02207
-0.27984
-0.05186
-0.44142
-0.70807
0.05357
-0.58619
-0.22812
-0.74153
-0.64210
-0.51509
-0.12951
-0.13665
-0.50709
0.35042
0.17242
-0.54493
0.09574
0.04490
-0.92393
0.14227
-0.49774
-0.27002
-0.14965
0.02615
-0.84016
-0.43036
-0.26625
-0.43983
-0.44078
-0.58115
0.01154
-0.29149
-0.44573
-0.27106
-0.79140
-0.28197
-0.37891
-0.22928
-0.20178
-0.64827
-0.56178
-0.15031
0.27333
-0.28139
0.23738
-0.10100
0.08871
-0.09590
-0.48819
-0.12684
-0.13750
0.18634
-0.04498
-0.23716
-0.59259
-0.11133
0.01322
-0.08106
0.46968
-0.16758
0.06696
-0.20513
0.02804
-0.36389
-0.61928
-0.16738
-0.06065
-0.36237
0.10451
-0.31134
-0.12891
-0.32100
0.03947
-0.11326
-0.22272
-0.65374
0.06343
0.10940
-0.81330
-0.53928
-0.64772
-0.27395
-0.09510
-0.24850
-0.17067
0.02529
-0.23773
-0.28689
-0.22914
-0.30752
-0.15896
-0.45119
-0.23603
-0.21448
-0.58773
-0.33506
0.26917
-0.76099
-0.33713
-0.15829
0.16041
-0.16961
-0.39736
-0.41040
0.04257
-0.15651
-0.10837
0.07063
-0.23675
0.12241
-0.45005
-0.49231
-0.00905
-0.74250
-0.42211
-0.29801
-0.87775
-0.21978
-0.38955
-0.14394
-0.36899
-0.33724
-0.25739
-0.13988
-0.41444
-0.22461
-0.47142
-0.16651
-0.37324
-0.38763
-0.01046
-0.42784
-0.45971
-0.19709
-0.69749
-0.23480
-0.45224
0.27690
-0.38542
-0.09863
-0.22920
0.12398
0.21696
-0.50018
-0.63565
0.05524
0.38431
-0.05040
-0.39871
-0.43594
-0.17157
-0.32086
0.15983
-0.21646
-0.36221
-0.60748
-0.23724
-0.13979
-0.14185
-0.19255
0.19132
-0.04754
-0.19547
-0.11083
-0.26343
0.22729
-0.14290
-0.11788
-0.24288
-0.37977
-0.36965
-0.29928
-0.35506
-0.38957
-0.04260
-0.24525
0.07429
-0.22345
-0.26055
0.16274
0.05013
-0.57318
0.26886
-0.41371
-0.15170
-0.28277
-0.39489
-0.23991
-0.23446
0.82484
-0.32776
-0.58914
-0.06037
-0.39431
-0.50332
-0.65506
0.01452
-0.39754
-0.56655
-0.07958
-0.18824
-0.42373
0.10109
0.56483
-0.08784
-0.03180
-0.77453
-0.49081
-0.13364
-0.61347
-0.07097
-0.05669
-0.06940
-0.18691
0.20849
-0.04340
-0.12751
-0.03434
-0.03073
-0.43656
-0.40848
-0.34242
-0.48566
-0.06349
-0.31822
-0.68587
-0.50988
-0.28325
-0.71154
-0.39756
-0.59681
0.08753
-0.15661
-0.20801
0.08614
-0.26966
-0.32225
0.08744
0.21619
0.01421
-0.01580
-0.19655
-0.26010
0.12027
-0.32445
-0.02004
-0.49339
0.48327
-0.32706
-0.18092
-0.45871
-0.55873
-0.43700
-0.11353
-0.44489
-0.16535
-0.42540
0.16281
-0.24271
-0.39565
-0.53305
-0.48373
-0.29650
-0.55334
-0.13690
-0.24584
0.15209
0.03859
0.10249
-0.69079
-0.38737
-0.38916
-0.63585
0.03143
-0.34863
-0.06694
-0.30057
-0.25286
0.18738
-0.41135
