-1.58264e+00
-2.01631e+00
-1.60616e+00
-1.60616e+00
-1.75703e+00
-2.01631e+00
-1.83485e+00
-1.68910e+00
-1.87371e+00
-1.64058e+00
-1.69075e+00
-1.60424e+00
-1.45720e+00
-1.81622e+00
-1.89705e+00
-1.87371e+00
-1.62203e+00
-1.67491e+00
-1.77237e+00
-1.83312e+00
-1.64058e+00
-1.88291e+00
-1.81708e+00
-1.77237e+00
-1.67015e+00
-1.67015e+00
-1.75319e+00
-1.61119e+00
-1.81708e+00
-1.55065e+00
-1.74100e+00
-1.74481e+00
-1.67491e+00
-1.77462e+00
-1.74100e+00
-1.64684e+00
-1.87371e+00
-1.79497e+00
-1.62984e+00
-1.48689e+00
-1.83312e+00
-1.88291e+00
-1.67491e+00
-1.60616e+00
-1.72789e+00
-1.62381e+00
-1.57695e+00
-1.43096e+00
-1.58191e+00
-1.75605e+00
-1.76944e+00
-1.69597e+00
-1.59919e+00
-1.57477e+00
-1.79497e+00
-1.75886e+00
-1.58183e+00
-1.76944e+00
-1.60616e+00
-1.71101e+00
-1.81135e+00
-1.80258e+00
-1.68610e+00
-1.68610e+00
-1.71058e+00
-1.86875e+00
-1.83485e+00
-1.54240e+00
-1.77462e+00
-1.73454e+00
-1.64130e+00
-1.50440e+00
-1.62984e+00
-1.73412e+00
-1.79177e+00
-1.48282e+00
-2.06943e+00
-1.70024e+00
-1.54629e+00
-1.64684e+00
-1.83485e+00
-1.77462e+00
-1.67015e+00
-1.72076e+00
-1.68287e+00
-1.66857e+00
-1.70024e+00
-1.79177e+00
-1.68485e+00
-1.60143e+00
-1.69075e+00
-1.68820e+00
-1.69597e+00
-1.81886e+00
-1.59736e+00
-1.68610e+00
-1.75319e+00
-1.77237e+00
-1.86231e+00
-1.64058e+00
-1.50835e+00
-1.78085e+00
-1.89705e+00
-1.62608e+00
-1.89705e+00
-1.54574e+00
-1.75605e+00
-1.81886e+00
-1.50135e+00
-1.66274e+00
-1.57695e+00
-1.80258e+00
-1.74774e+00
-1.74100e+00
-1.49561e+00
-1.72952e+00
-1.76590e+00
-1.81708e+00
-1.75886e+00
-1.78581e+00
-1.96662e+00
-1.54321e+00
-1.60348e+00
-2.01631e+00
-1.60616e+00
-1.76944e+00
-1.86231e+00
-1.73412e+00
-1.81026e+00
-1.87371e+00
-1.90279e+00
-1.60143e+00
-1.62539e+00
-1.68287e+00
-1.78147e+00
-1.53547e+00
-1.76944e+00
-1.63346e+00
-1.90279e+00
-1.96662e+00
-1.74100e+00
-1.81026e+00
-1.69450e+00
-1.68735e+00
-1.62917e+00
-1.56270e+00
-1.62040e+00
-1.62749e+00
-1.36262e+00
-1.70024e+00
-1.75703e+00
-1.60616e+00
-1.81886e+00
-1.59736e+00
-1.53842e+00
-1.71405e+00
-1.53127e+00
-1.79497e+00
-2.01631e+00
-1.73454e+00
-1.63327e+00
-1.80258e+00
-1.83485e+00
-1.63641e+00
-1.75886e+00
-1.83485e+00
-1.96662e+00
-1.83485e+00
-1.96662e+00
-1.57474e+00
-1.83312e+00
-1.66207e+00
-1.90279e+00
-1.64684e+00
-1.81135e+00
-1.64130e+00
-1.79177e+00
-1.73412e+00
-1.87371e+00
-1.68877e+00
-1.62917e+00
-1.60143e+00
-1.69597e+00
-1.88291e+00
-1.71058e+00
-1.62608e+00
-1.68287e+00
-1.71405e+00
-1.67350e+00
-1.86231e+00
-1.68853e+00
-1.79497e+00
-1.51581e+00
-1.83312e+00
-1.89705e+00
-1.90279e+00
-1.77610e+00
-1.66207e+00
-1.52908e+00
-1.54321e+00
-1.62539e+00
-1.80714e+00
-1.72329e+00
-1.57695e+00
-1.81135e+00
-1.66274e+00
-1.59736e+00
-1.96662e+00
-1.96662e+00
-1.62541e+00
-1.62203e+00
-1.67491e+00
-1.78581e+00
-1.60404e+00
-1.79177e+00
-1.59858e+00
-1.81708e+00
-1.65060e+00
-1.60463e+00
-1.88291e+00
-2.01631e+00
-1.75605e+00
-1.73412e+00
-1.64684e+00
-1.74481e+00
-1.76590e+00
-1.60177e+00
-1.51618e+00
-1.49598e+00
-1.72952e+00
-1.81886e+00
-1.53307e+00
-1.73412e+00
-1.48583e+00
-1.60404e+00
-1.60782e+00
-1.62203e+00
-1.57695e+00
-1.90279e+00
-1.57477e+00
-1.75703e+00
-1.49772e+00
-1.78085e+00
-1.59736e+00
-1.76284e+00
-1.87371e+00
-1.60271e+00
-1.53307e+00
-1.68610e+00
-1.72789e+00
-1.59769e+00
-1.62381e+00
-1.71058e+00
-1.51201e+00
-1.62203e+00
-1.80258e+00
-1.70024e+00
-1.77462e+00
-1.78581e+00
-1.58853e+00
-1.68877e+00
-1.74506e+00
-1.60404e+00
-1.77610e+00
-1.62660e+00
-2.01631e+00
-1.68735e+00
-1.76099e+00
-1.60143e+00
-1.79497e+00
-1.80258e+00
-1.77462e+00
-1.72952e+00
-1.81886e+00
-1.66274e+00
-1.54321e+00
-1.83485e+00
-1.75703e+00
-1.71058e+00
-1.66274e+00
-1.69075e+00
-1.60348e+00
-1.76590e+00
-1.50319e+00
-1.83312e+00
-1.68485e+00
-1.66744e+00
-1.69597e+00
-1.79177e+00
-1.57477e+00
-1.96662e+00
-1.54825e+00
-1.71405e+00
-1.48036e+00
-1.64014e+00
-1.51201e+00
-1.64684e+00
-1.58739e+00
-1.76994e+00
-1.50135e+00
-1.50328e+00
-1.55039e+00
-1.96662e+00
-1.81622e+00
-2.06943e+00
-1.63054e+00
-1.59216e+00
-1.83312e+00
-1.63456e+00
-1.77462e+00
-1.79497e+00
-1.62749e+00
-1.79177e+00
-1.68935e+00
-1.59736e+00
-1.43574e+00
-1.77462e+00
-2.01631e+00
-1.72952e+00
-1.67350e+00
-1.58264e+00
-1.96662e+00
-1.75703e+00
-1.44977e+00
-1.60302e+00
-2.06943e+00
-1.81026e+00
-1.63054e+00
-1.89705e+00
-1.79177e+00
-1.51618e+00
-1.49922e+00
-1.81886e+00
-1.75703e+00
-1.69075e+00
-1.69075e+00
-1.68485e+00
-1.72952e+00
-1.64014e+00
-1.68610e+00
-1.77610e+00
-1.58990e+00
-1.73454e+00
-1.45061e+00
-1.66207e+00
-1.59736e+00
-1.60348e+00
-1.75703e+00
-1.62660e+00
-1.75319e+00
-1.81886e+00
-1.76944e+00
-1.68877e+00
-1.73454e+00
-1.63054e+00
-1.62203e+00
-1.48541e+00
-1.79497e+00
-1.62749e+00
-1.70497e+00
-1.78581e+00
-1.78085e+00
-1.79497e+00
-1.58853e+00
-1.81708e+00
-1.80258e+00
-1.81708e+00
-1.87371e+00
-1.83312e+00
-1.63327e+00
-1.62781e+00
-1.88291e+00
-1.60404e+00
-1.77237e+00
-1.47655e+00
-1.90279e+00
-1.72076e+00
-1.60143e+00
-1.81886e+00
-1.62608e+00
-1.78581e+00
-1.50328e+00
-1.66857e+00
-1.81026e+00
-1.54778e+00
-1.36679e+00
-1.60302e+00
-1.73454e+00
-1.62541e+00
-1.88291e+00
-1.72124e+00
-1.53993e+00
-1.70024e+00
-1.68287e+00
-1.89705e+00
-1.45183e+00
-1.62660e+00
-1.58990e+00
-1.63327e+00
-1.80258e+00
-1.70024e+00
-1.88291e+00
-1.77237e+00
-1.56612e+00
-1.80258e+00
-1.86875e+00
-1.57695e+00
-1.41564e+00
-1.60404e+00
-1.76944e+00
-1.83312e+00
-1.77610e+00
-1.88291e+00
-1.60227e+00
-1.59736e+00
-1.72952e+00
-1.57630e+00
-1.57316e+00
-1.81886e+00
-1.77462e+00
-1.68610e+00
-1.71058e+00
-1.74653e+00
-1.90279e+00
-1.79177e+00
-1.73454e+00
-1.81026e+00
-1.78581e+00
-1.75319e+00
-1.74653e+00
-1.76590e+00
-1.80258e+00
-1.72952e+00
-1.83312e+00
-1.68935e+00
-1.80258e+00
-1.83485e+00
-1.54907e+00
-1.73338e+00
-1.51336e+00
-1.83485e+00
-1.66274e+00
-1.68610e+00
-1.73454e+00
-1.59736e+00
-1.77610e+00
-1.75703e+00
-1.78581e+00
-1.61119e+00
-1.89705e+00
-1.89705e+00
-1.81622e+00
-1.54907e+00
-1.62203e+00
-1.83312e+00
-1.62608e+00
-1.80258e+00
-1.73454e+00
-1.63054e+00
-1.90279e+00
-1.89705e+00
-1.74653e+00
-1.81026e+00
-1.71058e+00
-1.52292e+00
-1.80258e+00
-1.64206e+00
-1.63054e+00
-1.79497e+00
-1.68935e+00
-1.81886e+00
-1.83312e+00
-1.77462e+00
-1.75703e+00
-1.63054e+00
-1.75319e+00
-1.38942e+00
-1.67491e+00
-1.73412e+00
-1.54825e+00
-1.45183e+00
-1.68323e+00
-1.78581e+00
-1.81886e+00
-1.60271e+00
-1.78581e+00
-1.74100e+00
-1.81026e+00
-1.81886e+00
-1.60177e+00
-1.77237e+00
-1.50835e+00
-1.57725e+00
-1.68610e+00
-1.81445e+00
-1.74774e+00
-1.58872e+00
-1.71195e+00
-1.90279e+00
-1.73412e+00
-1.79497e+00
-1.96662e+00
-1.68735e+00
-1.61668e+00
-1.72952e+00
-1.81026e+00
-1.83485e+00
-1.77237e+00
-1.79497e+00
-1.67350e+00
-1.77462e+00
-1.90279e+00
-1.81026e+00
-1.63054e+00
-1.81708e+00
-1.77610e+00
-1.96662e+00
-1.73412e+00
-1.86231e+00
-1.71058e+00
-1.68853e+00
-1.81445e+00
-1.59374e+00
-1.57735e+00
-1.81026e+00
-1.79497e+00
-1.58776e+00
-1.90279e+00
-1.74774e+00
-1.46989e+00
-1.73454e+00
-1.60782e+00
-1.58183e+00
-1.55638e+00
-1.73412e+00
-1.68610e+00
-1.71405e+00
-1.75319e+00
-1.53171e+00
-1.52528e+00
-1.72952e+00
-1.81886e+00
-1.76944e+00
-1.62539e+00
-1.83312e+00
-1.62539e+00
-1.68610e+00
-1.60271e+00
-1.62609e+00
-1.77462e+00
-1.79497e+00
-1.73412e+00
-1.60404e+00
-1.75703e+00
-1.56270e+00
-1.60177e+00
-1.74100e+00
-1.45183e+00
-1.66207e+00
-1.67015e+00
-1.79497e+00
-1.66785e+00
-1.67015e+00
-1.71058e+00
-1.48689e+00
-1.74100e+00
-1.73412e+00
-1.76944e+00
-1.96662e+00
-1.73412e+00
-1.76994e+00
-1.72076e+00
-1.73454e+00
-1.79177e+00
-1.60404e+00
-1.72550e+00
-1.58990e+00
-1.86231e+00
-1.53307e+00
-1.78085e+00
-1.70453e+00
-1.57316e+00
-1.83485e+00
-1.87371e+00
-1.67491e+00
-1.72550e+00
-1.54778e+00
-1.81135e+00
-1.80714e+00
-1.68935e+00
-1.81886e+00
-2.06943e+00
-1.69450e+00
-1.75703e+00
-1.46761e+00
-1.90279e+00
-1.75886e+00
-1.78085e+00
-1.48689e+00
-1.81026e+00
-1.96662e+00
-1.64130e+00
-1.88291e+00
-1.71405e+00
-1.69075e+00
-1.74100e+00
-1.96662e+00
-1.71101e+00
-1.66785e+00
-1.66744e+00
-2.06943e+00
-1.72952e+00
-1.81026e+00
-1.76239e+00
-1.71195e+00
-1.81026e+00
-2.06943e+00
-1.90279e+00
-1.60271e+00
-1.83312e+00
-1.79497e+00
-1.78581e+00
-1.70024e+00
-1.81622e+00
-1.79177e+00
-1.62203e+00
-1.60481e+00
-1.68485e+00
-1.59769e+00
-1.60143e+00
-1.48583e+00
-1.60174e+00
-1.76944e+00
-1.52908e+00
-1.74100e+00
-1.54544e+00
-1.52649e+00
-1.74100e+00
-1.71058e+00
-1.86231e+00
-1.59736e+00
-2.06943e+00
-1.60271e+00
-1.74506e+00
-1.72124e+00
-1.86231e+00
-1.81445e+00
-1.76944e+00
-1.63346e+00
-1.68935e+00
-1.41267e+00
-1.50835e+00
-1.75703e+00
-1.74653e+00
-1.74100e+00
-1.57605e+00
-1.90279e+00
-1.74481e+00
-1.81622e+00
-2.01631e+00
-1.66037e+00
-1.81445e+00
-1.60404e+00
-1.83312e+00
-1.62381e+00
-1.81622e+00
-1.79177e+00
-1.74506e+00
-1.81445e+00
-2.01631e+00
-1.86231e+00
-1.53307e+00
-1.75319e+00
-1.75703e+00
-1.61067e+00
-1.43198e+00
-1.71405e+00
-1.62984e+00
-1.74100e+00
-1.96662e+00
-1.61119e+00
-1.59736e+00
-1.64058e+00
-1.62609e+00
-1.81135e+00
-1.79497e+00
-1.70024e+00
-1.78085e+00
-1.67489e+00
-1.60174e+00
-1.75886e+00
-1.62287e+00
-1.74481e+00
-1.74100e+00
-1.74100e+00
-1.62040e+00
-2.01631e+00
-1.63346e+00
-1.87371e+00
-1.67015e+00
-1.72952e+00
-1.75703e+00
-1.81886e+00
-1.62781e+00
-1.68735e+00
-1.81886e+00
-1.72952e+00
-1.77610e+00
-1.96662e+00
-1.81886e+00
-1.90279e+00
-1.66274e+00
-1.59736e+00
-1.79177e+00
-1.88291e+00
-1.73412e+00
-1.79497e+00
-1.60271e+00
-2.06943e+00
-1.77462e+00
-1.81886e+00
-1.83485e+00
-1.46761e+00
-2.06943e+00
-1.75886e+00
-1.68935e+00
-1.60782e+00
-1.83312e+00
-1.64130e+00
-1.57662e+00
-1.81026e+00
-1.75703e+00
-1.55500e+00
-2.01631e+00
-1.81886e+00
-1.66037e+00
-1.79497e+00
-1.96662e+00
-1.64684e+00
-1.81708e+00
-1.60143e+00
-1.50328e+00
-1.81886e+00
-1.73412e+00
-1.67491e+00
-1.73338e+00
-1.66523e+00
-1.59374e+00
-1.74100e+00
-1.69597e+00
-1.64130e+00
-1.72952e+00
-1.88291e+00
-1.69597e+00
-1.69597e+00
-2.06943e+00
-1.60404e+00
-1.79497e+00
-1.66785e+00
-1.67015e+00
-1.54907e+00
-1.68877e+00
-1.55088e+00
-1.79177e+00
-1.79177e+00
-1.75565e+00
-1.50135e+00
-1.52890e+00
-1.71195e+00
-1.75565e+00
-1.71058e+00
-1.72124e+00
-1.68005e+00
-1.61067e+00
-1.69597e+00
-1.83485e+00
-1.60404e+00
-1.59919e+00
-1.79497e+00
-1.62609e+00
-1.56270e+00
-1.71058e+00
-1.78581e+00
-1.67015e+00
-1.66037e+00
-1.62203e+00
-1.72952e+00
-1.72952e+00
-1.74653e+00
-1.74506e+00
-1.81026e+00
-1.83485e+00
-1.68287e+00
-1.61067e+00
-1.59769e+00
-1.73338e+00
-1.68323e+00
-1.50440e+00
-2.06943e+00
-1.68853e+00
-1.52890e+00
-1.68910e+00
-1.80258e+00
-1.77610e+00
-1.70024e+00
-1.79177e+00
-1.81622e+00
-1.67015e+00
-1.83312e+00
-1.75886e+00
-1.62203e+00
-1.71058e+00
-1.68910e+00
-1.77610e+00
-1.68877e+00
-1.35703e+00
-1.64058e+00
-1.62203e+00
-1.96662e+00
-1.89705e+00
-1.83485e+00
-1.75703e+00
-1.64058e+00
-1.73454e+00
-1.72124e+00
-1.71405e+00
-1.62609e+00
-1.75319e+00
-1.71058e+00
-1.81026e+00
-1.77462e+00
-1.88291e+00
-1.80258e+00
-1.74653e+00
-1.60143e+00
-1.68610e+00
-2.06943e+00
-1.77610e+00
-1.83312e+00
-2.06943e+00
-1.60525e+00
-1.90279e+00
-1.59736e+00
-1.59216e+00
-1.76944e+00
-1.76944e+00
-1.57474e+00
-1.51618e+00
-1.80258e+00
-1.62609e+00
-1.75886e+00
-1.80258e+00
-1.71058e+00
-1.72952e+00
-1.75605e+00
-1.71405e+00
-1.49076e+00
-1.71195e+00
-1.80258e+00
-1.75886e+00
-1.68820e+00
-1.81622e+00
-1.69075e+00
-1.73412e+00
-1.68287e+00
-1.58183e+00
-1.96662e+00
-1.96662e+00
-1.62984e+00
-1.90279e+00
-1.54778e+00
-1.68323e+00
-1.53127e+00
-1.86875e+00
-1.58776e+00
-1.54544e+00
-1.89705e+00
-1.74100e+00
-1.76099e+00
-1.74653e+00
-1.77610e+00
-1.86231e+00
-1.40825e+00
-1.78581e+00
