7.77422e-10
7.77283e-10
7.77965e-10
7.77339e-10
7.75662e-10
7.76518e-10
7.74622e-10
7.73718e-10
7.74158e-10
7.75733e-10
7.77800e-10
7.79266e-10
7.74077e-10
7.75518e-10
7.75636e-10
7.78392e-10
7.75921e-10
7.77623e-10
7.76232e-10
7.80902e-10
7.75503e-10
7.73621e-10
7.77530e-10
7.77428e-10
7.75448e-10
7.82335e-10
7.81708e-10
7.74536e-10
7.74739e-10
7.79486e-10
7.76542e-10
7.78056e-10
7.74287e-10
7.74910e-10
7.74084e-10
7.75186e-10
7.76131e-10
7.76636e-10
7.79732e-10
7.84692e-10
7.80900e-10
7.77037e-10
7.74326e-10
7.83607e-10
7.74262e-10
7.74749e-10
7.79065e-10
7.76085e-10
7.74169e-10
7.76373e-10
7.74267e-10
7.73716e-10
7.74879e-10
7.78870e-10
7.74045e-10
7.74274e-10
7.74862e-10
7.74588e-10
7.77223e-10
7.74991e-10
7.79241e-10
7.79592e-10
7.78281e-10
7.76882e-10
7.78563e-10
7.85023e-10
7.77554e-10
7.75918e-10
7.78320e-10
7.79577e-10
7.78635e-10
7.81822e-10
7.75249e-10
7.77179e-10
7.81454e-10
7.75395e-10
7.77551e-10
7.81500e-10
7.75728e-10
7.77645e-10
7.75685e-10
7.83254e-10
7.76468e-10
7.81589e-10
7.78241e-10
7.76230e-10
7.79517e-10
7.76478e-10
7.76439e-10
7.77570e-10
7.74971e-10
7.76233e-10
7.82007e-10
7.75208e-10
7.76468e-10
7.80884e-10
7.78788e-10
7.75294e-10
7.81640e-10
7.76747e-10
7.75135e-10
7.75068e-10
7.75309e-10
7.75358e-10
7.75433e-10
7.76457e-10
7.77466e-10
7.74978e-10
7.82928e-10
7.77768e-10
7.81780e-10
7.76313e-10
7.76028e-10
7.75411e-10
7.77584e-10
7.80523e-10
7.75357e-10
7.75771e-10
7.75066e-10
7.75993e-10
7.76148e-10
7.87137e-10
7.81248e-10
7.77633e-10
7.76829e-10
7.75248e-10
7.76037e-10
7.76610e-10
7.75355e-10
7.82092e-10
7.75095e-10
7.81133e-10
7.82816e-10
7.79194e-10
7.75852e-10
7.77385e-10
7.76046e-10
7.82364e-10
7.75700e-10
7.76703e-10
7.82805e-10
7.82988e-10
7.75674e-10
7.75048e-10
7.75970e-10
7.77313e-10
7.80107e-10
7.75915e-10
7.76365e-10
7.75269e-10
7.75252e-10
7.77562e-10
7.78161e-10
7.78953e-10
7.81902e-10
7.76273e-10
7.80597e-10
7.84800e-10
7.75594e-10
7.76319e-10
7.77749e-10
7.78531e-10
7.77254e-10
7.76999e-10
7.81321e-10
7.77131e-10
7.78926e-10
7.75497e-10
7.76367e-10
7.78332e-10
7.75549e-10
7.82003e-10
7.75073e-10
7.75873e-10
7.75620e-10
7.81778e-10
7.78772e-10
7.75784e-10
7.75156e-10
7.74929e-10
7.74810e-10
7.75583e-10
7.79041e-10
7.75710e-10
7.78383e-10
7.80081e-10
7.82407e-10
7.77517e-10
7.78919e-10
7.78567e-10
7.77326e-10
7.75514e-10
7.76187e-10
7.75686e-10
7.78306e-10
7.76687e-10
7.75486e-10
7.75057e-10
7.76165e-10
7.78946e-10
7.76939e-10
7.76605e-10
7.76102e-10
7.75224e-10
7.79636e-10
7.75242e-10
7.75186e-10
7.76273e-10
7.75768e-10
7.77350e-10
7.77511e-10
7.75762e-10
7.75828e-10
7.78649e-10
7.77913e-10
7.75731e-10
7.76408e-10
7.76767e-10
7.80758e-10
7.76601e-10
7.76958e-10
7.76468e-10
7.75119e-10
7.83336e-10
7.77988e-10
7.82248e-10
7.75819e-10
7.84181e-10
7.75787e-10
7.80886e-10
7.75783e-10
7.75422e-10
7.81310e-10
7.76398e-10
7.80569e-10
7.82884e-10
7.75810e-10
7.76455e-10
7.76346e-10
7.75743e-10
7.75092e-10
7.76193e-10
7.74902e-10
7.74804e-10
7.76491e-10
7.77836e-10
7.78015e-10
7.76651e-10
7.84097e-10
7.76346e-10
7.75167e-10
7.77181e-10
7.75304e-10
7.77254e-10
7.79559e-10
7.88154e-10
7.77472e-10
7.75455e-10
7.79900e-10
7.75934e-10
7.76569e-10
7.75480e-10
7.79085e-10
7.76546e-10
7.79856e-10
7.75067e-10
7.78165e-10
7.75699e-10
7.76049e-10
7.76367e-10
7.75091e-10
7.76244e-10
7.80169e-10
7.80943e-10
7.74899e-10
7.77335e-10
7.78438e-10
7.77236e-10
7.82318e-10
7.75465e-10
7.75772e-10
7.80345e-10
7.79624e-10
7.77524e-10
7.76016e-10
7.84449e-10
7.75712e-10
7.76800e-10
7.80218e-10
7.75379e-10
7.75759e-10
7.76249e-10
7.74914e-10
7.79135e-10
7.76388e-10
7.75917e-10
7.74846e-10
7.76270e-10
7.75620e-10
7.76111e-10
7.79883e-10
7.77623e-10
7.77761e-10
7.74939e-10
7.77259e-10
7.81232e-10
7.76611e-10
7.76637e-10
7.74913e-10
7.78976e-10
7.77939e-10
7.77305e-10
7.75611e-10
7.75624e-10
7.79600e-10
7.75653e-10
7.78658e-10
7.75727e-10
7.75769e-10
7.79120e-10
7.77377e-10
7.75898e-10
7.81165e-10
7.82768e-10
7.75038e-10
7.76990e-10
7.82408e-10
7.75781e-10
7.82935e-10
7.75945e-10
7.77968e-10
7.76716e-10
7.75378e-10
7.77159e-10
7.76576e-10
7.75222e-10
7.75478e-10
7.78077e-10
7.76745e-10
7.75786e-10
7.77845e-10
7.75254e-10
7.77975e-10
7.77074e-10
7.75515e-10
7.74783e-10
7.75592e-10
7.78398e-10
7.79429e-10
7.80332e-10
7.76889e-10
7.75669e-10
7.75975e-10
7.78219e-10
7.75677e-10
7.76842e-10
7.75944e-10
7.76712e-10
7.77807e-10
7.75471e-10
7.75007e-10
7.76548e-10
7.77030e-10
7.75425e-10
7.84317e-10
7.75427e-10
7.77513e-10
7.81355e-10
7.75282e-10
7.76469e-10
7.78105e-10
7.76422e-10
7.78600e-10
7.74990e-10
7.81990e-10
7.77412e-10
7.77404e-10
7.78413e-10
7.75625e-10
7.75712e-10
7.74923e-10
7.76301e-10
7.78598e-10
7.79320e-10
7.80650e-10
7.77626e-10
7.75448e-10
7.76713e-10
7.77106e-10
7.76313e-10
7.75435e-10
7.83287e-10
7.77070e-10
7.75111e-10
7.77620e-10
7.75580e-10
7.77452e-10
7.75227e-10
7.83423e-10
7.84873e-10
7.82233e-10
7.81961e-10
7.75093e-10
7.78258e-10
7.76425e-10
7.75303e-10
7.75995e-10
7.76918e-10
7.76454e-10
7.78527e-10
7.80720e-10
7.84642e-10
7.78339e-10
7.75078e-10
7.75344e-10
7.79137e-10
7.76720e-10
7.82466e-10
7.76210e-10
7.76586e-10
7.76275e-10
7.76365e-10
7.75856e-10
7.77223e-10
7.77695e-10
7.80509e-10
7.75539e-10
7.80364e-10
7.76546e-10
7.77766e-10
7.81853e-10
7.77883e-10
7.76801e-10
7.76012e-10
7.77934e-10
7.76210e-10
7.77620e-10
7.75874e-10
7.76401e-10
7.79744e-10
7.75895e-10
7.76897e-10
7.76495e-10
7.75496e-10
7.78212e-10
7.75027e-10
7.81620e-10
7.76410e-10
7.75411e-10
7.75224e-10
7.78070e-10
7.79015e-10
7.82082e-10
7.76219e-10
7.75463e-10
7.77474e-10
7.75278e-10
7.93268e-10
7.75463e-10
7.76405e-10
7.76526e-10
7.78100e-10
7.76805e-10
7.78468e-10
7.76359e-10
7.75987e-10
7.77468e-10
7.77750e-10
7.76273e-10
7.77728e-10
7.79916e-10
7.76243e-10
7.78181e-10
7.78521e-10
7.79910e-10
7.80320e-10
7.76168e-10
7.78647e-10
7.75123e-10
7.84334e-10
7.75429e-10
7.76178e-10
7.76887e-10
7.86216e-10
7.76591e-10
7.75872e-10
7.79865e-10
7.77490e-10
7.78532e-10
7.84426e-10
7.84840e-10
7.76136e-10
7.80812e-10
7.75365e-10
7.86406e-10
7.76577e-10
7.78250e-10
7.76373e-10
7.75532e-10
7.77928e-10
7.76508e-10
7.84165e-10
7.79806e-10
7.75435e-10
7.77772e-10
7.81095e-10
7.76610e-10
7.76198e-10
7.77920e-10
7.75255e-10
7.79729e-10
7.75833e-10
7.79786e-10
7.75471e-10
7.78643e-10
7.75755e-10
7.78581e-10
7.75234e-10
7.76106e-10
7.82082e-10
7.76575e-10
7.77704e-10
7.75801e-10
7.79614e-10
7.79004e-10
7.77407e-10
7.76956e-10
7.76422e-10
7.75635e-10
7.76761e-10
7.79384e-10
7.77297e-10
7.78251e-10
7.75735e-10
7.76623e-10
7.79519e-10
7.82745e-10
7.75845e-10
7.80038e-10
7.76630e-10
7.79766e-10
7.75758e-10
7.80143e-10
7.80788e-10
7.76531e-10
7.77485e-10
7.83342e-10
7.75741e-10
7.75717e-10
7.77670e-10
7.77463e-10
7.74927e-10
7.75561e-10
7.75331e-10
7.81603e-10
7.76118e-10
7.79665e-10
7.76288e-10
7.77072e-10
7.76701e-10
7.76676e-10
7.82097e-10
7.80715e-10
7.77154e-10
7.76207e-10
7.75881e-10
7.78457e-10
7.76393e-10
7.75966e-10
7.88167e-10
7.80533e-10
7.76427e-10
7.77275e-10
7.75553e-10
7.75895e-10
7.76099e-10
7.75022e-10
7.77389e-10
7.74915e-10
7.75245e-10
7.77625e-10
7.77145e-10
7.75407e-10
7.79441e-10
7.76399e-10
7.78283e-10
7.78083e-10
7.74842e-10
7.85626e-10
7.79434e-10
7.75701e-10
7.76849e-10
7.75998e-10
7.79426e-10
7.76475e-10
7.76241e-10
7.75369e-10
7.76206e-10
7.77544e-10
7.75704e-10
7.76172e-10
7.76631e-10
7.77147e-10
7.75673e-10
7.75395e-10
7.76065e-10
7.76511e-10
7.80339e-10
7.79548e-10
7.74939e-10
7.75428e-10
7.81368e-10
7.78970e-10
7.76863e-10
7.79139e-10
7.75357e-10
7.76385e-10
7.77583e-10
7.78273e-10
7.76185e-10
7.79213e-10
7.77513e-10
7.76449e-10
7.79272e-10
7.79390e-10
7.78531e-10
7.76484e-10
7.79238e-10
7.76665e-10
7.77213e-10
7.77685e-10
7.78838e-10
7.75451e-10
7.75778e-10
7.75385e-10
7.76003e-10
7.79163e-10
7.76221e-10
7.74912e-10
7.74909e-10
7.75077e-10
7.86958e-10
7.75093e-10
7.81743e-10
7.75171e-10
7.74967e-10
7.79200e-10
7.77759e-10
7.77122e-10
7.77951e-10
7.77240e-10
7.76686e-10
7.77019e-10
7.80572e-10
7.85841e-10
7.76028e-10
7.76340e-10
7.76445e-10
7.78729e-10
7.81330e-10
7.74790e-10
7.79321e-10
7.80978e-10
7.76454e-10
7.76304e-10
7.83819e-10
7.75251e-10
7.75290e-10
7.76713e-10
7.76018e-10
7.76036e-10
7.76212e-10
7.76559e-10
7.77946e-10
7.77724e-10
7.81289e-10
7.78991e-10
7.75602e-10
7.77271e-10
7.80176e-10
7.76173e-10
7.78865e-10
7.76312e-10
7.75847e-10
7.75822e-10
7.77086e-10
7.76389e-10
7.74897e-10
7.77044e-10
7.75075e-10
7.75819e-10
7.78736e-10
7.76685e-10
7.75988e-10
7.77932e-10
7.84463e-10
7.77565e-10
7.77367e-10
7.80157e-10
7.76000e-10
7.78378e-10
7.78347e-10
7.77613e-10
7.75666e-10
7.76705e-10
7.75778e-10
7.78453e-10
7.77406e-10
7.82280e-10
7.75997e-10
7.81769e-10
7.80387e-10
7.78294e-10
7.80241e-10
7.75797e-10
7.78671e-10
7.77526e-10
7.75647e-10
7.76110e-10
7.78707e-10
7.76431e-10
7.78462e-10
7.76596e-10
7.75083e-10
7.76076e-10
7.77016e-10
7.80258e-10
7.75665e-10
7.80576e-10
7.75469e-10
7.77423e-10
7.80226e-10
7.84183e-10
7.77194e-10
7.77468e-10
7.76928e-10
7.75461e-10
7.75060e-10
7.75817e-10
7.75132e-10
7.75360e-10
7.78936e-10
7.76993e-10
7.81933e-10
7.77012e-10
7.78197e-10
7.75361e-10
7.76394e-10
7.76021e-10
7.75587e-10
7.75574e-10
7.76815e-10
7.75368e-10
7.75508e-10
7.75344e-10
7.75152e-10
7.76571e-10
7.79716e-10
7.79256e-10
7.76352e-10
7.76071e-10
7.77923e-10
7.81424e-10
7.81653e-10
7.85160e-10
7.75371e-10
7.80322e-10
7.80458e-10
7.77072e-10
7.76777e-10
7.76758e-10
7.75876e-10
7.81650e-10
7.74867e-10
7.82425e-10
7.74982e-10
7.75125e-10
7.82208e-10
7.81147e-10
7.78576e-10
7.78125e-10
7.77671e-10
7.82060e-10
7.80697e-10
7.76858e-10
7.77273e-10
7.77077e-10
7.85904e-10
7.76358e-10
7.76793e-10
7.77181e-10
7.77422e-10
7.77869e-10
7.82532e-10
7.76316e-10
7.84545e-10
7.76230e-10
7.75249e-10
7.75643e-10
7.78701e-10
7.74916e-10
7.82598e-10
7.79677e-10
7.84139e-10
7.78018e-10
7.81448e-10
7.90915e-10
7.84164e-10
7.79772e-10
7.81981e-10
7.87665e-10
7.75408e-10
7.77174e-10
7.77359e-10
7.89313e-10
7.86097e-10
7.80736e-10
7.76381e-10
7.75666e-10
7.75912e-10
7.75457e-10
7.82332e-10
7.79484e-10
7.77576e-10
7.77872e-10
7.76250e-10
7.82080e-10
7.76320e-10
7.77792e-10
7.75837e-10
7.78764e-10
7.80013e-10
7.76360e-10
7.75908e-10
7.78336e-10
7.75606e-10
7.79353e-10
7.86332e-10
7.74840e-10
7.75654e-10
7.76358e-10
7.82609e-10
7.78245e-10
7.79879e-10
7.78876e-10
7.77162e-10
7.85383e-10
7.78098e-10
7.78223e-10
7.74802e-10
7.81487e-10
7.86658e-10
7.75521e-10
7.74764e-10
7.78183e-10
7.81021e-10
7.75522e-10
7.77267e-10
7.76035e-10
7.74974e-10
7.77178e-10
7.82561e-10
7.75422e-10
7.77860e-10
7.75438e-10
7.79809e-10
7.77309e-10
7.83742e-10
7.77630e-10
7.86096e-10
7.76210e-10
7.77237e-10
7.83011e-10
7.78686e-10
7.75177e-10
7.75949e-10
7.75931e-10
7.76639e-10
7.77061e-10
7.80307e-10
7.75179e-10
7.78878e-10
7.75783e-10
