8.68817e-03
9.42908e-03
8.97671e-03
8.92799e-03
5.10963e-01
1.61135e-02
3.98211e-01
4.45615e-02
4.47269e+01
8.71473e-03
9.94814e-03
8.95408e-03
8.95220e-03
1.23450e-01
1.08028e+02
4.41935e+01
1.08159e-02
1.01767e-02
8.65652e-03
1.96478e-01
8.68651e-03
1.78166e-01
4.91192e+00
1.21316e-02
8.74902e-03
8.74759e-03
2.05659e-02
8.74158e-03
4.89185e+00
8.70205e-03
1.73757e-02
3.02697e-01
9.70786e-03
9.58160e-01
1.13087e-01
1.47739e-02
4.39326e+01
6.26632e-01
8.69665e-03
8.68499e-03
1.62362e-01
3.10987e-02
1.02813e-02
9.71627e-03
1.62259e-01
1.13778e-02
8.43847e-03
8.68331e-03
9.23243e-03
4.88529e-01
1.58244e-01
5.31851e-02
1.22978e-02
8.81499e-03
4.37557e-01
5.46175e-01
8.36533e-03
1.59744e-01
9.91581e-03
8.72872e-03
3.92159e+00
1.13990e-02
1.22098e-02
1.44168e-02
1.06565e-02
8.68650e-03
2.42059e-01
8.68461e-03
9.57741e-01
1.03377e-01
1.25863e-02
8.52686e-03
8.78833e-03
1.80000e-01
3.44201e-02
8.68490e-03
8.50253e+04
1.00278e-02
8.68415e-03
1.50055e-02
2.92225e-01
9.58748e-01
9.06609e-03
8.68435e-03
8.68493e-03
8.66821e-03
9.82483e-03
2.98437e-02
2.97953e-02
9.78626e-03
8.26632e-03
4.03846e-02
5.30280e-02
1.21550e-01
8.81828e-03
9.98193e-03
1.93902e-02
1.48746e-02
2.72261e+01
8.68648e-03
8.46625e-03
1.22028e+00
1.08020e+02
1.00848e-02
1.07807e+02
8.76088e-03
4.15599e-01
1.30749e-01
8.88695e-03
1.00141e-02
9.04444e-03
5.04783e-02
8.89443e-03
1.50971e-01
8.71189e-03
1.04097e-01
8.68459e-03
4.90656e+00
5.49936e-01
1.32232e+00
1.59283e+03
8.41380e-03
8.68352e-03
1.09560e-02
9.03515e-03
2.20783e-01
2.81592e+01
2.02764e-01
1.04254e-01
4.39805e+01
1.06570e+02
9.95318e-03
9.15387e-03
8.66927e-03
8.68459e-03
8.13609e-03
1.02588e-01
8.51819e-03
1.06547e+02
1.59222e+03
9.48517e-02
5.70570e-02
5.14066e-02
4.11707e-02
1.21061e-02
8.56286e-03
8.43328e-03
1.13096e-02
8.68469e-03
1.01099e-02
5.01560e-01
9.71105e-03
1.25599e-01
9.72076e-03
8.68803e-03
1.30584e-02
8.68691e-03
7.15895e-01
1.10431e-02
2.15746e-01
1.25986e-02
3.48123e-02
2.98148e-01
8.68459e-03
1.05883e-02
4.83291e-01
1.59281e+03
2.83125e-01
1.59281e+03
9.10056e-03
1.00964e-01
1.71384e-02
8.72929e+01
1.54389e-02
3.93065e+00
1.13306e-02
3.02271e-02
2.04032e-01
4.37547e+01
4.41033e-02
1.21418e-02
9.97037e-03
5.26981e-02
1.78727e-01
1.05283e-02
1.07258e-02
8.62427e-03
1.06610e-02
1.25952e-02
9.25961e-03
9.52608e-03
5.97013e-01
8.72622e-03
4.75987e-02
9.73545e+01
1.12135e+02
3.20244e-02
1.75464e-02
8.75439e-03
8.71449e-03
9.47094e-03
3.34141e+00
1.39075e-01
8.85757e-03
3.94381e+00
1.03633e-02
9.72250e-03
1.59196e+03
1.54839e+03
7.68028e-03
1.08179e-02
1.05861e-02
1.28599e+00
9.08001e-03
3.86640e-02
8.67498e-03
4.90772e+00
1.49545e-02
8.68060e-03
1.79108e-01
9.09745e-03
4.97495e-01
1.99138e-01
1.46370e-02
2.98011e-01
8.68067e-03
8.68429e-03
8.68767e-03
8.63873e-03
1.04897e-01
1.30862e-01
7.63146e-03
2.02968e-01
8.65611e-03
9.08965e-03
8.28985e-03
8.75923e-03
8.71073e-03
1.11332e+02
8.73453e-03
5.04350e-01
8.71746e-03
1.21478e+00
9.71235e-03
6.11406e-01
4.36544e+01
8.70292e-03
8.32314e-03
1.61908e-02
1.63477e-01
8.71009e-03
1.14994e-02
1.07050e-02
8.72203e-03
1.04440e-02
7.28884e-02
1.00034e-02
9.54793e-01
1.31535e+00
8.68484e-03
4.23638e-02
3.11402e-01
9.91897e-03
3.29188e-02
8.71774e-03
1.06987e-02
4.12195e-02
2.18533e-02
9.85736e-03
5.07033e-01
3.35899e-02
9.58120e-01
1.06367e-01
1.30854e-01
1.11844e-02
9.06959e-03
2.41888e-01
5.04731e-01
1.05522e-02
8.25097e-03
9.95875e-03
9.97945e-03
8.68054e-03
8.67575e-03
2.10835e-01
3.06717e-02
8.55710e-03
4.64078e-02
3.82257e-02
7.89627e-03
1.66398e+03
8.80349e-03
1.13021e-02
8.76338e-03
8.82199e-03
8.71198e-03
1.48035e-02
1.01938e-02
8.69248e-03
8.82272e-03
8.46587e-03
8.68815e-03
1.59230e+03
1.19878e-01
8.49158e+04
8.65313e-03
8.71255e-03
2.20048e-01
8.70444e-03
9.58130e-01
7.36062e-01
9.47630e-03
3.08054e-02
9.57582e-03
9.70119e-03
8.68046e-03
9.45075e-01
1.10396e-02
9.86283e-02
1.88576e-02
8.70364e-03
1.59316e+03
5.03954e-01
8.65542e-03
8.71285e-03
8.52507e+04
9.85871e-02
8.63979e-03
1.08761e+02
1.15542e-02
8.46507e-03
8.42865e-03
1.25687e-01
5.03802e-01
1.00343e-02
9.95294e-03
3.80801e-02
1.04559e-01
8.80764e-03
1.58163e-02
3.22834e-02
8.69496e-03
2.16123e-01
8.68674e-03
1.76103e-02
9.72149e-03
1.00458e-02
5.03802e-01
9.22614e-03
1.92568e-02
8.74181e-03
1.66440e-01
4.36977e-02
2.15458e-01
8.66808e-03
1.08177e-02
9.28006e-03
4.51580e-01
1.10432e-02
9.24672e-03
1.26009e+00
1.21287e+00
7.19512e-01
8.68479e-03
4.91463e+00
5.05984e-02
4.92456e+00
4.27751e+01
8.65228e-03
1.27134e-02
1.13429e-02
1.78902e-01
9.95698e-03
2.15042e-02
8.69399e-03
1.06532e+02
8.68740e-03
9.95808e-03
1.30444e-01
9.88041e-03
1.37340e+00
8.52448e-03
8.68988e-03
9.82926e-02
8.68407e-03
8.68245e-03
8.71333e-03
2.11747e-01
9.22719e-03
1.80428e-01
1.22240e-02
8.65712e-03
9.00264e-03
8.68471e-03
1.07996e+02
8.67848e-03
9.04202e-03
8.12636e-03
1.02834e-02
1.04960e-02
1.00259e-02
1.78802e-01
2.57145e-02
8.99485e-03
5.10372e-02
8.68512e-03
9.04446e-03
8.68461e-03
1.01847e-02
1.94900e-01
7.52892e-02
3.24022e-02
3.40977e-01
8.69708e-03
9.80901e-03
1.05805e-01
8.69064e-03
8.60514e-03
1.29899e-01
9.58552e-01
1.50155e-02
1.07028e-02
2.61624e-01
1.10566e+02
3.20854e-02
1.14396e-01
9.78870e-02
1.17543e+00
1.79490e-02
2.56352e-01
8.69760e-03
3.62065e-02
1.07646e-01
2.19643e-01
9.56498e-03
3.77122e-02
3.19809e-01
8.65433e-03
1.98471e-01
8.64548e-03
3.08620e-01
1.10521e-02
1.16476e-02
2.18482e-01
9.69154e-03
3.27724e-02
5.03945e-01
1.19413e+00
8.73767e-03
1.07758e+02
1.05119e+02
1.19984e-01
8.64180e-03
1.08010e-02
2.19340e-01
1.01705e-02
4.81460e-02
2.10159e-01
8.68518e-03
1.06414e+02
9.09164e+01
2.42110e-02
9.85026e-02
1.07152e-02
8.39467e-03
3.52826e-02
8.93355e-03
8.60306e-03
4.78032e-01
9.57620e-03
1.30740e-01
2.50216e-01
9.59154e-01
4.34304e-01
8.66791e-03
1.85253e-02
8.68447e-03
9.94236e-03
1.84311e-01
9.12107e-03
8.65529e-03
1.22547e-02
1.35391e+00
1.31156e-01
8.71616e-03
1.32347e+00
1.57383e-01
9.82866e-02
1.29949e-01
8.70268e-03
1.01867e-02
8.63975e-03
9.16212e-03
1.51387e-02
4.43232e+00
8.71650e-03
9.30670e-03
9.18832e-02
1.06240e+02
1.98909e-01
7.83925e-01
1.59286e+03
8.81245e-03
8.69560e-03
9.65090e-02
9.67041e-02
2.37660e-01
2.41396e-02
4.51527e-01
8.12949e-03
9.58690e-01
1.12288e+02
1.11772e-01
8.65539e-03
4.92107e+00
3.23078e-02
1.38611e+03
1.99458e-01
2.80149e+01
1.06896e-02
9.50783e-03
4.43502e+00
8.72877e-03
9.14015e-03
9.74415e-02
8.86418e-01
9.25575e-03
1.09620e+02
8.68459e-03
8.61766e-03
2.11368e-01
9.00322e-03
8.68918e-03
8.69867e-03
1.99561e-01
1.51274e-02
1.39344e-02
1.97418e-02
8.76670e-03
8.68469e-03
1.21123e-01
1.56511e-02
1.59486e-01
9.25299e-03
2.17075e-01
9.54264e-03
1.47411e-02
8.71680e-03
8.10224e-03
9.58749e-01
7.38085e-01
1.62887e-01
1.00794e-02
5.03607e-01
8.95307e-03
8.70015e-03
1.55554e-01
8.67958e-03
1.83457e-02
8.84975e-03
4.88732e-01
8.72900e-03
8.69523e-03
1.07111e-02
8.68352e-03
1.35504e-01
1.99054e-01
1.83852e-01
1.59239e+03
1.99066e-01
8.67969e-03
8.57581e-03
1.95432e-01
1.30238e-01
9.93750e-03
1.50679e-01
8.69454e-03
2.81573e+01
7.82881e-03
1.21445e+00
7.23677e-02
8.50780e-03
3.32157e-01
4.38323e+01
9.39570e-03
1.49639e-01
8.68642e-03
3.90127e+00
3.34075e+00
9.57555e-03
1.35408e-01
8.69649e+04
5.14525e-02
5.04110e-01
8.68459e-03
9.98816e+01
9.13086e-03
1.21470e+00
8.68139e-03
9.84895e-02
1.56088e+02
1.27366e-02
1.84131e-01
1.09849e-02
1.25383e-02
1.82012e-01
1.59691e+03
8.89608e-03
8.72489e-03
9.00509e-03
8.48935e+04
1.03598e-01
9.81987e-02
6.00414e-01
6.40495e-02
9.82580e-02
8.49201e+04
7.94668e+01
8.90352e-03
1.83166e-01
7.33555e-01
1.42645e+00
9.06028e-03
1.20324e-01
2.36899e-02
1.06404e-02
8.69540e-03
3.80604e-02
8.02838e-03
9.98827e-03
8.68637e-03
8.68459e-03
1.71157e-01
8.72225e-03
2.93415e-02
9.48085e-03
8.71749e-03
2.27881e-02
1.07037e-02
2.79578e+01
9.76086e-03
1.38078e+02
7.62605e-03
3.11338e-01
1.24012e-02
2.81930e+01
4.45642e+00
5.67858e-02
8.78543e-03
9.60532e-03
8.67640e-03
8.52887e-03
5.03313e-01
2.61730e-01
1.68572e-02
8.65590e-03
1.06564e+02
3.07817e-01
1.32525e-01
1.10420e-02
8.85397e-03
4.43317e+00
9.74756e-03
2.21283e-01
8.68459e-03
1.27133e-01
3.02357e-02
3.09200e-01
4.49275e+00
1.13782e-02
2.73609e+01
7.78848e-03
1.94126e-02
5.04926e-01
8.71238e-03
8.68563e-03
9.34514e-03
8.69190e-03
3.15440e-02
1.59282e+03
8.76340e-03
9.67350e-03
8.68650e-03
9.01790e-03
3.10661e+00
7.33380e-01
1.00081e-02
1.21442e+00
2.96785e-02
8.68464e-03
5.48839e-01
8.72359e-03
3.07852e-01
1.59293e-01
1.30537e-01
8.94156e-03
1.17407e-02
8.67543e-03
4.23538e+01
8.97568e-03
1.04553e-01
1.98174e-01
1.25020e-01
1.16502e-02
4.12818e-02
1.31011e-01
1.04614e-01
3.25837e-02
1.59289e+03
1.30711e-01
1.07670e+02
1.11475e-02
9.79788e-03
1.42988e-01
2.18904e-01
2.03332e-01
5.94358e-01
8.71521e-03
8.47724e+04
9.58578e-01
1.22231e-01
3.00062e-01
8.68461e-03
8.48894e+04
5.46484e-01
9.55995e-03
8.98478e-03
8.87941e-03
1.23700e-02
8.69302e-03
1.18929e-01
4.30937e-01
8.72377e-03
1.10808e-02
8.98647e-02
8.67858e-03
7.67113e-01
1.59236e+03
1.59240e-02
4.90699e+00
9.96180e-03
8.55316e-03
1.25474e-01
1.84068e-01
1.04993e-02
1.47901e-01
8.94577e-03
9.58238e-03
1.73216e-02
4.60809e-02
1.25541e-02
1.26383e-01
1.78708e-01
5.18122e-02
5.25100e-02
8.48577e+04
1.00009e-02
4.49843e-01
8.79274e-03
8.68461e-03
8.68509e-03
4.37006e-02
8.84549e-03
3.01739e-02
2.89818e-02
8.68467e-03
8.50313e-03
8.58662e-03
7.94092e-02
8.69396e-03
1.07072e-02
1.29258e-02
3.15957e-02
8.65163e-03
5.29709e-02
2.94518e-01
9.99197e-03
1.12039e-02
1.76952e-01
8.41405e-03
8.93523e-03
1.07066e-02
1.23125e+00
8.92174e-03
8.95056e-03
1.08314e-02
1.08276e-01
1.16804e-01
1.99819e-02
3.11455e-01
9.88363e-02
2.94417e-01
8.69371e-03
8.65285e-03
8.71089e-03
2.00937e-01
9.97194e-03
8.69001e-03
8.48249e+04
9.52848e-03
8.26562e-03
4.38708e-02
4.87807e-02
3.34983e-02
9.06689e-03
3.11987e-02
1.25407e-01
8.87922e-03
8.63031e-03
9.17514e-03
7.77451e-03
1.06706e-02
4.45728e-02
3.52350e-02
4.36764e-02
8.68457e-03
8.57128e-03
9.91989e-03
1.59801e+03
9.41146e+01
2.91163e-01
5.03822e-01
8.68647e-03
1.53402e-01
1.22339e-02
1.19578e-02
8.74784e-03
1.88159e-02
1.05484e-02
9.82631e-02
9.58767e-01
1.70598e-01
5.45713e-02
2.58963e-01
9.92593e-03
9.51589e-03
8.90547e+02
3.31802e-02
2.22559e-01
2.53156e-02
1.00163e-02
1.07406e+02
9.71795e-03
8.82042e-03
1.53031e-01
1.59140e-01
9.10085e-03
8.68521e-03
3.54277e-02
8.60271e-03
5.40603e-01
3.12476e-02
1.04161e-02
1.14730e-01
4.91989e-01
1.14284e-02
8.68473e-03
6.42346e-02
1.83302e-01
5.40538e-01
4.12544e-02
1.21056e-01
9.83647e-03
1.73051e-01
8.59914e-03
8.59908e-03
1.59591e+03
1.59284e+03
8.36959e-03
1.10649e+02
8.68615e-03
9.50703e-03
8.68388e-03
8.71618e-03
9.25648e-03
8.82744e-03
1.08026e+02
1.29038e-01
2.19230e-02
1.25645e-01
4.05375e-02
2.80766e+01
8.68459e-03
8.62316e-03