1.91336e-04
1.91336e-04
2.02776e-04
1.91337e-04
1.93473e-04
1.91337e-04
1.93056e-04
1.91328e-04
1.95852e-04
1.91336e-04
1.91336e-04
1.92858e-04
1.89688e-04
1.91522e-04
1.91346e-04
1.93222e-04
1.91353e-04
1.91370e-04
1.91618e-04
1.91337e-04
1.91337e-04
1.91337e-04
1.91328e-04
1.91336e-04
1.91337e-04
1.91337e-04
1.92420e-04
1.91336e-04
1.91445e-04
1.91345e-04
1.91351e-04
1.91337e-04
1.91337e-04
1.91335e-04
1.91347e-04
1.91338e-04
1.91021e-04
1.91337e-04
1.91336e-04
1.91336e-04
1.91369e-04
1.92336e-04
1.91413e-04
1.91337e-04
1.91337e-04
1.91422e-04
1.91346e-04
1.91337e-04
1.92191e-04
1.91278e-04
1.91632e-04
1.91335e-04
1.90068e-04
1.91356e-04
1.92577e-04
1.91141e-04
1.91505e-04
1.91350e-04
1.91313e-04
1.91339e-04
1.91340e-04
8.68470e-03
8.68500e-03
8.68492e-03
8.76304e-03
8.68895e-03
8.70060e-03
8.68459e-03
8.68522e-03
8.68634e-03
8.68905e-03
8.68459e-03
8.68459e-03
8.68658e-03
8.69103e-03
8.68461e-03
8.69580e-03
8.68467e-03
8.68460e-03
8.68720e-03
8.69276e-03
8.68498e-03
8.68459e-03
8.68459e-03
8.68461e-03
8.68550e-03
8.68459e-03
8.68663e-03
8.77259e-03
8.68476e-03
8.68508e-03
8.54052e-03
8.81798e-03
8.68494e-03
8.68478e-03
8.69877e-03
8.72017e-03
8.68760e-03
8.68242e-03
8.68459e-03
8.68459e-03
8.68459e-03
8.68458e-03
8.68474e-03
8.66649e-03
8.68530e-03
8.68561e-03
8.68464e-03
8.75367e-03
8.68462e-03
8.68460e-03
8.68790e-03
8.68459e-03
8.68460e-03
8.68381e-03
8.68670e-03
8.68460e-03
8.68459e-03
8.68139e-03
8.70138e-03
8.68460e-03
8.73027e-03
8.68501e-03
8.68462e-03
9.35169e-03
8.76859e-03
8.68467e-03
8.68464e-03
8.71003e-03
8.73148e-03
8.68465e-03
8.68459e-03
8.70815e-03
8.68480e-03
8.68459e-03
8.72077e-03
9.32226e-03
8.68459e-03
8.68472e-03
8.68462e-03
8.68459e-03
8.69650e-03
8.68462e-03
8.68459e-03
8.68459e-03
8.69421e-03
8.70112e-03
8.68475e-03
8.68460e-03
8.96899e-03
8.64526e-03
8.76891e-03
8.68467e-03
8.68449e-03
8.68459e-03
9.30171e-03
8.68459e-03
9.73509e-03
8.68473e-03
8.68459e-03
8.68461e-03
8.69435e-03
8.76215e-03
8.68468e-03
8.68463e-03
8.71990e-03
8.68455e-03
8.68465e-03
8.68448e-03
8.68332e-03
8.68559e-03
1.20272e-02
8.68647e-03
8.68458e-03
8.68436e-03
8.94956e-03
8.68472e-03
8.69500e-03
8.68195e-03
8.68435e-03
8.68428e-03
8.68507e-03
8.51498e-03
8.68459e-03
8.68459e-03
9.88057e-03
8.71519e-03
9.18696e-03
8.68464e-03
8.68467e-03
8.68535e-03
8.68473e-03
8.68462e-03
8.68460e-03
8.77289e-03
8.68662e-03
8.70425e-03
9.97336e-03
8.68619e-03
8.71881e-03
8.68496e-03
8.68644e-03
8.68378e-03
8.68758e-03
8.68234e-03
8.79553e-03
8.68466e-03
8.67982e-03
8.66326e-03
1.16113e-02
8.68467e-03
8.68460e-03
9.02078e-03
8.75854e-03
8.71145e-03
8.68465e-03
8.52859e-03
8.68463e-03
8.68672e-03
8.68463e-03
8.69528e-03
8.68447e-03
8.69025e-03
8.68459e-03
8.68472e-03
8.68462e-03
8.68459e-03
8.68468e-03
8.68471e-03
9.49769e-03
8.68556e-03
8.68805e-03
8.63258e-03
8.68492e-03
8.68935e-03
8.70331e-03
8.68478e-03
8.68462e-03
8.89145e-03
8.68636e-03
8.68649e-03
8.67978e-03
8.68411e-03
8.68603e-03
8.68127e-03
8.68658e-03
8.68460e-03
8.68488e-03
1.00343e-02
8.70647e-03
8.68473e-03
8.68454e-03
8.68851e-03
8.68459e-03
8.68470e-03
8.68463e-03
8.68587e-03
8.68644e-03
8.68460e-03
8.68462e-03
8.60314e-03
8.67991e-03
8.68462e-03
8.68536e-03
8.68459e-03
8.68459e-03
8.68300e-03
8.68488e-03
8.68461e-03
8.68459e-03
8.68602e-03
8.68459e-03
8.68535e-03
8.68459e-03
8.68589e-03
8.68346e-03
8.78533e-03
8.69804e-03
8.68651e-03
8.68468e-03
8.77858e-03
8.69358e-03
8.68552e-03
8.68460e-03
8.69012e-03
8.78617e-03
8.68460e-03
8.77521e-03
8.68492e-03
8.69178e-03
9.14345e-03
8.73378e-03
8.70900e-03
8.67758e-03
8.68460e-03
8.68468e-03
8.82623e-03
8.68432e-03
8.69069e-03
8.70236e-03
8.86071e-03
8.68459e-03
8.62898e-03
8.68468e-03
8.68455e-03
8.75344e-03
8.68471e-03
8.72493e-03
8.68537e-03
8.68382e-03
8.68723e-03
8.68647e-03
8.68459e-03
8.68459e-03
8.68601e-03
8.68459e-03
8.68460e-03
8.68459e-03
8.68463e-03
8.68748e-03
8.68460e-03
8.68640e-03
8.67479e-03
8.68464e-03
8.68460e-03
8.68435e-03
8.68531e-03
8.68482e-03
8.75051e-03
8.68632e-03
8.68463e-03
8.68459e-03
8.68521e-03
8.68490e-03
8.68465e-03
8.68459e-03
8.75676e-03
8.69750e-03
8.68459e-03
8.69575e-03
8.68459e-03
8.68460e-03
8.68465e-03
8.68489e-03
8.68592e-03
8.68459e-03
8.68105e-03
8.68464e-03
8.68536e-03
8.68470e-03
8.68478e-03
8.80670e-03
8.73027e-03
8.68456e-03
8.68510e-03
8.68459e-03
8.67443e-03
9.75175e-03
8.68486e-03
8.68460e-03
8.68474e-03
8.67448e-03
8.71325e-03
8.68459e-03
8.68274e-03
8.68627e-03
8.68462e-03
8.77711e-03
8.68480e-03
8.68458e-03
8.68460e-03
8.68459e-03
8.68459e-03
8.68459e-03
8.68457e-03
8.68492e-03
8.68459e-03
8.68287e-03
8.68628e-03
8.68461e-03
8.63115e-03
8.78801e-03
8.68459e-03
8.73207e-03
8.68514e-03
8.68459e-03
8.68464e-03
8.68459e-03
8.68537e-03
8.68459e-03
8.68459e-03
8.69126e-03
8.68514e-03
8.68459e-03
8.68524e-03
8.68739e-03
8.68487e-03
8.68535e-03
8.69248e-03
8.70818e-03
8.68477e-03
8.68459e-03
8.68467e-03
8.67079e-03
8.70846e-03
8.68459e-03
8.68459e-03
8.68459e-03
8.65135e-03
8.71561e-03
8.71745e-03
8.74758e-03
8.68463e-03
8.68736e-03
8.68456e-03
8.68471e-03
8.68459e-03
8.72369e-03
8.68563e-03
8.68463e-03
8.69796e-03
8.68459e-03
8.68473e-03
8.68259e-03
8.68461e-03
8.68574e-03
8.68459e-03
8.68459e-03
8.68472e-03
8.68460e-03
8.69037e-03
8.68781e-03
8.68476e-03
8.68475e-03
8.68825e-03
8.68554e-03
8.76994e-03
8.68482e-03
8.70019e-03
8.68462e-03
8.70887e-03
8.68524e-03
8.73120e-03
8.66378e-03
8.68464e-03
8.70983e-03
8.68352e-03
8.69835e-03
8.68461e-03
8.77496e-03
8.69247e-03
8.68459e-03
8.68481e-03
8.68908e-03
8.68504e-03
8.97199e-03
8.68545e-03
8.68457e-03
8.68460e-03
8.68674e-03
8.74071e-03
8.68460e-03
8.68459e-03
8.68463e-03
8.69212e-03
8.68459e-03
8.69220e-03
8.79485e-03
8.72880e-03
8.68490e-03
8.68475e-03
8.73090e-03
8.69169e-03
8.88081e-03
8.70969e-03
8.68527e-03
8.68459e-03
8.68518e-03
8.68802e-03
8.68229e-03
8.68900e-03
8.68459e-03
8.69401e-03
8.68459e-03
8.68508e-03
8.68451e-03
1.25888e-02
8.69194e-03
8.68464e-03
8.70304e-03
8.70937e-03
8.68529e-03
8.68587e-03
8.74901e-03
8.68268e-03
8.68459e-03
8.68600e-03
8.76537e-03
8.68869e-03
8.68488e-03
8.68460e-03
8.68480e-03
8.69542e-03
8.68461e-03
8.73319e-03
8.68460e-03
8.69974e-03
8.68970e-03
8.68483e-03
8.69496e-03
8.68396e-03
8.68509e-03
8.73272e-03
8.68459e-03
8.68394e-03
8.68476e-03
8.85560e-03
8.68534e-03
8.69265e-03
8.68589e-03
8.69777e-03
8.68359e-03
8.68459e-03
8.68461e-03
8.85121e-03
8.71188e-03
8.68459e-03
8.69818e-03
8.68459e-03
8.83626e-03
8.68481e-03
8.68462e-03
8.68483e-03
8.68468e-03
8.68664e-03
9.14856e-03
8.68615e-03
8.68572e-03
8.69078e-03
8.68466e-03
8.68459e-03
8.69126e-03
8.68648e-03
8.68462e-03
8.68492e-03
8.69627e-03
8.68606e-03
8.68459e-03
8.68460e-03
8.68459e-03
8.69810e-03
8.70803e-03
8.68446e-03
8.68316e-03
8.68460e-03
8.68459e-03
1.07997e-02
8.68485e-03
8.68471e-03
8.68460e-03
8.68732e-03
8.68464e-03
8.68459e-03
8.68462e-03
8.68461e-03
8.69809e-03
8.68460e-03
8.68717e-03
8.68454e-03
8.68459e-03
8.70293e-03
8.68902e-03
8.73421e-03
8.69977e-03
8.72143e-03
8.68461e-03
8.68478e-03
8.68468e-03
9.56075e-03
8.68459e-03
8.67858e-03
8.69623e-03
1.15819e-02
8.69857e-03
8.68503e-03
8.69884e-03
8.68482e-03
8.68471e-03
8.68321e-03
8.68488e-03
8.69848e-03
8.89380e-03
8.68397e-03
8.70752e-03
8.68459e-03
8.68639e-03
8.68875e-03
8.68455e-03
8.68466e-03
8.68469e-03
8.68459e-03
1.04047e-02
8.68459e-03
8.68710e-03
8.68459e-03
8.68468e-03
8.70175e-03
8.68461e-03
8.72240e-03
8.68495e-03
8.68220e-03
8.68462e-03
8.68722e-03
8.68561e-03
8.72584e-03
8.69021e-03
8.68447e-03
9.03022e-03
8.68460e-03
8.69733e-03
8.71459e-03
8.68460e-03
8.68461e-03
8.68466e-03
8.68467e-03
8.68460e-03
8.71146e-03
8.68838e-03
8.68492e-03
8.68458e-03
8.68459e-03
8.68459e-03
8.70324e-03
8.68628e-03
8.70744e-03
8.61238e-03
8.68467e-03
8.68603e-03
8.68549e-03
8.68686e-03
8.68459e-03
8.68445e-03
8.68741e-03
8.68479e-03
9.03375e-03
8.81168e-03
8.67492e-03
8.68495e-03
8.68470e-03
8.68459e-03
8.68467e-03
8.68461e-03
8.68509e-03
8.69660e-03
8.68464e-03
8.70029e-03
8.68475e-03
8.68471e-03
8.73954e-03
8.68459e-03
8.68493e-03
8.68436e-03
8.70913e-03
8.69149e-03
8.68459e-03
8.68473e-03
8.68528e-03
8.67898e-03
8.80141e-03
8.68459e-03
8.68009e-03
8.69581e-03
8.71279e-03
8.68452e-03
8.68464e-03
8.68459e-03
8.68478e-03
8.68459e-03
8.69839e-03
8.68459e-03
8.80873e-03
8.68551e-03
8.68459e-03
8.69352e-03
8.92585e-03
1.10030e-02
8.68495e-03
8.68467e-03
8.68318e-03
8.68459e-03
8.68463e-03
8.68531e-03
8.68469e-03
8.72250e-03
8.73235e-03
8.68525e-03
8.68541e-03
8.68459e-03
8.85590e-03
8.68461e-03
8.68458e-03
8.68746e-03
8.68463e-03
8.68460e-03
8.68471e-03
8.69180e-03
9.19694e-03
8.71751e-03
8.68493e-03
8.68486e-03
8.68536e-03
8.68487e-03
8.68463e-03
8.69789e-03
8.68477e-03
8.68622e-03
8.68817e-03
8.68460e-03
8.66996e-03
8.68349e-03
8.69006e-03
8.93623e-03
8.68459e-03
8.68165e-03
8.67719e-03
8.68459e-03
8.68496e-03
8.71258e-03
8.68461e-03
8.68471e-03
8.68461e-03
8.71539e-03
8.68460e-03
8.68471e-03
8.72601e-03
8.68476e-03
8.83051e-03
8.68236e-03
8.62166e-03
8.68446e-03
8.67893e-03
8.90842e-03
8.68474e-03
8.69035e-03
8.68472e-03
9.53852e-03
8.68550e-03
8.68450e-03
8.69828e-03
8.88376e-03
8.70156e-03
8.68459e-03
8.68461e-03
8.69403e-03
8.68462e-03
8.65043e-03
8.68752e-03
8.71076e-03
8.68459e-03
8.68467e-03
8.68459e-03
8.68630e-03
8.68459e-03
8.68459e-03
8.68766e-03
8.68470e-03
8.68467e-03
8.68459e-03
8.69389e-03
8.68489e-03
8.71003e-03
8.68474e-03
8.68459e-03
8.68486e-03
8.68547e-03
8.70504e-03
8.68737e-03
8.68447e-03
8.69315e-03
8.70202e-03
8.68460e-03
8.68468e-03
8.68597e-03
8.68459e-03
8.68460e-03
8.68459e-03
8.69857e-03
8.68253e-03
9.00444e-03
8.68467e-03
8.68505e-03
9.44548e-03
8.68474e-03
8.68459e-03
8.68460e-03
8.68467e-03
8.68460e-03
8.68459e-03
8.68075e-03
8.68459e-03
9.35328e-03
8.67927e-03
8.68578e-03
8.68895e-03
8.68650e-03
8.68612e-03
8.68459e-03
8.68501e-03
8.69083e-03
8.72152e-03
8.68521e-03
8.68672e-03
8.68451e-03
8.70757e-03
8.68462e-03
8.68459e-03
8.68505e-03
8.68710e-03
8.74357e-03
9.10745e-03
8.68741e-03
8.68456e-03
8.68459e-03
8.69730e-03
8.68477e-03
8.68487e-03
8.68460e-03
8.68460e-03
8.68898e-03
8.68460e-03
8.68467e-03
8.68460e-03
8.70344e-03
8.68460e-03
8.70992e-03
8.70458e-03
8.72216e-03
8.68485e-03
8.68580e-03
8.68406e-03
8.68460e-03
8.68459e-03
8.68518e-03
8.68460e-03
8.68547e-03
8.69023e-03
8.68460e-03
8.68459e-03
8.68463e-03
8.68605e-03
8.68461e-03
8.68496e-03
8.69851e-03
8.68359e-03
8.68498e-03
9.07968e-03
8.68459e-03
9.28895e-03
8.69895e-03
8.67855e-03
8.84325e-03
8.68477e-03
8.68463e-03
8.70932e-03
8.68470e-03
8.68473e-03
8.71245e-03
8.68461e-03
8.74656e-03
8.80120e-03
8.68464e-03
8.68535e-03
8.68461e-03
8.68459e-03
8.68595e-03
8.66414e-03
8.68435e-03
8.68466e-03
8.68467e-03
8.68499e-03
8.68844e-03
8.68761e-03
8.68459e-03
8.68942e-03
