2.79374e-06
2.27931e-07
9.36581e-06
8.67077e-06
1.19421e-05
3.18484e-07
9.56307e-06
1.31875e-05
1.07897e-05
2.94904e-06
7.24709e-06
5.21277e-06
1.30264e-05
1.15188e-05
1.07348e-05
4.90233e-06
2.23929e-06
1.83798e-07
2.29667e-06
2.83384e-06
1.03705e-06
1.30879e-05
6.98281e-07
1.17547e-06
1.94923e-06
1.81916e-07
5.69241e-06
1.10365e-05
1.17594e-05
7.12681e-06
9.82279e-06
4.88397e-07
1.25977e-05
8.14851e-06
1.15822e-05
1.22893e-05
7.09631e-06
3.89513e-06
4.88579e-06
2.70258e-06
7.37289e-07
2.45775e-06
1.07729e-05
5.97465e-06
1.30310e-05
9.46017e-06
1.01934e-05
1.06760e-05
1.19530e-05
4.61538e-06
1.33171e-05
1.30855e-05
1.05469e-05
4.89025e-06
1.26737e-05
1.09102e-05
4.71682e-06
1.13474e-05
1.38889e-06
1.29261e-05
1.81844e-06
3.84896e-06
2.88030e-06
9.24514e-06
2.63444e-07
6.04203e-06
1.20524e-06
1.18312e-05
9.41247e-06
9.47215e-06
5.53488e-06
4.07294e-06
1.01512e-05
1.53404e-06
8.40721e-06
1.18864e-05
6.31009e-06
6.99546e-06
1.29963e-05
7.78877e-06
1.24491e-05
3.86359e-06
3.25948e-07
2.55431e-06
5.21062e-07
5.54586e-06
3.42249e-06
1.08796e-05
1.06383e-05
1.07804e-05
1.28889e-05
1.26369e-05
3.98490e-06
1.11248e-05
3.34552e-06
4.20462e-06
2.73376e-06
1.24792e-05
4.00927e-06
4.92905e-06
1.29994e-05
1.32168e-05
1.10241e-05
1.28124e-05
8.99335e-06
1.20151e-05
5.52465e-06
1.29291e-05
1.59854e-06
8.77585e-06
2.91986e-06
3.86577e-08
9.01411e-06
1.32855e-05
1.01044e-05
4.46784e-08
1.11021e-05
1.30485e-05
1.14925e-05
9.44064e-06
1.12478e-05
2.87812e-07
1.81468e-08
9.67497e-06
5.90721e-06
1.27909e-05
1.10574e-05
9.10216e-06
1.16104e-05
7.94842e-06
1.22325e-05
5.76858e-06
3.15119e-06
5.41857e-07
1.10276e-05
4.19778e-06
7.39182e-06
9.09688e-06
8.02178e-06
8.06283e-06
2.93190e-06
1.01211e-05
1.17451e-05
1.22229e-05
1.03077e-05
9.88692e-06
5.49517e-06
9.91657e-06
5.64592e-06
1.21273e-05
1.14126e-05
3.44517e-06
1.05764e-05
6.05188e-06
3.16737e-06
6.97773e-06
7.53634e-06
2.14401e-06
1.11638e-05
1.18299e-05
5.33175e-06
7.93335e-06
7.66609e-08
1.01772e-06
9.33480e-06
1.11717e-05
7.01804e-06
1.19963e-05
1.25459e-05
3.38167e-06
1.02369e-05
8.97471e-06
1.24872e-05
1.15382e-05
1.00488e-05
3.12620e-06
1.18854e-05
1.23120e-05
1.18954e-05
1.35476e-05
1.33301e-05
1.20556e-05
5.23266e-07
9.16241e-06
1.12300e-05
1.11228e-06
5.63330e-06
5.04215e-06
6.14358e-07
5.23538e-06
7.35638e-06
1.17462e-05
2.46104e-06
1.24524e-05
8.11510e-06
4.26563e-06
1.08055e-05
1.33498e-05
1.22930e-05
7.63927e-06
1.17780e-05
1.34316e-05
1.05427e-05
1.31387e-05
3.24328e-06
1.20141e-05
1.24944e-05
1.24195e-05
9.28829e-06
7.73825e-06
1.14468e-06
1.08400e-05
1.01735e-05
3.39620e-06
3.98573e-07
1.02684e-05
9.41180e-06
8.27397e-08
1.61233e-06
9.84955e-07
1.24454e-05
1.19988e-05
1.13124e-05
8.12021e-06
1.08644e-07
1.26423e-06
6.35575e-06
8.54402e-06
1.23129e-05
4.25280e-06
7.77198e-06
1.27434e-05
4.45903e-06
1.02504e-05
4.90849e-06
6.48783e-06
8.94173e-06
8.86191e-06
9.60000e-06
1.24486e-05
1.36102e-05
1.28573e-05
1.29789e-05
1.33111e-05
1.11017e-05
3.50683e-06
7.13442e-06
8.19269e-06
6.33488e-06
5.34532e-06
1.24337e-05
5.40919e-06
1.08813e-05
7.55847e-06
1.90714e-06
4.02449e-06
1.05315e-05
1.21660e-05
2.52852e-06
1.18510e-05
1.31369e-05
1.12433e-05
2.99171e-06
8.27159e-06
4.44735e-07
1.34526e-05
3.56720e-06
1.19306e-05
6.68100e-06
4.22687e-06
1.22487e-05
1.16419e-05
5.40255e-06
4.86410e-06
1.32205e-05
5.94933e-06
1.00876e-05
5.06781e-06
1.49499e-07
1.00095e-05
1.30730e-05
1.78513e-07
8.76687e-06
3.12791e-06
1.10800e-05
1.18418e-07
1.28620e-05
3.01130e-06
7.47012e-06
9.17400e-06
1.11778e-05
3.78537e-06
1.28510e-05
4.82626e-06
1.00874e-05
1.11918e-05
1.32517e-05
2.22307e-06
1.28173e-05
1.30415e-05
4.13609e-06
1.14205e-05
6.45120e-06
1.30746e-05
1.86564e-06
1.27111e-06
4.47129e-06
2.46556e-06
1.33765e-05
8.20585e-06
7.19584e-06
3.19353e-06
8.78919e-06
1.22403e-05
3.02519e-06
9.82978e-06
1.49075e-06
1.09581e-05
5.76255e-06
3.39779e-06
9.36981e-06
1.21858e-05
6.88322e-06
3.06896e-06
1.30774e-05
4.14585e-06
2.39420e-06
1.15248e-05
7.83623e-08
6.98169e-06
4.92584e-06
4.32645e-06
1.15083e-05
9.67568e-06
9.48749e-06
1.34650e-05
1.26560e-05
2.39850e-06
5.96438e-06
4.94893e-06
4.28003e-06
1.05586e-05
1.19226e-05
1.06191e-05
9.99024e-06
1.38096e-05
1.08653e-05
5.09682e-06
3.79218e-06
5.21939e-07
4.32166e-06
1.21223e-05
1.19447e-05
1.11854e-06
8.91048e-06
1.21164e-05
5.23762e-06
6.24849e-06
7.68002e-07
1.09924e-05
1.32374e-05
8.77525e-06
2.59440e-06
1.21773e-05
5.45433e-06
1.15427e-05
1.02187e-05
1.03744e-07
1.29446e-05
8.16318e-06
7.64132e-07
1.20081e-05
1.29268e-07
1.29730e-05
8.46946e-06
9.47334e-07
1.11847e-05
3.18157e-06
8.75285e-06
1.23892e-05
1.33529e-05
1.19831e-06
7.15790e-06
3.58577e-06
7.05377e-06
2.23819e-06
1.22987e-05
5.99343e-06
1.75919e-06
4.20973e-06
1.25291e-05
2.67632e-06
6.99960e-07
1.31412e-05
7.68916e-06
9.11311e-06
6.71520e-06
1.17998e-05
1.81092e-06
5.57182e-06
2.09111e-07
3.58573e-06
1.27398e-05
5.16313e-06
1.11231e-06
1.09252e-05
4.15829e-06
1.25757e-05
5.99189e-06
1.52219e-06
5.65159e-06
3.91516e-07
5.38518e-06
1.26003e-05
1.17405e-05
4.70553e-06
9.51387e-06
5.05386e-06
1.13389e-05
4.89287e-06
5.12172e-06
6.58978e-06
9.68371e-06
2.65541e-06
7.28774e-06
4.45273e-06
1.03851e-05
3.19762e-06
7.16772e-06
1.16159e-06
3.67612e-06
1.12783e-05
2.97047e-06
7.84934e-06
3.42327e-06
7.59125e-06
9.91074e-07
8.56751e-06
9.36112e-06
9.39415e-06
4.92834e-06
3.73561e-06
1.18631e-05
1.07974e-05
4.38783e-06
1.28445e-05
1.06236e-05
7.33601e-06
1.27273e-05
1.32191e-05
4.32383e-06
3.59687e-06
6.34331e-06
4.28594e-06
1.03103e-05
2.35273e-06
1.23331e-05
2.06408e-08
9.82196e-06
1.02094e-05
5.78898e-06
2.88155e-06
6.76433e-06
6.44627e-06
3.97404e-06
9.41839e-06
2.67813e-06
6.55934e-06
7.05817e-06
6.36527e-06
2.44353e-06
1.01869e-05
1.13345e-05
2.47217e-08
1.00311e-07
2.34471e-06
4.20028e-06
9.40702e-06
1.29760e-05
8.67448e-06
1.04464e-05
1.22333e-05
4.74564e-06
3.69357e-06
1.15041e-05
1.00555e-05
8.33397e-06
3.25231e-06
1.89995e-06
4.26800e-07
5.26079e-06
1.32337e-05
5.29192e-06
1.33376e-05
2.96812e-07
8.32105e-06
1.17083e-05
9.49941e-06
1.07634e-05
8.97051e-06
8.56144e-06
8.24380e-08
2.09145e-06
1.12047e-05
2.92099e-06
5.22788e-06
3.22770e-06
5.95417e-06
6.71006e-07
1.30341e-05
8.89595e-06
7.25684e-06
1.83106e-07
1.21473e-05
3.28665e-06
1.18615e-05
1.03814e-05
1.22077e-05
6.81775e-06
6.46519e-06
1.29650e-05
7.87903e-06
9.38488e-06
4.36398e-06
9.04088e-06
7.60775e-06
8.39240e-06
1.01127e-07
1.06380e-05
9.72469e-06
5.84264e-06
9.89089e-06
9.14685e-06
1.06574e-05
5.25227e-06
2.31502e-06
2.36356e-06
1.36033e-05
1.18482e-06
9.98189e-06
2.68448e-06
5.44506e-06
5.50641e-06
2.52127e-06
6.99119e-06
4.29251e-06
5.11566e-06
9.06584e-06
1.06639e-05
8.81189e-06
1.06523e-05
1.30526e-05
1.24138e-05
9.57509e-06
3.10303e-06
9.60934e-06
7.30037e-06
1.16254e-05
2.30066e-06
6.33743e-06
2.71563e-06
4.81744e-08
4.81358e-06
7.30734e-06
1.03041e-05
9.65718e-06
5.07268e-06
1.16207e-05
9.33105e-06
8.40647e-08
2.62165e-07
9.90660e-06
3.59723e-06
1.14631e-05
1.15241e-05
4.02980e-06
1.31721e-05
7.27879e-06
1.26608e-05
1.30359e-05
8.80841e-06
7.61681e-06
1.17690e-05
9.51432e-07
1.12831e-05
3.48457e-06
1.04687e-05
1.32234e-05
8.58362e-06
5.49897e-06
1.19602e-05
1.17907e-05
1.16135e-05
2.92852e-07
7.97689e-06
5.81880e-07
1.25562e-05
9.16157e-06
4.74070e-06
9.98106e-06
1.13320e-05
1.34453e-07
2.99405e-06
1.08504e-05
1.08232e-05
1.11859e-05
4.05340e-06
2.79310e-06
3.19559e-06
1.31148e-05
1.04299e-05
3.46628e-06
1.23426e-05
1.07262e-05
7.39846e-06
1.22583e-05
1.00134e-05
9.26661e-06
4.22550e-06
9.48795e-06
1.05463e-05
2.94152e-06
3.14278e-06
1.29053e-06
5.99354e-06
3.23997e-06
1.16990e-05
6.55384e-06
1.27219e-05
3.82768e-06
4.06148e-07
4.90309e-06
1.28121e-05
9.97564e-06
1.29362e-05
1.18331e-05
9.23643e-06
8.83535e-06
1.31155e-05
1.31386e-05
1.31608e-05
4.83204e-06
1.27080e-05
7.61210e-06
1.25629e-05
1.32303e-05
4.82777e-06
6.36740e-06
9.86108e-06
9.90536e-06
5.65449e-06
1.07921e-05
8.97230e-06
7.81526e-06
2.79789e-06
7.29142e-06
8.63112e-06
2.59349e-06
1.70855e-06
1.07676e-06
1.34140e-05
1.03996e-05
4.62413e-06
1.04714e-06
6.73365e-06
1.59909e-06
1.31358e-05
1.26702e-05
6.25132e-07
1.21142e-05
7.76656e-06
3.24591e-06
1.11050e-05
3.27303e-06
7.89138e-06
4.89506e-07
3.74114e-06
1.05014e-05
7.90041e-06
8.74636e-06
1.06276e-05
3.91627e-06
8.11567e-06
1.07790e-05
9.70993e-06
7.44255e-06
1.19226e-05
1.32509e-05
2.26148e-06
1.28872e-05
6.13937e-06
8.32347e-06
1.03312e-05
9.81989e-06
9.83500e-06
2.09623e-06
6.18613e-06
8.86667e-06
2.77029e-06
1.13230e-05
9.61288e-06
4.23276e-06
8.68006e-06
1.32081e-05
5.15210e-06
1.05527e-05
4.38440e-06
8.40769e-06
5.08499e-06
1.03439e-05
3.76595e-06
1.14069e-05
4.73424e-06
5.31619e-07
1.21238e-05
7.38964e-06
4.53231e-06
1.29116e-05
1.24049e-05
2.46020e-06
9.06912e-06
2.78083e-06
1.27047e-05
1.29715e-05
7.11081e-06
5.84952e-06
1.61137e-07
1.00448e-05
5.39394e-06
8.84901e-06
1.03811e-05
7.00416e-06
4.45021e-07
3.07108e-06
4.35212e-08
1.02514e-05
1.16477e-05
1.29208e-05
1.13699e-05
1.28215e-05
1.28914e-05
4.98688e-06
1.09251e-05
1.33781e-06
8.19113e-06
3.03047e-07
1.18571e-05
8.56102e-06
1.20712e-05
9.89904e-06
1.09465e-05
2.57390e-06
1.28152e-05
1.24928e-05
1.17142e-05
1.24665e-05
5.48926e-06
2.64793e-06
6.24757e-08
1.82667e-07
1.11629e-05
1.02867e-05
7.47375e-07
1.23276e-06
1.89059e-07
1.20119e-05
8.83633e-06
1.09264e-05
2.38902e-06
7.24649e-06
6.79838e-06
9.85254e-06
2.93836e-06
1.31835e-05
5.91284e-06
1.31844e-05
1.29433e-05
5.67350e-06
8.69922e-06
9.30311e-06
6.50146e-06
1.12636e-05
3.34605e-06
5.05008e-07
7.86326e-06
1.14315e-05
1.17552e-05
7.92827e-06
1.29262e-05
4.49026e-06
6.53572e-06
1.99126e-06
1.51514e-06
5.85880e-06
7.40230e-06
8.10911e-06
6.36353e-06
1.27247e-05
7.87055e-06
8.43290e-06
1.32146e-05
5.51874e-06
4.42284e-06
3.00057e-06
1.97079e-06
5.36834e-06
1.60576e-06
3.66077e-07
2.00079e-07
5.13058e-06
6.13037e-06
1.30135e-05
3.14137e-06
1.16034e-05
5.72672e-06
4.14249e-06
7.14299e-06
9.96190e-06
1.26221e-05
6.40836e-06
1.22033e-05
2.20816e-06
8.96433e-06
5.85286e-06
9.91960e-07
8.55915e-06
1.63382e-06
7.82337e-06
7.34471e-06
1.23460e-05
1.32488e-06
2.64660e-06
8.48539e-06
1.20869e-05
1.06517e-06
1.29948e-05
3.63767e-06
4.59110e-06
1.32750e-05
1.08201e-05
1.02021e-05
9.72245e-06
4.24096e-06
3.46836e-06
5.88464e-06
1.20460e-05
4.05161e-06
4.42315e-06
6.19724e-06
1.35805e-05
3.51229e-06
5.60260e-06
1.09714e-05
1.32355e-05
1.44388e-06
2.92763e-06
1.08340e-05
6.17007e-06
1.27743e-05
1.30705e-05
5.44362e-06
7.40455e-06
1.02271e-05
2.02611e-06
1.19094e-05
7.13949e-06
1.00527e-05
3.62480e-06
6.93266e-06
2.86812e-06
9.69032e-06
4.84165e-06
4.41622e-07
7.86471e-06
1.26779e-05
1.29685e-05
8.57440e-06
6.63303e-06
6.45531e-06
3.64968e-06
1.18649e-05
4.78777e-06
7.72348e-10
