1.21064e-04
1.68255e-04
2.43257e-05
8.26533e-05
7.42708e-03
2.18250e-03
5.13656e-05
8.62228e-05
2.16402e-05
6.61297e-04
3.35492e-05
1.93170e-03
2.70102e-04
2.44832e-03
4.98927e-04
5.11582e-05
8.17144e-05
3.87175e-04
3.74471e-05
1.55898e-03
3.35611e-05
8.55497e-06
9.96445e-03
1.85613e-05
2.46785e-04
2.99669e-06
2.43678e-05
5.01753e-06
5.85790e-03
4.47841e-03
4.13167e-05
1.04789e-04
1.43849e-04
1.58194e-05
8.50456e-05
1.03613e-05
9.91363e-06
4.06776e-05
1.30177e-02
7.87221e-04
1.05564e-04
3.16135e-02
2.24725e-03
1.10722e-03
2.29438e-04
3.57394e-04
4.09234e-02
1.68963e-05
2.92706e-05
1.35661e-01
1.64703e-04
5.45678e-04
7.00928e-05
4.52105e-05
3.43160e-05
9.02911e-04
1.81654e-04
5.98539e-05
7.70898e-06
9.61835e-04
4.57345e-04
3.41062e-04
3.84434e-05
8.07989e-06
6.40447e-04
1.64435e-03
1.10583e-01
4.81486e-05
9.00457e-03
7.31752e-05
1.14590e-04
1.36882e-05
6.12346e-06
4.46992e-04
1.24720e-04
1.47859e-06
2.29324e-05
2.13068e-05
1.23728e-03
1.13475e-05
4.57645e-02
3.48613e-05
1.19398e-04
3.59842e-05
3.41698e-04
2.14465e-05
1.31627e-02
3.23231e-03
7.31437e-04
2.33398e-03
4.51428e-04
5.61119e-05
3.50447e-03
8.32596e-05
1.71049e-05
4.05862e-04
9.42464e-05
1.38131e-04
3.30240e-04
3.10154e-05
