-0.72591
-1.14353
-1.06350
-0.73983
-1.09095
-0.98897
-1.02431
-1.06145
-1.21831
-0.84458
-0.89395
-1.10541
-0.99334
-0.98597
-1.14396
-1.37865
-1.10608
-1.02129
-1.13825
-0.82992
-1.00341
-1.11613
-1.02578
-0.93094
-0.71632
-1.05183
-0.98516
-0.94991
-0.93145
-1.04882
-1.22088
-0.96163
-1.01877
-1.07531
-0.98780
-0.77485
-0.82454
-1.21598
-0.94847
-0.93098
-1.01649
-1.04884
-0.89704
-0.92100
-1.00860
-0.99269
-1.27408
-1.11500
-0.71749
-0.58914
-0.77058
-0.91189
-0.77293
-1.24857
-1.07820
-1.24245
-0.76584
-1.17518
-1.00060
-0.92223
-1.13066
-0.99640
-1.00647
-1.07181
-0.95081
-0.95844
-1.63224
-0.93950
-0.89711
-0.91328
-1.09023
-1.66681
-1.11928
-0.97484
-1.00615
-0.80883
-1.00189
-0.54012
-0.62492
-1.02492
-0.95138
-1.14208
-0.95521
-1.13934
-0.90868
-0.75910
-0.86599
-1.03534
-1.09838
-0.91634
-0.73021
-0.95926
-0.95896
-0.99180
-0.98473
-0.96607
-0.83673
-0.86040
-1.17730
-1.14003
-1.10586
-1.07537
-1.05969
-0.94511
-0.93629
-0.88854
-0.88004
-1.23823
-1.06468
-0.90822
-0.78935
-1.04257
-1.11312
-1.07718
-0.83185
-0.78972
-0.73401
-0.96278
-0.81929
-0.90054
-0.82125
-1.31520
-0.99347
-0.82951
-1.04992
-1.03370
-0.86225
-0.85541
-0.75467
-0.92934
-1.07541
-0.86361
-0.77126
-0.84412
-0.96707
-0.96719
-1.20189
-0.73198
-1.33355
-1.18737
-1.37950
-0.97713
-1.07444
-1.15618
-1.02235
-1.00415
-1.06333
-0.96094
-0.90297
-1.06146
-1.22725
-0.97434
-0.63221
-1.33576
-1.02010
-1.01038
-0.58319
-0.98574
-1.09407
-0.76655
-0.88691
-0.82946
-0.70235
-1.06957
-0.91332
-0.73972
-0.81315
-0.96581
-0.92946
-0.72881
-0.86823
-1.23671
-1.21126
-1.08462
-0.82953
-0.94831
-1.16034
-0.73401
-1.27668
-0.79658
-1.18684
-1.06256
-0.69366
-1.42096
-0.84059
-1.03843
-1.06423
-1.17237
-1.06453
-0.94266
-0.87553
-1.00829
-1.34152
-1.16166
-1.03999
-0.97370
-1.25247
-0.95161
-1.21875
-1.13479
-0.69400
-1.41498
-1.07806
-1.03583
-1.10432
-1.04601
-0.82857
-0.88765
-0.82906
-1.15317
-0.79066
-0.68769
-1.29062
-1.08296
-1.11771
-0.88905
-1.03890
-1.20917
-0.99259
-0.78326
-0.88163
-0.85967
-0.90025
-1.01938
-0.95777
-1.41279
-1.26034
-0.86077
-0.94258
-0.87637
-1.12626
-1.15350
-1.08025
-0.95967
-1.01170
-1.10984
-0.95770
-0.90447
-1.04227
-1.40760
-0.98199
-1.08880
-0.91804
-1.09200
-0.98773
-0.99442
-1.17036
-0.91503
-1.48869
-0.91356
-0.82165
-0.86281
-1.14075
-0.99555
-1.35180
-0.74224
-1.15444
-0.81261
-0.91492
-0.90051
-0.73333
-0.91036
-0.80813
-1.07717
-1.22595
-1.34215
-0.78052
-0.89211
-1.10145
-0.81326
-0.75022
-0.88861
-0.97806
-0.81252
-0.82886
-1.07274
-0.94590
-1.04696
-1.01872
-1.34205
-0.89540
-1.11287
-0.95325
-0.86548
-0.85323
-1.04544
-1.36329
-1.04754
-1.11696
-1.45965
-0.86951
-0.99811
-0.60495
-0.81815
-0.80812
-1.15278
-0.89513
-0.68871
-1.12210
-1.10060
-0.86892
-0.87135
-1.05561
-1.24756
-1.19997
-0.64411
-0.99041
-1.02759
-1.15633
-0.74493
-0.73300
-0.99521
-0.88772
-0.96890
-1.03451
-0.96293
-1.11632
-0.80106
-1.12012
-1.30140
-1.26661
-0.89974
-1.02991
-1.10379
-1.05123
-0.76883
-1.29415
-0.68107
-0.74631
-1.19080
-1.14485
-0.77794
-1.09770
-0.93877
-0.95539
-1.15610
-1.25787
-1.05882
-1.01294
-1.13021
-0.93822
-1.27867
-0.75598
-1.17745
-0.94557
-1.02159
-0.61084
-1.34089
-0.95884
-0.98800
-1.07320
-1.03243
-1.34972
-1.07895
-1.04317
-1.32608
-0.96600
-0.89611
-0.89975
-0.99094
-0.70370
-1.13241
-0.70078
-0.77613
-0.77461
-0.83307
-1.01149
-0.92848
-0.61292
-1.12814
-1.32591
-0.74970
-0.94249
-0.96440
-1.26898
-0.83192
-1.10244
-1.03541
-0.87206
-0.68155
-1.17316
-1.00581
-0.79517
-0.75875
-1.66059
-1.06914
-0.83408
-1.06121
-0.77429
-1.15038
-0.97189
-0.89382
-0.95439
-0.92189
-0.96518
-0.79054
-1.06532
-0.89558
-0.90631
-1.18728
-0.93936
-1.19326
-1.09332
-0.98939
-0.94820
-0.75776
-0.79074
-1.27837
-0.77735
-0.93304
-1.14961
-0.87090
-1.19163
-1.18652
-1.05251
-1.23380
-0.60665
-1.12747
-1.04335
-0.89956
-0.91130
-0.97207
-1.20431
-0.63040
-0.90940
-0.87584
-0.41785
-0.89154
-0.83293
-1.22722
-0.83858
-1.09681
-1.31544
-0.82415
-0.89545
-1.03725
-0.98339
-1.21546
-0.92742
-0.56641
-1.22570
-1.00998
-0.71706
-0.96145
-0.86463
-0.88292
-0.73548
-0.78763
-1.08282
-0.87769
-0.99935
-0.91331
-0.88631
-0.90558
-1.08551
-1.10397
-1.05304
-0.75758
-0.96687
-1.23569
-0.89964
-0.93331
-0.70800
-0.57656
-1.08582
-0.97376
-1.12518
-1.13024
-1.15315
-1.05805
-1.01545
-0.80338
-1.14254
-0.76987
-0.70909
-1.09203
-1.21976
-0.74923
-1.04566
-0.96721
-0.80875
-1.14095
-1.12783
-1.01837
-0.89042
-1.11002
-0.93851
-0.67633
-0.96778
-1.27771
-0.70000
-1.18925
-0.83013
-0.90612
-1.15758
-0.99891
-0.90487
-1.17120
-1.00056
-1.09158
-0.86615
-1.00969
-0.96702
-0.99773
-1.04320
-1.40480
-0.79642
-1.09423
-1.25819
-0.94732
-1.08502
-1.12202
-0.99826
-1.08251
-0.92543
-1.04432
-0.78177
-1.05870
-1.18062
-1.04060
-0.98379
-0.84044
-1.02159
-1.18907
-1.00414
-0.78559
-0.93076
-0.90314
-0.91208
-0.83502
-1.05716
-1.15386
-1.08913
-0.95543
-0.96543
-1.11964
-1.36203
-1.03620
-0.93674
-1.19637
-1.04810
-0.69149
-0.95635
-1.07423
-0.94659
-0.76080
-1.01339
-0.65306
-1.08590
-0.92922
-0.80940
-0.77117
-1.13753
-1.04494
-1.04499
-0.90553
-0.85731
-1.43228
-1.18781
-0.72620
-0.95416
-1.19306
-0.85045
-0.89683
-0.89240
-1.19846
-1.04774
-1.01504
-0.61267
-0.89627
-1.50554
-0.97530
-1.15314
-0.96416
-1.17911
-1.11305
-0.97879
-0.94615
-0.97584
-0.84670
-0.87931
-1.02340
-0.65241
-0.97485
-1.13798
-0.93774
-0.94484
-1.15005
-1.02584
-1.02095
-1.18582
-0.65841
-0.88873
-1.24646
-0.98546
-0.74342
-1.33764
-0.92779
-1.16074
-0.85222
-0.80617
-0.80728
-0.87075
-1.08862
-1.27941
-1.09888
-0.75730
-0.99594
-0.94740
-1.21287
-1.12954
-0.68520
-1.17757
-1.09806
-1.52252
-0.86221
-1.04542
-1.08991
-0.95973
-0.89128
-0.82686
-1.00780
-1.04173
-0.95681
-0.85653
-1.00041
-0.76286
-0.91103
-1.00483
-0.79550
-0.86863
-0.99226
-1.11414
-1.03845
-0.99331
-0.88122
-1.20299
-0.73957
-0.95086
-0.94991
-0.84271
-0.99459
-0.79989
-1.09001
-0.77781
-0.68387
-0.99937
-1.00924
-0.95470
-1.05226
-0.83830
-1.07837
-1.00694
-1.13871
-0.86407
-1.16882
-0.96567
-1.22446
-1.10944
-1.07887
-1.09642
-1.01263
-0.72187
-1.03677
-1.42238
-0.91482
-1.36578
-1.18362
-1.41994
-0.90852
-1.04575
-0.84521
-0.88392
-1.15213
-1.16275
-0.91542
-1.16859
-0.85170
-1.24186
-0.88476
-1.40025
-0.64102
-0.83681
-1.22781
-0.75134
-1.14023
-1.17004
-0.80159
-1.22580
-0.81432
-1.10229
-1.30278
-1.00165
-1.25434
-1.03317
-1.21852
-1.20028
-0.66763
-1.04732
-1.13582
-0.92278
-0.73559
-1.07327
-0.92208
-0.98698
-0.95913
-0.65834
-1.28375
-1.08556
-0.86633
-0.96164
-0.76135
-0.71680
-1.19167
-1.02250
-0.86782
-0.96763
-0.75704
-0.88003
-0.85280
-1.09310
-0.84133
-1.06421
-1.41186
-0.77296
-1.31350
-0.84250
-1.37820
-1.29429
-1.13685
-0.89532
-0.94182
-1.18344
-0.62475
-0.72633
-1.30148
-0.79894
-0.84832
-1.47202
-0.76995
-1.39960
-1.00695
-0.89587
-0.79508
-1.46431
-1.22672
-0.95466
-1.12430
-1.12197
-1.21372
-0.86069
-1.07256
-1.13052
-0.95132
-1.39833
-1.05675
-0.99293
-0.91018
-1.01847
-1.30441
-1.29034
-0.94793
-0.53679
-1.08464
-0.72832
-1.01861
-0.73146
-0.86517
-1.28578
-1.06185
-0.95119
-0.58648
-0.97717
-0.97393
-1.20305
-0.91446
-0.90806
-0.82573
-0.46191
-0.95340
-0.75422
-0.99204
-0.82914
-1.02963
-1.36951
-1.06180
-0.92378
-1.11366
-0.73310
-1.00191
-0.96154
-0.94295
-0.86903
-0.84729
-0.90218
-1.35931
-0.77575
-0.78143
-1.32754
-1.21595
-1.24431
-0.97121
-0.92472
-0.91503
-0.90766
-0.82647
-1.03475
-0.99038
-1.01507
-0.99959
-0.97478
-1.14043
-0.96077
-1.09371
-1.15642
-1.12750
-0.69525
-1.37964
-1.07553
-0.92010
-0.70182
-0.98372
-1.12130
-1.21749
-0.72787
-1.00520
-0.87187
-0.83775
-1.01261
-0.69290
-1.18104
-1.27722
-0.80179
-1.24532
-1.08469
-1.03337
-1.35131
-0.93627
-1.15031
-1.00770
-1.03293
-1.05812
-0.98651
-0.92256
-1.12668
-1.00576
-1.15952
-0.99538
-1.03530
-1.02639
-0.75806
-1.04347
-1.01840
-0.89592
-1.26744
-1.03466
-1.08845
-0.67934
-1.16569
-0.84336
-0.92452
-0.66474
-0.55307
-1.16680
-1.25883
-0.73280
-0.59748
-0.94110
-1.08536
-1.21350
-0.94316
-1.03194
-0.66555
-1.03822
-0.99693
-1.23457
-0.93491
-0.85728
-1.07288
-0.99107
-0.78148
-0.84960
-0.92481
-0.94378
-0.96543
-0.69319
-0.92074
-0.91387
-1.08833
-0.93008
-1.04023
-0.97878
-1.02672
-1.01372
-0.76574
-1.01091
-0.80506
-0.89375
-0.96893
-0.69888
-0.73583
-1.21414
-0.64362
-1.12601
-0.92332
-0.98948
-1.07381
-0.87338
-1.05967
-0.91646
-1.05427
-1.18734
-0.81083
-1.04445
-1.15153
-1.29420
-0.81029
-1.05961
-1.17614
-0.79629
-1.01561
-1.13582
-0.79621
-0.42207
-0.91344
-0.88207
-1.29894
-1.11402
-0.95422
-1.27628
-0.95747
-0.86143
-0.82136
-1.00907
-0.75028
-0.86548
-0.90905
-0.82412
-0.82678
-1.18919
-1.02824
-1.01083
-1.18539
-0.75913
-1.05888
-1.20067
-1.02851
-1.02899
-1.40486
-0.89326
-1.40847
-0.73135
-0.88550
-0.94299
-0.73274
-0.90745
-1.00166
-0.76533
-0.60113
-0.75882
-0.87178
-0.91251
-1.10743
-0.79344
-1.00245
-0.77683
-1.24824
-0.52490
-1.10120
-0.87587
-1.21062
-1.30465
-1.00661
-1.00251
-1.04069
-0.85589
-1.13029
-0.80817
-0.95036
-1.07298
-1.17444
-1.13691
-1.06749
-1.22431
-1.03523
-1.02604
-0.78674
-0.88053
-0.86626
-1.35822
-1.14661
-1.14368
-1.33175
-0.81697
-1.09548
-0.79391
-1.04664
-1.12969
-0.75723
-1.15211
