-3.742899660783310678e-17
1.144361143472797320e-09
-5.986011250905353602e-10
-1.936447780076598538e-15
-7.077487309327404286e-11
2.655508665843354879e-12
1.144745524935758546e-11
-2.808925139091908935e-11
2.410084776460862387e-08
-8.888658436028256371e-15
6.577833312510949184e-14
-3.396238433563997093e-09
4.015453983043953099e-12
1.342408245884724483e-12
1.146962721078013265e-09
9.735519704837986330e-06
-6.527670937862662243e-11
9.965512044337407067e-12
1.092166996987763730e-09
-2.171691334575894697e-12
-8.342145918881935528e-12
4.633198940770576250e-10
1.073741109094094231e-11
1.829562093720457150e-13
7.063358744667566115e-17
1.974654995002902572e-11
2.010550732767623149e-12
1.949738154057059152e-13
6.971187364882796947e-14
-2.605776710057701532e-12
5.758880200193351744e-10
8.520242410142193388e-13
1.392417354567340682e-12
-9.930309609582034299e-11
2.363846925358411656e-12
1.748842052640602190e-16
-1.413717555017193136e-14
1.848113168986793331e-08
2.690655202785886469e-13
-5.620666636694488246e-12
4.728472956914233944e-12
1.136252223784084609e-11
-1.071828305156453619e-12
2.126255059814206596e-13
5.105402492378484119e-12
3.142590394755722243e-12
1.409067124239887937e-07
-5.592703765996177802e-10
-8.318730820452013586e-16
1.188520440601329527e-19
-2.927079454114955874e-16
-6.930974116875906541e-11
-2.753686329573076592e-17
-2.210778772891458601e-07
-6.342927727754092249e-11
-7.947010588890364794e-07
-2.426049969123168437e-16
-2.257235502767461538e-09
8.961833993793559133e-13
-2.567779306460206055e-12
-9.291333385912011388e-09
3.127472314001745012e-14
3.106865532531697491e-12
-1.044651136045142596e-09
-4.248156251652525515e-13
7.958737865907261402e-13
2.176130846402527241e-01
4.102672355885864909e-13
-7.462878010628992041e-13
-9.958571913035654314e-13
-1.058107785356207377e-10
7.068433674925892474e-01
4.239822514969268980e-10
1.820663103419428752e-12
5.504876797026925103e-12
1.160455892588625788e-16
-1.024933764979557883e-11
-3.940713738589418960e-18
2.182348863334797803e-19
7.616493190295502737e-12
-2.417100771739416563e-10
-6.068847970140995252e-10
-1.707306264630385478e-12
1.139640376458619605e-09
-3.044520281305663058e-14
-9.666830048056219248e-15
-3.971502726902228666e-14
1.545183162922628439e-11
1.963841596268409076e-10
1.696930788555683926e-13
-8.235824363359056153e-17
7.458762855458385377e-13
9.458376563208869114e-13
-1.720815771727876573e-12
2.677804475483734978e-12
-7.179270737184264983e-13
-2.308652647950445168e-15
2.184172177966869492e-14
-2.375011036181622759e-09
1.165983111753692525e-09
2.188246380975804311e-10
-1.669710810911419814e-10
-2.265914027005562692e-12
1.599765678458646347e-13
-7.792403052162092390e-14
-1.554169151394028690e-13
3.682410191316922286e-14
-2.295362487035694660e-08
2.118303841193244310e-11
-3.687680390385905794e-14
2.750859473835920256e-16
1.454052731680378771e-11
3.203165734504963049e-10
3.832494045244686844e-11
-1.584088543297647806e-14
1.102654886158444792e-15
1.523320332387158831e-16
-4.738112019115381233e-13
4.529311044817179948e-15
9.023196821154192165e-14
-3.632721830868765629e-14
8.331895564866684335e-07
-1.376390996598504021e-09
-9.153489021434092864e-15
-1.084395428939601237e-12
1.303099136066714303e-11
1.095612910701400623e-14
-7.752053199931716151e-14
-7.337717021102521812e-14
-3.523043031583201552e-13
6.348247306105104367e-11
2.356724487540793481e-14
-2.958825425530376465e-14
4.398933077795281394e-15
-1.755462129593029614e-11
-6.717989624340913473e-13
-5.731870862683279281e-09
4.584297762685763083e-17
1.352452884323511049e-06
-7.730172950091049531e-09
1.116515665568630447e-05
-7.472955240328815295e-12
-4.052157014067737345e-11
1.487060015252684648e-09
-1.329417402935883243e-10
-2.553318642468606976e-09
5.971846015978033119e-11
9.781826812111026304e-13
-1.984447734901843616e-13
-1.376542272439528832e-10
3.395468222779781138e-08
-8.281534670063729055e-10
-2.115460914216133414e-18
1.538928355340740435e-06
-1.271229732385012187e-10
6.115375333460443560e-12
3.150582310724726871e-19
-1.078468355343771383e-11
-2.144468685452093882e-09
-3.410185342503799107e-15
-2.800484381627169422e-11
3.528472902033095903e-15
8.088216486404259892e-18
3.284789964631071874e-11
1.633428539875634802e-13
1.833016131829393890e-16
2.306174731904563151e-15
-1.107960175376178152e-11
9.572911155017454349e-14
-5.001881342127714068e-14
2.261549456278726268e-14
-2.671475628743264304e-08
-9.187090548408859914e-09
-1.416913777750583143e-09
-8.789615802745186446e-15
-1.273578742238128303e-14
-4.114400411915680552e-09
7.617308089883145656e-17
-2.916667269445557671e-07
1.499058992968860988e-15
-7.953393706991714261e-08
4.992315566734956224e-11
-7.860527469848511704e-16
5.238389097637394080e-05
1.479121329925821850e-15
1.564826926470011737e-11
4.586761014759203600e-11
2.698918896352820144e-09
2.397869365959808479e-11
-8.691678764889548964e-13
2.028596208514080695e-14
5.215128875118469359e-12
2.568333070799275472e-06
1.789875883546253852e-09
2.205291542378000501e-11
1.511635021868789343e-12
-1.677279329514692737e-07
-2.895548647612499373e-10
2.450492172886335566e-08
8.157849248285041259e-10
-2.197131211803866782e-16
4.870627987450009197e-05
-7.196141113601648933e-10
-9.899813974925314106e-12
-4.787175115333481648e-10
-2.756605570530390402e-11
-4.274614385122309189e-15
3.176798530764136721e-14
1.056579809354993736e-15
-9.098040703712097451e-10
1.099445825363556320e-15
-2.148338369907187769e-15
-4.297213253334786197e-06
1.166731502692350549e-10
-7.902060340863638362e-10
-1.023272275358711075e-12
-7.005459382477898088e-12
7.274568252989547672e-09
-4.432083159043873279e-11
-1.402494882274599903e-15
-1.179300811069744401e-15
3.470456286709923727e-15
9.298830191153946640e-14
-9.480340812536103562e-12
-4.120646685500813659e-10
-9.626929308218047996e-07
-2.248921487630748369e-07
-9.078685119473791224e-15
-2.337241370587549346e-13
-4.794746538719444323e-13
2.738896915556058241e-10
1.967349158129625330e-09
9.341069893796799399e-11
-3.476017541383423756e-10
8.143439615102935502e-12
-2.492614540640424425e-09
-1.620694359675479240e-12
1.154953579372512549e-13
1.118015680115341982e-11
1.822534743525709402e-05
-1.109122444493735920e-09
-5.087315495381462256e-11
-2.659100634214246870e-13
1.158130838231067622e-10
-2.134113968170665469e-11
-4.196323300497366806e-10
-1.826621767406092574e-09
-1.545799826169780846e-13
7.628148156062536552e-04
-5.409085446556862645e-13
-1.369922229764665094e-12
-2.421913228631120747e-14
7.983671511578195161e-10
2.945636658318273282e-12
3.609488494253729460e-06
1.939609649001358784e-16
-4.852886384126272389e-09
-3.210449213716183669e-13
-1.171963950955421824e-13
-5.132671275979873245e-14
-5.685795152239518672e-17
-8.791945521380955932e-13
-7.125557763884015845e-14
-8.052077655868866347e-10
3.252877766186254331e-08
-6.448907667303536018e-08
3.905158347641607078e-16
6.934610349007691260e-14
-3.353477033688640910e-10
-2.879127990587355729e-16
1.068821750506144847e-17
-5.409121076462731278e-12
-1.938163416441520227e-11
-6.401320512513143961e-15
-3.273619159213976610e-13
-3.707740865812901537e-08
-1.579499052880624112e-12
-1.309350006950055951e-11
-7.156376574914881872e-11
2.711136460028777401e-06
-5.091181596759306603e-14
3.302220560070706065e-10
7.614796497754455078e-13
-5.603878106140073025e-15
7.798199993468647814e-15
-2.617845441179049342e-11
-7.327224973030637962e-05
2.942573668857205383e-11
8.883856534986570040e-11
2.339522507332231368e-04
-9.119220195353338714e-14
-6.540998533575228388e-12
-1.853778518653843430e-17
-6.912749616343762936e-14
1.260928115662580352e-15
-3.424753387952001298e-10
4.458319424352775778e-14
-6.560768214884382463e-17
4.934834882256142185e-10
-3.669906202157101051e-10
2.644608377671995590e-14
-2.294633053682106883e-12
2.396558554447874241e-11
-3.421877312985437340e-08
-1.169570172867071342e-09
-1.078389241075034887e-15
3.061769806118350932e-12
1.202503987622809316e-11
2.909158256635105424e-11
-3.204537482955487954e-16
-7.023109836856950050e-16
2.095516125491544936e-12
5.659611826658485059e-14
1.068765411639745569e-12
-2.155840780492797588e-10
-1.644145477072981137e-13
-3.363796916967018451e-09
-4.459511332258771382e-16
4.484409655378378096e-10
-2.996831195301594362e-07
-3.705684950708328876e-08
-4.184690816558505916e-13
8.051741436616394807e-12
-3.796903818517049051e-10
-1.686172292285436684e-11
-4.131819645904203557e-17
4.543941204233534703e-07
-4.486151340069546216e-17
2.340253325842900153e-16
7.072815469855280893e-09
-2.595685368908035162e-09
5.370027709014707436e-16
-8.583866913062702951e-11
-2.749989090121217279e-13
-1.304203773540963052e-12
1.971816720201125439e-09
-1.066384897618642610e-05
-4.357790726634696145e-11
-3.354415798144178046e-11
6.461952920040275407e-10
1.443717726994114283e-13
-1.532766300351208558e-07
1.967763946096672587e-16
4.953716360337887201e-09
2.708741078063476265e-13
6.600037186216393614e-12
-1.348054437690567083e-19
2.509783751959696078e-06
6.478739674546402235e-13
3.086520182842783488e-12
-1.368646561651616333e-10
-3.248627531730743691e-11
3.305932472836761009e-06
9.243834248638212792e-11
1.960568754517279451e-11
1.311719472737878339e-06
-1.507486061905541786e-11
-1.681328833186806971e-11
6.912828013551795897e-14
-3.870820829425724785e-12
-2.670948078291967792e-17
-1.394948319821434027e-09
-1.355033095730104263e-16
7.266697776232965666e-16
7.214381192068861363e-16
-6.974103493341258967e-14
-3.445801107216851996e-09
2.651283128225824023e-13
-3.663497550674357127e-18
6.101545944701762426e-10
-7.725001627559131339e-07
-3.801984802575439071e-14
2.712735023551758276e-13
1.227594264952381560e-12
1.386793238420037430e-07
-3.073177588516248971e-14
2.209643143138181342e-10
-9.545435004313377035e-12
-6.243548811171004401e-13
-1.797870510996806288e-15
-1.940040116479334148e-10
-7.966025200449815598e-12
1.314426950468098523e-15
3.532587421914825396e-16
6.456658620746652533e-01
-7.258190392841786249e-10
6.787305571685492289e-15
-6.187768370482072178e-10
-5.391466069406975334e-15
1.673802781373464676e-09
7.712270961308348952e-13
-2.238261040462399073e-13
-4.750846201776469567e-11
2.249770396736318043e-13
-5.515347455056799102e-12
-1.608409318930202418e-15
-3.690593467187668063e-11
-1.108583186862531302e-13
-4.371367048721822681e-12
5.810449377732261250e-09
3.059938273553174573e-13
-7.244203935679426261e-08
-4.420618776315548878e-09
-1.721281265693934817e-12
-8.387525452505287440e-13
-1.828961330369661838e-14
-5.705423158558239303e-16
-2.864801300521024929e-06
-9.798916154552209284e-14
-1.076322731204415339e-13
-1.997709890589887979e-09
-5.679838467354351006e-14
8.554899984080580616e-09
-3.153183731722177972e-09
-4.401016652156204294e-10
4.393730556412161311e-08
9.555693834775565702e-19
3.201746859893140366e-10
1.927166808472671596e-11
-1.595229021485990726e-14
1.334245254010704530e-13
1.682245817333205850e-12
1.404297732061305115e-08
8.111591174367042888e-19
-6.639589951385002739e-11
9.959396841315912145e-15
-1.156553276262905052e-20
-1.501427706710471524e-14
-6.756019120428710719e-14
-1.461978733302121975e-05
8.906945155164089567e-15
-3.522238083924306908e-10
-2.225436861060650719e-08
-5.578158461104216125e-14
4.053618491634560720e-14
-2.984974343219659528e-12
-1.275324027176187956e-12
1.732631161474103598e-08
-1.010740849694470338e-12
-5.704039610912085108e-19
2.306531149601467369e-08
6.270290774190209947e-12
-1.385239639740307650e-15
-8.472841838436538417e-12
1.619312591077225898e-14
2.653048427043675556e-14
-1.080731673348980789e-15
-1.305227992926388231e-14
-2.216361145134805877e-12
4.463800751419520037e-14
4.197988236171789224e-12
-5.051950350014270174e-14
-7.388047396283464201e-14
-1.160699605183850490e-12
-1.038229125620806103e-10
2.410767957053861264e-10
-1.009205607158522988e-11
2.573304478463249758e-16
6.979712074262038712e-13
1.414110440425166291e-08
5.684048026125524747e-14
3.129525046760205227e-13
-1.333142724685961127e-14
-8.503293865436506694e-19
8.885223489704402135e-11
-2.269282549054729397e-11
-1.371536755696426478e-08
5.952711169176094457e-10
-1.492114943210993762e-09
3.275870068729950901e-11
5.012614219586716006e-12
-6.093990808317089208e-15
-6.965004212824225474e-11
-4.479285418522339176e-15
-2.042685424680205208e-16
1.579253231076951538e-10
-7.877014669224144492e-09
2.757242226610120827e-16
-1.671622471529086329e-10
-3.638581075029362333e-13
-1.256110773275325423e-12
1.018480372713129637e-09
-3.138062633939057094e-07
-6.123794322851035835e-12
2.304489340030269995e-14
2.378198843137236763e-10
3.875986090895760783e-13
-5.599087620941549880e-17
-7.010476042239475679e-13
2.054654175275159708e-07
-6.428933480878048225e-15
-3.710871889467462332e-09
5.978167240519466854e-15
-6.144833741834940890e-12
1.895515369825803144e-09
-1.384496346632002184e-12
1.016700074835835009e-15
3.053782432930746037e-09
1.894219492837795773e-12
1.625914475917137437e-10
-1.609472783128838017e-14
5.870672652611842555e-12
1.141988379433437602e-12
-4.171954626161513500e-11
-1.857315989268574463e-10
-1.635950046546318993e-05
-3.478136995008339345e-15
2.153636325468860833e-11
-5.668954378738804691e-08
-9.139367447426207535e-13
1.084194754964806662e-10
4.703590583178386483e-10
3.052568987942427737e-12
1.068530749852251932e-10
-1.399766109208265731e-13
-1.236320973627045400e-08
-1.976781313690676582e-15
4.125330517426557881e-11
-5.414313376742607428e-08
1.178153886223294148e-11
2.077305287104391852e-12
-8.455165318667303656e-15
-1.486004765194534750e-09
5.439833943749452962e-09
-1.075265519762090053e-11
-1.445802657231706501e-13
1.760233527381958842e-13
-7.986886919559406021e-14
9.805661509318606675e-14
-9.751191429961370204e-16
2.143305761615974691e-11
-8.444958223957718531e-09
-1.866915631022428918e-09
-2.176765482055371943e-13
6.005751147779993233e-13
3.316079696610585405e-11
5.429949058353655067e-06
1.735016386356124755e-11
-8.300082226453124482e-13
-1.224104771547623051e-08
-1.332002417134212091e-12
-3.090633448547639293e-16
-1.441411631137789746e-12
6.193027755145149511e-11
-3.750845238114795926e-12
-1.017153406697829581e-15
-2.456172451980012927e-12
-6.121686438691689704e-16
-8.879722131538181275e-11
6.009519967839520176e-14
-1.310703556799567769e-15
-1.474068784969015724e-14
-5.757784316819964267e-09
2.341353783337276010e-11
-7.981842725419244461e-13
-1.465303685145105991e-13
1.756210007849356314e-14
-4.515815496580158106e-05
6.327008825667562144e-09
9.367351138756040401e-17
-1.309316229790210562e-12
-1.049825810409534176e-07
1.299524284136447338e-14
9.217753958118716254e-14
-8.849855261668694852e-14
-4.965751098845485490e-09
-1.416322552528610722e-08
-3.756312510978649187e-11
-1.461270498416278680e-17
5.767523245841408998e-14
1.091991430803767281e-03
-9.750030872297845202e-13
-2.090331947436091445e-08
7.582155482652331543e-13
4.234175691649992041e-09
1.474646384948764945e-10
-2.813293930222445132e-11
-1.450072516332974958e-12
1.898705449005885508e-12
1.174199688414723985e-14
-1.923010164432013198e-11
-1.802307522463863198e-11
-1.174026271979170709e-17
2.892727442119881036e-13
-2.674680509186077098e-11
3.217216969240380036e-14
-1.181138735965239713e-12
1.557717989393013020e-09
-4.632184482706893786e-12
9.167986134329758193e-13
5.609253168581200063e-09
4.685968701573201628e-18
1.520526036191785696e-14
5.785701387963590122e-08
-2.597531607998047243e-11
-1.074215704569379412e-13
-1.050731496626932564e-03
3.153246284360432952e-13
1.089383054713612161e-09
-7.329748301929627874e-15
-2.678510763162488695e-14
9.412605215640900375e-16
-2.438977902443802806e-13
-4.042870028308344456e-10
-3.319238540622485743e-06
-3.354748575374122889e-11
-5.932156005649634270e-17
3.269018914450230076e-12
-1.397128760106795153e-13
-6.697252838034718171e-09
4.858853947580055454e-10
-7.732269476521368558e-15
1.055304229635603872e-09
-3.164593332054840589e-09
2.478274105154699980e-03
-2.132971284081554681e-13
2.653282867652436118e-11
-1.870205062134739556e-09
-3.536891100616697595e-12
1.823916591293448690e-14
-4.862414373504053308e-14
5.889104646816581960e-12
-2.745014317259320909e-10
-2.376883496819920560e-12
-3.569994147396332185e-13
-4.737340119110240342e-12
-1.036278951771475654e-15
-3.476703005766802867e-13
2.917323168010053767e-12
-4.461932177960924043e-16
-1.349663554424633329e-13
-1.416287050669824172e-12
-4.878368182555352960e-09
9.888507675284858313e-14
1.829458827331811534e-12
-1.713682040693101217e-14
-7.232138249013617796e-09
-4.686077749795643782e-17
3.764403819082831728e-13
-6.698123298499021027e-12
-3.373659677457963757e-12
3.813787899591156338e-12
-1.987368178295527608e-14
1.443367463551272596e-10
-4.231078682013287273e-16
1.871545287671297370e-17
1.267416865616478206e-13
6.035294751545606099e-12
-4.091708131550215744e-12
-3.245190293704742084e-09
8.030703870016204199e-15
-3.808317673602699440e-10
6.758803153022875043e-12
8.980544018486261142e-10
2.586427476559368966e-14
-1.606846748240876233e-09
1.036134422745452677e-12
2.401724607072539979e-08
3.533490087783731008e-10
-1.166361613444006525e-10
1.262882156023355460e-10
-1.624852999010619289e-11
-1.391021885557868899e-17
3.934533526850582146e-14
6.470942977565615080e-05
-5.250019610522630736e-14
7.251124620534477650e-06
-1.925938442867238113e-09
5.905281726379504659e-05
-2.584355241018902646e-13
-1.610597195301196110e-11
7.724607824662438829e-15
-1.729308359269686005e-11
1.226195045066281690e-09
2.652966957128941183e-09
-1.134419565658163110e-13
2.838132202862086153e-09
1.478892191916289962e-14
-8.890372844772877066e-08
4.235911418729356238e-14
2.221263529306422179e-05
3.388217427570989183e-18
-2.135700881519112180e-14
3.121954277431431232e-08
-8.137021818626426817e-16
-2.307088021478171922e-11
3.725438088613193116e-09
-5.447036960380821036e-15
3.230084297331742200e-08
-4.265372354064898183e-14
6.471671447115161628e-12
5.331237836726713311e-07
-3.420072847929782058e-11
-4.357004077571967366e-08
1.528196055007494422e-11
2.440482816980874871e-08
-5.175589801255320934e-06
-2.391619679098055475e-18
2.551802734628851143e-11
8.575998760925085933e-10
-3.100935443520080047e-12
-2.389526680031399311e-14
-1.517985004071792642e-10
5.317975388246511507e-14
2.656040963673008964e-12
-4.439961643386325011e-13
-2.581954246628970655e-15
2.120954120059750829e-07
1.350876685743586423e-10
2.081022267101690902e-14
-1.974546598167569123e-12
-3.157901311361511661e-15
4.679597433458972003e-17
-9.945417931051192799e-08
-2.346468973718788361e-11
2.248373655944750569e-14
-1.359209389089636635e-12
-8.164330975664385461e-15
3.828045477800403575e-14
-2.979255261337025167e-14
1.321964487045585680e-10
-1.630324639416567928e-14
-4.676229256657165452e-11
4.320611676613540206e-05
-3.269321869336456455e-14
8.069132983602947977e-07
8.352547393415729151e-15
9.212399789494728295e-06
4.510470801238286477e-07
1.019841621449782963e-09
6.985630054452152852e-14
-6.102533860930235418e-12
3.330432926410470070e-09
-1.660416434943778520e-17
-2.011351963179568937e-16
-7.108173115700733383e-07
-3.699231130837808200e-16
-1.071723463989436518e-14
-1.900616070834952320e-01
4.186841618701807713e-16
2.124052386247501917e-05
1.910009362976241455e-12
-3.915158291263122358e-11
1.601668983927411502e-15
2.781794523632540408e-04
2.824249540995181802e-08
7.193970691038026705e-14
5.434306093891322690e-10
-5.961498095519553583e-08
1.660282960239757155e-08
1.709973389209145641e-14
6.773011536726876402e-11
-3.909480351810061055e-10
6.130460914571091257e-13
2.076132112786927079e-05
4.564132534138748705e-11
3.377181233353816817e-12
-1.998599466172072620e-13
9.472199840622963327e-12
-7.005344458206076015e-08
-1.954343790741257590e-07
-2.025971913429619331e-12
-1.028491880513039135e-17
-7.413608355494056695e-12
-3.390191284002815240e-17
6.819753027251029083e-12
3.136086587951355043e-17
1.710921142373149424e-14
2.544656540426847291e-07
-9.079498843478674595e-11
-3.555727479615583699e-13
2.713139821732287280e-19
1.674739010307117161e-12
3.977514353536744872e-13
-1.315030673112091572e-07
4.878878949942476560e-15
1.458397542048357932e-13
5.686331573786473929e-15
1.032356600432165640e-21
5.279588552729145606e-13
-4.726744542683796148e-17
2.961889605352245280e-12
6.184187026112740921e-15
-2.029362157609569707e-11
8.387091786284362708e-06
2.755088612315148855e-11
9.045733168571506480e-14
3.603613865756438244e-10
-1.918364446711991522e-16
4.481635532143089218e-12
7.468598981345077425e-13
3.782726884155489365e-13
-5.073732811169721150e-13
1.003599562530822036e-14
-3.208103865482188171e-16
-2.530418947176754774e-06
-3.161861791892421788e-13
6.402352597487141684e-16
-3.513782938896580297e-08
-2.391701595200403626e-07
-7.423326322997193609e-10
-6.779549969450307654e-14
-2.386570551045529952e-12
-4.232428954138446007e-11
-1.059580282494573784e-12
5.449662658790512743e-15
-6.595682935313544528e-11
5.397197746631975584e-13
-1.247723522211838984e-11
-5.699652012884121718e-11
-7.206494758018216135e-13
7.603693179315093556e-10
7.912999613365193243e-13
1.669985528008356171e-10
-8.964576179222298169e-12
5.511752700436888623e-10
-5.659551126718419321e-17
1.242104518699820670e-05
5.535999288734204518e-11
1.412697904652450070e-13
-4.094751685428846423e-19
-2.659640537790646460e-11
5.676419277305057379e-10
2.252327976384203533e-08
-4.012510129270062914e-14
1.871747129785139609e-12
-1.631190529262838484e-14
-6.073073061691298194e-15
3.454008146150019392e-12
-9.033321580249216876e-17
4.878475319854131381e-09
2.015719131031360572e-07
-1.320255365553796060e-16
-1.203143650066961273e-09
-3.834702945274633467e-11
-2.093380623099087518e-10
3.749831055840209009e-06
1.365821133934692556e-13
1.512458857201854633e-09
-4.504809434106488453e-12
8.292740654138355559e-12
4.007771068297585123e-12
-3.069984065512336744e-11
-1.059212409419499292e-12
6.214052770447557026e-10
2.263173952966275530e-12
-3.984059244824042388e-09
2.126162337144455756e-12
-1.077153073314510962e-11
-2.695520702964176410e-11
-4.715186549435756032e-15
-4.498987175706640831e-12
-3.275903278209587275e-12
-3.928533153891224309e-14
1.618496811797864398e-07
-6.925418644108995754e-11
-1.793533285196290540e-09
1.406180657737537343e-17
-1.141919244697635056e-09
1.826840923537375117e-15
-2.028436406692386707e-11
2.864644861341433106e-18
-1.023430728165897000e-19
-1.562391857975251318e-09
1.157716271075103942e-07
-1.637387196902602815e-15
-3.303307073912019017e-18
-5.190043384484172898e-13
1.128087272573844252e-10
-1.080045196467573923e-08
4.466967895307628546e-13
1.203516295802280928e-11
6.854968566154841646e-18
-1.482080141257261816e-10
3.498844984787697505e-12
3.559714598079211636e-08
-4.028161447418663852e-12
-7.150128352335747473e-14
-1.639784665989520904e-10
2.795726842388223462e-12
-4.280274496558891317e-15
-6.833261400962865351e-15
-3.314636715267584085e-13
-1.384483358663799624e-14
-7.544164344868095268e-14
-6.565463889078639734e-15
-8.806560981311912480e-12
-1.801349684127419868e-12
-6.421566317452092728e-08
3.020082529953565984e-13
1.969664381505029774e-11
1.544133081106865004e-12
1.146953050561044034e-11
4.261106332599836286e-12
-7.874315316866897099e-16
-3.242924842541226843e-12
1.258807714298801120e-15
6.495393763650356154e-14
1.412228031133411564e-12
-6.975713549118538566e-17
-8.115514020768543865e-14
2.054286295822602255e-08
-8.628402752304781226e-18
-4.746240367839259623e-09
-2.850829226702198596e-13
-1.619055902595152374e-12
-2.898543718183878853e-11
-1.331968267368657136e-13
-2.718156938195505950e-11
1.596189332939515497e-13
-5.957384338086771438e-12
-2.245726792697305106e-09
2.557005680155240035e-15
-7.961275385019032446e-12
1.820312059430234653e-09
3.186305248211443745e-07
-3.828736656183809485e-13
3.117018297375176797e-12
-1.578574196954729978e-09
-3.748145560205665490e-16
-4.946917897217267573e-12
-1.221172507739888050e-10
-1.372232252594420272e-13
-6.323459898670773898e-20
1.519438790464773333e-13
-9.479307583424674736e-13
4.949963720826074113e-07
-1.481643972519302186e-10
6.135863025452751329e-13
-1.162138391537109987e-07
8.420250094651751516e-13
-9.337165118105877119e-14
-2.532026472445474103e-14
-8.950001272724693071e-12
-5.172679001121370761e-16
-3.088238071808434259e-15
-2.100747718149750417e-12
3.243761409408017300e-15
4.133505134976903906e-17
6.716925566962342776e-09
9.257023430720469740e-12
2.537282104704682094e-12
5.702912539874453266e-09
-2.001109464708774219e-13
-9.279319830152220447e-12
4.433531624754012402e-09
1.554581753611181350e-11
-3.616613698612765899e-13
-1.473512826785519655e-05
6.473319934569190332e-14
3.789327071068636864e-05
-1.397441745516005835e-14
-2.046737073995537849e-11
-9.189880729212852296e-13
-5.335347351149751451e-16
-1.751591133780707848e-12
-1.093487847058474451e-10
5.277287560336254382e-16
-1.365414272217560047e-18
1.744942455442921843e-16
2.576758160022837545e-14
1.128962025746645008e-13
2.823044764010659865e-10
-4.787111409065834472e-13
-2.369080929511723203e-09
6.679388036379737458e-16
-9.363638113506864257e-09
4.588979117265135129e-20
5.662437962534725236e-11
-2.244207922585418544e-13
9.687641246551897041e-09
-3.054260293955494548e-07
5.437104138170298510e-12
4.289225203226939760e-12
-6.019393378226784911e-11
9.166540134472652031e-15
-4.769358149757054768e-10
7.086061587174476472e-16
4.248920607048616608e-13
7.883482181705294765e-11
3.459084721957872348e-09
9.374106539338170206e-10
-1.598212496111811501e-11
-1.311008541675353628e-05
-5.579844771092745442e-12
-2.162452986141424393e-11
-2.907169748984013330e-15
4.372282208806705608e-15
2.346152142937233257e-14
3.513430247209926348e-06
-6.466969714908342165e-07
-1.607940270453126950e-10
1.584229223021852424e-06
-8.480253377626382693e-16
2.449537762515962891e-11
-3.767422224713759549e-13
-5.602570077063514553e-11
7.153677084075640135e-10
2.275733252636147935e-16
-8.521697012721947580e-10
