-1.602754361518979138e-17
1.267061054701563587e-09
-3.982557943328874687e-11
-1.343676177632010865e-16
-1.173910809141302950e-10
2.436445470411438903e-12
-1.109830164073158928e-11
-3.635273190123349373e-11
-2.106371042639060804e-08
-4.625523894784533254e-15
-6.876990636491978265e-14
-1.993199425466564169e-10
-3.510493226967487621e-12
-2.240593477257412479e-12
9.676290866393212775e-10
-9.529766581852474724e-06
-1.922372877287824552e-10
-3.902565105121401924e-13
-9.502809327971610345e-10
-5.437243736642876291e-15
-3.448655686584246341e-12
-4.037355329216162808e-10
-1.131150064787423911e-11
-2.571548339394156798e-13
7.846218647598727393e-17
6.137614135469881180e-12
-4.602472132616702599e-13
-4.934185509818963076e-13
-2.103263667152904587e-13
-2.393294233851439822e-12
-1.645936718954426163e-08
-9.146189416338819501e-13
-6.108054100355967921e-12
-7.971124921933021490e-11
-2.607766448748073730e-12
-2.421084970824514638e-16
-3.229495319236538220e-15
5.513688651673365489e-09
-5.604732443914464434e-13
-7.765505195883520741e-14
-7.702530749329043761e-12
-2.668008621923643077e-11
-6.225335215839472698e-14
-1.999857776586565586e-13
-5.494938089268119276e-12
-3.356347929422092555e-12
4.656532419428088765e-08
-2.588034867923425924e-10
-5.918155079905706723e-17
-3.300231426727614031e-19
-2.446992552950025211e-16
-1.348643198585680920e-13
-8.784206553946844547e-17
-2.988140480711025068e-08
-7.118538111423935967e-11
-3.915554723332379612e-08
-3.467741851572687381e-16
-2.489531943125272136e-09
-3.874990759791013652e-12
-1.706151257736835213e-13
-5.186601716171116052e-10
-3.254982110093590575e-12
-5.172237015928427030e-12
-5.349646963803836608e-11
-5.097466952544593099e-13
-3.285940220826951015e-13
-1.897363555867999374e-01
3.446779782314053915e-13
-6.573360344493719249e-14
-1.372865390106510227e-13
-2.342824823744879624e-11
7.826957225955775144e-01
-4.205964037858718831e-10
-1.585148637074535317e-12
1.563353367341869525e-12
-8.894437375463600050e-16
-2.758538442474921066e-12
-5.833589414377780595e-20
-2.078965903691696742e-18
-1.075580534092932535e-11
-5.423153090941740741e-13
-8.732281450656432964e-10
-4.677951766784370353e-13
-9.935313751870387763e-10
-2.414225843473957793e-14
-2.663320239527562950e-16
-1.233994854286003646e-14
-1.634216959976140746e-11
6.091214902004440149e-11
1.872368394850548820e-13
-2.462853810513172500e-17
1.045228812483052139e-13
-2.790826804219297959e-13
-7.515654957369877163e-13
-2.516081852176418190e-12
-2.879639151444517914e-13
-1.265477113026235436e-15
-9.765486953899530957e-15
-3.402603936354340407e-09
-1.018004098920461952e-09
6.664079253391580487e-11
-7.817856002589130009e-11
-3.245364746825977826e-11
-4.634639329751825810e-13
2.849918227700664575e-14
-3.060550410625727635e-14
-3.924031566054574205e-14
-2.014289473915541978e-08
-4.786787730200614993e-11
-2.034464373550806676e-14
-8.094338747179767171e-16
-2.322829608820855214e-11
-3.253277838124159773e-10
-4.539469977995101271e-11
-6.419421096377472125e-15
1.271450653609287589e-15
-2.352994838766073292e-17
-2.308932151856022627e-14
-4.040700612214617591e-15
2.065738935816425787e-14
-3.485121352792340681e-15
1.529381810189915482e-07
-2.996924597032354194e-12
-3.360949829673882481e-15
-5.098989752137429576e-12
-1.597505513721745159e-11
1.033808018958757259e-14
-1.005602343895370522e-14
-2.772720900070373645e-16
-6.102043892428148714e-14
3.974268411906596866e-11
-1.411535559043700121e-14
-4.955223136379710931e-16
-5.968495996727018258e-15
-9.677429011040548183e-13
-7.000879459638806743e-13
-7.079534732179733859e-09
-7.234663353741282979e-17
-1.660042610641037683e-06
-9.808436887778253357e-10
-5.037467827999235366e-06
-1.422171734850743033e-12
-4.798935948400839097e-11
5.906012193466090660e-10
-8.205281692669037628e-12
-4.818625041010161124e-12
-5.486427056838046046e-11
1.079252578394724740e-12
-4.768974320715121852e-14
-3.905481444912103236e-11
-2.983124401422666208e-08
-1.529418783190443804e-12
-1.232552535965983255e-18
5.864035063373561987e-07
-7.272407288807332460e-12
-6.726538927939540916e-12
1.016635463914726689e-19
-1.979835397900287988e-12
-1.247745595474978202e-10
-3.738177766485579544e-16
-5.183697508529376644e-14
-3.779537299473608472e-15
-3.697459079796412505e-17
-5.304031611663310617e-11
-7.472165416688771621e-14
5.660688462293345134e-17
1.841446990252683906e-16
-8.410768259957353954e-13
-2.611729917621092408e-13
-1.043163751321369986e-16
5.954438716501801849e-15
-6.752801542931510639e-09
-1.209945593162487614e-08
-9.123823158229815393e-11
-3.342098888032249005e-15
-6.486583359120500682e-14
-1.023668864809216429e-09
-1.010920642831180842e-16
-1.331912747996668443e-07
-1.587644759029583378e-15
-4.609116577901501069e-09
5.526940282979198044e-11
-9.751807587532419910e-18
5.796660974343326861e-05
-9.164175291845295350e-15
8.895437511555174441e-12
-5.010923993224895389e-11
-3.394556347272996850e-09
-4.477316445971592168e-11
-4.437524238264052838e-13
-1.257757333437853614e-14
-5.720158847746664163e-12
-1.150020680960306930e-06
-2.132147495341272420e-09
-4.923747629863729246e-12
-1.519981359782188370e-12
-4.465904653345230199e-08
-5.989926730825884583e-13
-2.083890292114665995e-08
8.992892896836592966e-10
-2.628710458403306997e-17
-4.240342579817279664e-05
-6.669868500331436726e-11
-1.428529591031145599e-11
-1.055422745970291867e-10
-2.573830339565301022e-11
-4.504163695805884063e-15
-6.076976448520134256e-15
-4.809014400148976005e-15
-8.383647720494037005e-10
3.488840643394854515e-16
-1.391098036311296425e-17
-2.638295692775821984e-07
-1.114070629789479018e-10
-2.107987989421934101e-10
-4.529425967364224671e-14
-1.420374334282858414e-11
-9.219976513513044132e-09
-2.526341561222291519e-12
-5.966040379716550384e-16
-2.855237931732183897e-14
9.376081425995327289e-17
-8.914800686890289465e-14
-3.388602419044422078e-12
-7.960181365515167737e-13
-6.367951097922324658e-06
-6.035278612227217299e-08
-2.703408438131620188e-15
-3.466752963608056231e-13
-2.807040062026173558e-14
7.939269645596523311e-11
-1.720490846242380262e-09
1.678039735285664962e-11
-8.295361564208271550e-13
-7.128962433194571503e-12
-1.977943954108983053e-10
-4.009134791418010078e-13
-4.167670030876599564e-14
1.893483942152256400e-12
-2.919404197787244695e-05
-2.052033900691358930e-12
-7.464738805318596847e-11
-1.253677170034288573e-13
-1.499291269116643351e-10
-6.778595856656272955e-13
-2.757232636881870974e-12
-2.603112574742813121e-09
-1.279096512683343824e-13
-3.452184604367512268e-04
-5.650817994452821930e-14
-3.752979356177766782e-15
-8.831037692327032033e-15
-9.499228528346427441e-10
9.615779307068655009e-13
3.996809824968694470e-06
-6.789863756222987447e-17
-7.374250254236350421e-10
-2.432860160385028242e-15
-8.918538089529204490e-14
-6.109620965013727334e-14
-6.933941806025105113e-17
-1.097378708893608376e-13
-1.653654480124957680e-15
-6.846629271393237695e-11
-2.837189256416889802e-08
-4.223160196931987382e-07
4.559421045108483413e-16
-3.405940174075155656e-14
-9.678984736763749407e-11
2.978444165375856700e-15
-2.283787922462719084e-16
-4.450311085471137366e-14
-1.457260647142513020e-12
-5.483595857780149317e-16
-4.564852717665525024e-15
-6.858228058738017271e-11
-4.245648241123008756e-13
-2.131863106734700840e-11
-8.430104652539808446e-13
-1.265482784761984712e-06
-1.441794381169776066e-14
3.138077765881726509e-10
-7.397405232998939669e-13
-5.016230665981348234e-15
-1.198254901842547151e-14
-1.109529776832020284e-11
-4.244658650316125321e-06
-1.313267137682497773e-11
-3.561163852323064187e-10
2.590499925506316563e-04
-1.301932018632534891e-14
-6.700171619611086778e-13
-3.997001724481551792e-19
-3.096553015613467590e-15
1.705979167217748838e-15
-2.428656296989235065e-10
-2.032883765591347770e-14
-6.296340858506307489e-18
5.417699533127220403e-10
-1.685871368624374904e-10
5.399816091747862704e-15
-1.918364702613775099e-14
-3.624430678825590984e-11
-1.484705240436031289e-08
-6.808785784812040326e-09
-3.125123541895268421e-18
3.388533098227144823e-12
2.869206931794899266e-12
-3.825048600654211055e-10
-1.782063495086952905e-16
-8.156184285714636099e-17
1.649287821936041716e-12
1.719866034459526942e-14
-4.761553999162395143e-13
-1.316317273703023846e-11
-2.007729569732952567e-13
-2.547052922414161141e-10
-1.482059029264926435e-15
-4.387955062990229511e-10
-3.942480803545277014e-07
-2.129033122838285687e-08
-7.273703179697873749e-14
-1.279602633657621158e-11
-1.032111791278130793e-10
-2.090028749560428606e-11
-1.999239591875047525e-16
-3.970986437543682606e-07
-1.059446889478411277e-17
2.231388353679989046e-16
-6.778237343768572102e-09
-6.936499404595752616e-10
-7.985898917909198970e-16
-1.124068712734840045e-10
-3.346195077801966993e-13
-3.631417947922618910e-13
-8.936401633021349046e-10
-7.367315760657596473e-08
-2.916080869112548059e-11
-4.645988588054146861e-12
-6.360886208429172865e-10
2.275803464850784228e-14
-3.237319436246154841e-08
-3.513058055656603040e-16
-4.366441115742888192e-09
-4.936733589074194741e-13
-9.947303805694275396e-12
-5.660530819452422134e-19
-1.141516806041930435e-06
-7.593565128443348455e-13
-1.385242674822710710e-12
-4.121898343485677918e-11
-9.006424369188438648e-12
-3.168181824820728058e-06
2.933700266147934013e-11
-2.079153676347673696e-11
4.184815313697067146e-07
-9.050630373570512542e-13
-6.458284402031038534e-14
3.996996920664504703e-14
-2.481552323149770839e-12
-2.555555668037599522e-17
-3.403833717147645758e-10
-3.056944186133665047e-17
-8.355184243374274465e-17
8.015941179523056505e-16
-5.157702608004117712e-15
-6.420957556728602885e-12
2.531976444707037011e-13
-8.970095479852909656e-19
-3.027650974676124239e-10
-1.014599919337693630e-06
-2.225042451842617274e-16
-3.325951236282939526e-13
-1.130860346020450926e-12
-1.364546381505972141e-07
-4.049433450024442246e-15
-6.277197557470730321e-12
-1.406161639384734049e-11
-2.501167562164152823e-14
-1.117327951854116377e-17
-5.820057114520684746e-10
-4.267862946600796631e-12
-1.421373165624105414e-15
-3.680290728829573642e-16
-5.927787574433307505e-01
-5.025539423043079858e-11
-6.745887056160177130e-15
-3.596207481018334298e-11
-2.954541206345238648e-16
-1.579553034422416552e-09
-1.286214740012647482e-12
-5.854849586892040427e-14
-5.712791960662417317e-13
-3.605446695153945305e-14
-7.154744465215681224e-13
-4.494164147668039092e-16
-1.415873385366340885e-11
-6.001508778291262942e-14
-5.933006247869214384e-14
-5.751499552646634786e-09
1.106531484209397023e-13
-5.079073084437058004e-09
-1.260100493543160255e-10
-2.251796462932574803e-12
-3.500195249593822062e-13
-1.979154546738545300e-16
-1.247259176007771609e-15
-1.578817299527723120e-07
-6.015483139856704113e-16
-1.225271072769182799e-13
-8.497938960043911338e-10
-4.342559354634007413e-15
-7.119953587976297330e-09
-3.907744148998963880e-09
-2.552515992159371367e-11
-3.896560538301646292e-08
7.681388714059499772e-19
-1.694738383546232528e-10
1.201740935446577184e-11
-6.103826500514906656e-14
-1.232841420439856519e-13
-1.460097054329888955e-12
-1.208323481565900724e-08
-2.502596185664517800e-18
-1.232340359050763055e-13
-1.824270726044190555e-14
-7.029918949940408854e-21
-3.431025538462071406e-14
-5.250489436159227896e-15
-2.703707089079381754e-08
-1.440408246436540746e-15
-8.782602207247859900e-11
-1.486279244640861372e-07
-3.756821480848668302e-15
-5.809666566343498813e-14
-1.436592739930913543e-11
-1.717118443264813504e-12
-1.709321541910574673e-08
-2.078052336672158211e-13
-1.003096410400039660e-19
-2.707686226192533199e-08
-5.998880057425214243e-12
-1.322673838161132945e-17
-8.178005484863496726e-13
-2.169776268106524354e-14
7.536676146293100728e-15
-1.350781449457762717e-16
-9.301488238541217041e-16
-1.706808016711342720e-11
-4.005922585394373722e-14
1.294638494879035664e-12
-2.956996360883087572e-14
-1.853964910757226240e-14
-8.864933497596980062e-14
-1.189609040304959266e-10
2.369154399651038855e-10
-5.454828836284356134e-12
7.626443582033450381e-17
-7.360774150080090430e-13
-8.516105214078081726e-09
4.264304811360311008e-14
3.481539223016543255e-13
-4.588163081707306886e-17
-3.653520293440069602e-19
-1.175493367347525900e-10
-2.748707976150049188e-13
-4.192426241639636964e-10
-6.441840812073470530e-10
-6.364317654646107523e-10
1.074336468241849768e-11
2.452992327157729871e-12
-1.139153699695998158e-15
-7.807864808399694288e-10
-4.104337296482960924e-16
-4.252672285269851142e-17
-8.418118732292233551e-11
-3.499809249828031119e-09
1.709015690054018555e-17
-1.633573696792953870e-11
-1.937696507421759313e-13
-2.425167376161291606e-15
3.273902395469480371e-10
-5.794717877504507647e-10
-7.328542339605657243e-12
-2.814214102793252652e-14
-2.917925432589237739e-10
-3.819254974471706796e-13
-8.328405336022570442e-18
-1.027872231321411190e-12
2.274729054492176909e-07
-1.899768956597846177e-17
-5.380507426475372647e-09
5.400228467188914547e-16
-9.376774728485705064e-14
-1.851163384195745659e-09
-7.019290807730503989e-13
-6.330487061399332534e-14
-3.144454695785719591e-09
-3.962914679584723666e-12
-7.335876463078852528e-11
-2.073009832626473104e-14
-6.079965199484371682e-12
2.885888936752748569e-13
-2.590159047260616311e-12
-1.821344418987817090e-11
-2.152507708884526759e-05
-7.980150316216882885e-16
-1.064578456089143157e-10
-7.396858208980941901e-08
-2.536032832527255590e-13
-1.121365332932771531e-10
8.770561124055448097e-11
5.421942236924047122e-13
-1.026574927227141738e-10
-1.989454000810074783e-13
-2.286617854888351315e-11
-7.607188695357454670e-16
-4.069497312059290893e-11
-3.695844040827910738e-09
-1.756479127756467616e-11
-2.611872409403212781e-14
-5.461337327055043598e-15
-8.038276812287789937e-12
-6.540815386763649753e-09
-2.922449817137537037e-12
-6.299416120462133280e-16
-2.553343114625349185e-13
-1.688877470653475418e-14
2.576298625424783538e-14
-4.254894616177697998e-16
-3.657921354004712177e-11
-1.045518593055284288e-09
-1.048223344660478999e-10
-1.204489903710789827e-13
-1.049737380953080562e-12
-1.158241830621666150e-10
-5.137499653173651764e-06
2.997987157308959211e-12
-3.018522072824692130e-13
-5.185350550779897993e-09
-1.987428158693883885e-11
-2.947939892274062328e-18
-5.431349290020762505e-13
-7.567974126897282352e-11
-2.543217590192466293e-13
-3.249674864955821541e-16
-1.428490079443365599e-12
-4.380597356147466926e-18
-1.967662900335807800e-11
-1.073392230799811631e-13
-9.036379984752614328e-16
-4.933559464413404156e-16
-6.497135943017729277e-10
-2.338981521674452288e-11
-4.247636362082956562e-12
-6.662195052417574378e-14
-1.439267847401297456e-14
-6.532047620420514253e-05
-6.062815732530883741e-09
-2.815371780609881414e-17
-3.263740266790066563e-13
-5.831807168474773201e-09
5.509733109505905578e-15
-7.925189119902764713e-14
-2.346203030982733165e-14
-9.417751661625301981e-09
-2.615281510174289664e-11
-3.308795777649244005e-12
-1.070662989940068610e-18
-3.879945782842971317e-14
3.592429937797840642e-04
-1.342817759798142411e-12
-1.294792019823084819e-09
-8.598487084778297079e-13
-4.274469451006348611e-09
-2.625112912062987499e-10
-1.469994042282107612e-12
-3.911062959138533064e-13
-8.088895326584917154e-13
1.276790282586635243e-14
-3.717320640669374144e-14
-5.926160071674632062e-12
-2.195741580756221612e-18
-1.448255681148521197e-12
-1.751469627619280320e-10
-2.431600490415103717e-14
-2.385905474096560031e-13
-1.520131520618489097e-09
-1.934709545636323068e-12
-2.704873783533189669e-12
5.863137037578861298e-10
-6.870069645444133607e-18
-2.914532656216844891e-14
-5.697766973847774019e-08
-1.953376538674276102e-12
-2.007007917063550405e-16
-1.939971423056935279e-06
-2.735230046019549617e-13
-1.998944618525843825e-09
-1.010346518328540229e-14
-1.854426835280202820e-15
-2.305460939056952704e-15
-2.181696005780043512e-14
-6.999090355536692412e-11
-1.635309977208330843e-07
-1.385835678505007974e-10
-1.630970794633858602e-16
-3.461889257517579244e-12
-3.257745753686973805e-13
-3.298515737163588525e-09
-6.439679652220416768e-10
-1.968656666255835410e-17
2.748006077796632984e-11
-1.469190741823775475e-10
5.791746438436912604e-04
-1.706685329932265743e-14
-2.466216360567281803e-11
-1.084212515909838452e-10
-8.676345186072882142e-13
-3.979750750301213811e-14
-4.157702444087476517e-15
1.632021896356384344e-12
-1.696801698039178346e-11
-4.311158584842905306e-13
-1.315819677439768547e-14
-3.457530679667707593e-12
-2.228243164523509590e-16
-1.135076786777891908e-13
-4.995296777943063066e-12
-2.671319763324521887e-16
-1.697618267617090702e-14
-1.115994684115432654e-12
-2.733718034565827041e-10
-1.465879486463135319e-11
1.827276633139392943e-12
-9.615503575461037429e-15
-1.831823267910147493e-09
-1.118344198572930189e-16
-6.194280498401989467e-13
-3.073361880873777031e-13
-8.562611584894127990e-15
-1.736936234988218529e-12
-9.255782692833729780e-16
1.593552712713339526e-10
-3.960422315196925269e-16
-1.431216832338484160e-17
-5.036092097510268551e-13
-3.166470667132986827e-12
-6.109934139890106839e-13
-2.586865664059544943e-11
1.365972471257294534e-15
-7.297555721993507589e-11
-5.984854795168773512e-12
-7.754886655545487332e-10
-1.640472428394846624e-14
-2.251409484075870785e-09
-8.506011103734117096e-13
-2.468765893159033984e-08
-3.114976695101700814e-10
-6.537301780718421226e-11
-3.212275180242536388e-12
-5.728621048032250091e-12
-7.737561040641623380e-17
-1.314515548359028390e-11
-5.568299427817918485e-05
-2.222470837047435635e-14
-6.370534541273828042e-06
-8.660458909128231869e-10
-5.148780973195791387e-05
-1.196634676337842355e-13
-2.009395940666375388e-11
1.108964883323895408e-14
-4.331056554593399754e-14
-1.488034515746906282e-09
-1.382492820268783861e-09
-4.553706706605062818e-14
-2.810017720962936624e-09
-6.559183228363193720e-15
-2.875750985213624216e-08
-4.263712718824519152e-14
-2.187714416073864855e-05
-1.579924434142415854e-18
-6.910242156660765647e-15
-1.214778876188986466e-08
7.183338142367451575e-17
-1.334351311247242255e-10
-3.281630590035258068e-09
-1.506604491452835709e-15
-2.815266791727713192e-08
-2.624884452578840094e-15
-1.602359667981870451e-10
-1.741119813496147166e-08
-4.033088672314170982e-12
-5.380698337213960869e-08
-1.496965032656860457e-11
-2.127759637721228990e-08
-9.555716383424298365e-09
-2.259992432685499895e-18
-2.840654757084043523e-11
-8.062552747779804932e-10
-1.690021078571749140e-13
-9.012355423573431001e-17
3.427954144171469139e-13
8.007697806103716531e-15
-2.540387723241106392e-12
-4.366673518428886127e-13
-7.128550116982187086e-18
1.360283980954694210e-07
-8.034701170112081956e-11
-2.327501501308811533e-14
-4.801567236846239668e-13
-1.141835126671086429e-16
3.428030440303755261e-17
-5.527281309803848809e-09
-3.843965657284662738e-12
-2.509247941663112410e-14
-9.514785352957903190e-13
-3.155753157141600647e-16
-4.020761091758192125e-14
-2.468978375970711522e-15
-1.605347406858531438e-10
-4.120050640221585749e-15
-3.285598500816047841e-11
-3.767134526218448264e-05
-1.688435020048229219e-16
2.512501480975206874e-07
-9.883576412459109214e-15
-9.445703968033477321e-06
-4.116526114851749189e-07
-9.333746884364715397e-10
4.188188581761137830e-14
-3.561220131898736308e-13
-3.833526761980844591e-09
-5.274064569127242407e-19
-3.703359023978015949e-17
-3.024009113690946371e-07
-1.542855933252073196e-16
-9.711212821387170653e-15
-3.509118048264180502e-04
-5.038255155567009783e-16
-2.325654258098082508e-05
-4.994256981549226367e-12
-7.307923871313160984e-14
-7.198349494224342065e-16
-2.665730891370865843e-04
3.099768691469501428e-08
-2.293627395180469628e-13
6.002143773070003046e-10
-3.854629907868358216e-10
-1.620397961415059941e-08
1.913997606387549591e-14
-6.931713912947662547e-11
-5.550004548861185365e-10
1.095244844245905082e-13
3.811191609222013671e-06
-3.450765222397299383e-11
3.736400026610824511e-12
-1.331355818694742430e-13
-3.926946579306507030e-12
-3.879106053717365108e-07
-2.571152435740716214e-07
-2.896032658598500407e-13
-1.102668776248649875e-19
-8.035308116334638047e-11
-1.133663503574763844e-16
-8.762891950126406313e-12
-6.905470248883995939e-17
-1.360275998942511858e-15
-2.640961497858266599e-07
-2.363955372259435391e-11
-5.052541650600920603e-13
2.793167062595620488e-19
-1.510712394811347952e-12
-1.405765819367353998e-12
-8.789413462934095923e-09
-4.194617927357406576e-14
-1.277227702059487658e-13
-3.520921752417988944e-15
2.076166938965096063e-20
-6.752670188097916732e-13
-2.348142234208855463e-16
-2.598132525163963717e-12
-2.439539671287285172e-15
-8.772461892214035105e-12
-7.333004717885623758e-06
-4.529965679338352145e-11
-2.099165050555598851e-13
3.989792276565611191e-10
-4.770407287704714818e-17
-4.008407053725731940e-12
-8.281016667769966552e-13
-4.528332172619849175e-13
-2.446306392645500390e-14
-9.173919227344533190e-15
-1.638338567895991979e-14
-3.123023199701154372e-06
-6.484201291786665916e-16
1.813119134748879466e-16
-2.359948242689270713e-07
-1.468462044233875516e-08
-1.029488109992086597e-08
-7.007742956294952173e-13
-1.181563257002186348e-13
-1.366394905665501731e-13
-7.972162772907196716e-14
-4.353184155030165458e-16
-1.347416379630112071e-11
4.977202699657544758e-14
-3.365745961316081960e-12
-3.294625638008424033e-12
-4.302946751752965051e-13
-9.778375413661287012e-10
-9.808103090868438939e-13
2.779446787315034013e-11
-2.907518721523055599e-10
-5.782748259482955678e-10
2.157577937999084202e-17
-1.083025411429207780e-05
-7.760719274972955778e-11
-1.867499212861727555e-13
-1.047005437648657292e-17
-1.805391255268245223e-12
-4.944389660988010227e-10
-2.008946581233004190e-08
-9.422754229836409924e-17
-2.405426574956557894e-12
-2.304544060411734660e-14
-5.532518784284980853e-15
-6.486244711170774808e-12
-1.506313136383201401e-17
5.388108240252948456e-09
2.231412943383527707e-07
-5.728945238652546496e-16
-9.234473276319718763e-09
-6.004533267182445696e-11
-1.219156393975711301e-11
-1.677382300161973645e-06
-3.235666926242753574e-13
-3.368551339591529516e-10
-4.709022293421170234e-12
-1.455917192537356449e-11
-3.206269361391680836e-12
-7.407486895496352149e-13
-1.451594442480234813e-13
-3.062551438173106209e-10
-4.826851870872675349e-12
-9.845715080042228187e-10
-3.469724210149845675e-12
-1.113803750858217600e-11
-7.092567729069484497e-12
-3.379622291737182609e-16
-5.347455057181169181e-12
-6.324191392946524223e-12
-5.207081738882353585e-14
-1.409315393246418971e-07
-7.181916856819610948e-12
-1.021402383893334843e-10
1.363992616587331776e-17
-5.402657871406133275e-10
-8.486954698349385397e-15
-1.837168604763703901e-13
-1.819466484326627662e-18
-9.807536208499358574e-20
-2.262933914826706415e-09
-1.017492877869519364e-07
-1.210262052739457883e-16
-4.962585908268558390e-19
-4.389646048467055220e-13
-1.223914195984856218e-10
-2.750444238985255908e-09
-4.641613508270991113e-13
3.957245647198885171e-12
-1.040691546959595161e-17
-1.225599905600362411e-11
-3.019266697715415633e-12
-3.649818059470091720e-08
-9.750863994726016575e-14
-7.577947319698003234e-15
-3.604269566838126770e-11
-2.747934978294645061e-12
-4.971261465660700962e-16
-2.458194361667222239e-15
-5.961634475586343849e-14
-1.618335371740203086e-13
-2.698713021891872936e-13
-2.304256323888738808e-17
-1.630774047842803731e-13
-1.248467464776973701e-13
-1.210182861450713933e-10
1.208653175642599632e-14
-1.957360583073934729e-11
6.103133651440392818e-13
-1.167906816774182575e-11
-7.324045993488039804e-12
-2.900509048891194708e-16
-4.561584117939717006e-12
-1.980468444794292585e-15
4.131590653825330054e-14
-6.333278710452523929e-13
-1.708152407829913815e-17
-1.503593985047319788e-16
-1.777436823845694929e-08
-1.917314631602636916e-18
-4.290747962659921792e-10
-1.393815140810386588e-13
-1.952478510981423346e-12
-4.940644708547595054e-11
2.643360422090382344e-15
-1.216756102039236497e-11
3.749644010934033867e-14
-5.127786133443930868e-12
-5.204106690567752032e-09
-2.775961558321136325e-15
-8.221544024254618609e-12
-1.602383114172860460e-09
-3.643329672750290537e-07
-2.384348096734166860e-15
-3.349491581663686355e-11
-6.455734009519183355e-10
-2.342712711814372158e-16
-6.216525361508454517e-12
-5.728744055734467707e-10
-1.280236838808773145e-15
7.729325006503580385e-21
1.714130832180805141e-13
-8.952935903131096847e-15
-2.234252971016388145e-07
-9.068642751360833106e-11
-6.369147974999324301e-13
-1.491069014712573660e-07
9.277449613958399789e-13
-1.428821488513262035e-14
-3.726695483540072888e-15
-4.232976244541994393e-12
-2.148205400856008591e-16
-8.534903570718982081e-15
-2.446286946409102157e-14
-4.499198503964938460e-15
-1.814045876259458163e-15
1.095489037941595759e-09
-1.303866929189138455e-11
7.006455379202314772e-13
-4.956780936128428261e-09
-3.706132277907941785e-16
-3.543480160286585139e-11
-9.902959232546429997e-09
-1.423457411627835177e-11
-2.330035122396297610e-12
-1.818785477185568317e-05
-6.772758294293773243e-14
-3.304254013286585603e-05
-1.086181265408554268e-16
-4.735922538231603593e-14
-2.287581417480776313e-13
-7.119431648221316713e-17
-9.166365157878976089e-14
-3.519943526385613212e-12
-8.563039010132586944e-17
2.223823052296065483e-19
1.325597663792646916e-16
-1.913064198300640652e-14
-1.399565885480178083e-13
3.119558496311439797e-10
-9.894974211040434531e-16
-4.510436239469497009e-12
-7.221715916650177185e-16
-4.441337066718856357e-08
-4.057962653431778723e-20
-2.233270727981386202e-10
1.453310259332854313e-15
-1.404883750420571719e-08
-3.769926798763593652e-07
-5.342671143514142401e-12
-4.524520535027787469e-12
-1.104495151208493120e-11
-1.680519904173420301e-14
-1.862193938999081249e-10
-1.691311133585982661e-15
-5.622588812020100239e-13
-3.574285444551731667e-11
-3.627776804819202092e-09
-4.252656342000597530e-10
-6.002847026906446367e-11
-2.420791884450486934e-08
-5.758908019931039848e-12
-2.721440020008210752e-12
-3.455356451089359079e-16
-4.055812224918336017e-14
2.597992831802326959e-14
-4.311091591934045036e-06
-1.195989917685899348e-09
-9.487281288025773095e-10
3.097918061875383984e-07
-2.834592319645460422e-15
-5.497021795444306821e-11
-1.255110329037151026e-15
-1.170198422126037279e-11
-7.002391480078908922e-10
2.511042303017098180e-16
-7.873348398038439009e-10
