0.08849
-0.43968
-0.19564
0.15456
-0.34042
-0.22096
-0.25231
-0.32515
-0.45614
-0.07091
0.07428
-0.40331
-0.14224
-0.29666
-0.51184
-0.79849
-0.31407
-0.28837
-0.45212
0.14811
-0.31039
-0.29471
-0.38919
-0.24321
0.03808
-0.35192
-0.24079
-0.00985
-0.19197
-0.32073
-0.51371
-0.07947
-0.31243
-0.37886
-0.18578
-0.01979
0.02814
-0.47528
-0.03274
-0.17508
-0.24375
-0.37227
-0.06281
-0.13520
-0.04979
-0.29135
-0.58237
-0.36183
0.13806
0.32532
-0.02404
-0.05451
0.36510
-0.44973
-0.22893
-0.55012
0.13444
-0.51705
-0.21056
-0.01975
-0.49073
-0.17039
-0.18201
-0.32589
-0.17206
-0.33286
-1.05201
-0.26182
-0.04893
-0.24732
-0.21659
-1.13681
-0.40764
-0.21118
-0.23148
0.17216
-0.28250
0.33505
0.37099
-0.38635
-0.21044
-0.54227
-0.07834
-0.45772
-0.14878
0.29250
-0.13069
-0.35066
-0.31667
-0.05600
0.13096
-0.13719
-0.24278
-0.30632
-0.18811
-0.24555
0.05315
-0.13366
-0.23505
-0.33836
-0.46362
-0.31837
-0.29508
-0.25293
-0.18944
0.00462
-0.00757
-0.46754
-0.36958
-0.14557
0.06846
-0.40610
-0.37134
-0.37431
-0.00897
0.00177
0.18873
-0.16643
0.04728
-0.08960
0.03055
-0.60050
-0.22963
0.04058
-0.34771
-0.40375
-0.05919
0.01356
0.11125
-0.05465
-0.30997
-0.00358
0.09080
0.11517
-0.28848
-0.31525
-0.41730
0.05516
-0.60890
-0.52726
-0.70698
-0.15072
-0.28032
-0.47988
-0.27029
-0.36370
-0.26698
-0.21224
-0.00586
-0.27811
-0.54783
-0.17433
0.28784
-0.61947
-0.26508
-0.18762
0.32239
-0.25007
-0.46945
0.13926
-0.11884
-0.23470
0.20151
-0.42598
-0.14425
0.18379
0.10591
-0.06204
-0.13134
0.09211
0.15362
-0.43159
-0.57146
-0.34395
-0.03421
-0.28488
-0.39837
0.27000
-0.60017
0.12972
-0.45208
-0.19448
0.37245
-0.76934
0.03023
-0.32934
-0.41532
-0.57403
-0.38671
-0.11146
-0.17042
-0.16402
-0.74349
-0.39697
-0.24502
-0.23563
-0.53930
-0.14192
-0.44739
-0.49992
0.10574
-0.78549
-0.34000
-0.36701
-0.32270
-0.36852
-0.13027
0.01298
0.09222
-0.40185
0.00119
0.25891
-0.65678
-0.54728
-0.31909
-0.24139
-0.37683
-0.61402
-0.07333
0.00440
-0.06725
-0.05111
-0.18976
-0.45644
-0.22442
-0.94504
-0.66435
-0.01269
-0.08419
-0.05110
-0.38617
-0.47653
-0.45713
-0.16467
-0.21929
-0.29776
-0.11765
-0.18844
-0.31303
-0.48844
-0.18334
-0.28492
-0.04550
-0.40282
-0.26046
-0.21585
-0.49647
-0.10050
-1.03712
-0.30943
0.01307
-0.17677
-0.40425
-0.29469
-0.64470
0.15948
-0.02417
0.03499
-0.07597
-0.17531
0.16260
-0.09943
0.00323
-0.22921
-0.55736
-0.73976
0.08594
-0.22536
-0.38611
0.13532
0.10553
-0.14177
-0.23231
0.11055
-0.06929
-0.28295
-0.03873
-0.26960
-0.28052
-0.89408
-0.07843
-0.39594
-0.24395
-0.10758
-0.09866
-0.24458
-0.77797
-0.24153
-0.28731
-0.90059
-0.10915
-0.04962
0.32070
0.02047
-0.04576
-0.33998
-0.24668
0.46653
-0.45755
-0.39660
-0.08364
-0.03507
-0.27095
-0.49825
-0.43593
0.23215
-0.13584
-0.26002
-0.58378
0.23473
0.13469
-0.22984
-0.01668
-0.21753
-0.28228
-0.22347
-0.28905
0.09419
-0.37177
-0.55328
-0.58953
-0.14914
-0.20682
-0.37605
-0.34783
0.09595
-0.54487
0.21939
0.07529
-0.57676
-0.58439
0.00934
-0.42022
-0.15451
-0.17719
-0.63030
-0.58447
-0.39511
-0.20619
-0.38852
0.03347
-0.54666
0.06900
-0.56046
-0.32126
-0.24273
0.31361
-0.42315
-0.15648
-0.21614
-0.34654
-0.12665
-0.81354
-0.42624
-0.32459
-0.73641
-0.11198
-0.24418
-0.17588
-0.27271
0.16376
-0.33050
0.20022
0.02167
0.07276
-0.03737
-0.25903
-0.20183
0.22438
-0.47752
-0.59841
0.05602
-0.10865
-0.28215
-0.68577
0.09023
-0.51019
-0.35891
0.00736
0.24545
-0.60055
-0.30677
0.09367
0.38337
-0.87855
-0.27801
-0.15642
-0.36500
0.02459
-0.46869
-0.18483
0.01015
-0.13813
-0.11662
-0.17547
0.16587
-0.32473
-0.07049
-0.02672
-0.39433
-0.07096
-0.51648
-0.42519
-0.17172
-0.17138
0.12610
-0.02148
-0.67599
-0.08389
-0.02682
-0.46056
-0.15110
-0.64802
-0.49605
-0.34446
-0.62580
0.27636
-0.43401
-0.41138
-0.16062
-0.16746
-0.27777
-0.62977
0.26289
-0.18540
-0.18206
0.54512
-0.01957
0.04680
-0.57084
-0.08490
-0.31191
-0.76753
-0.00707
-0.05161
-0.37465
-0.29515
-0.60472
-0.04417
0.30981
-0.49363
-0.22773
0.25791
-0.14528
-0.06860
-0.18355
0.09691
0.02755
-0.39264
0.08860
-0.24429
-0.02037
-0.13259
-0.11169
-0.36883
-0.47009
-0.26888
0.04606
-0.28086
-0.62215
-0.16821
0.00755
0.11995
0.39445
-0.34681
-0.18425
-0.36866
-0.53564
-0.43093
-0.31319
-0.18436
0.07440
-0.43292
0.09910
0.25014
-0.39590
-0.71573
0.03754
-0.36450
-0.31804
-0.00003
-0.45442
-0.38375
-0.27810
-0.08987
-0.53032
-0.23789
0.05641
-0.13149
-0.73908
0.18932
-0.59415
0.04810
-0.10326
-0.55489
-0.19433
-0.22434
-0.37717
-0.18311
-0.37093
0.17729
-0.18125
-0.35844
-0.18350
-0.40898
-0.82701
0.03789
-0.32025
-0.63580
-0.25908
-0.29164
-0.47207
-0.32173
-0.26887
-0.12014
-0.17126
0.04693
-0.31370
-0.50379
-0.40065
-0.14797
0.01324
-0.19816
-0.59413
-0.41557
0.04369
-0.33651
0.03194
-0.10012
-0.14765
-0.28372
-0.42655
-0.41446
-0.08376
-0.26234
-0.40184
-0.71077
-0.23531
-0.05678
-0.39928
-0.34092
0.22801
-0.18667
-0.52635
-0.27183
0.03603
-0.09872
0.34640
-0.36416
-0.18126
0.06625
0.00870
-0.49042
-0.26373
-0.34163
-0.07090
-0.08821
-0.83143
-0.55371
0.03740
-0.03309
-0.43831
-0.07847
-0.16403
-0.09083
-0.50346
-0.37845
-0.14152
0.28486
-0.23079
-0.90729
-0.29095
-0.52746
-0.29323
-0.40532
-0.51410
-0.20350
-0.18188
-0.17926
-0.04637
-0.22743
-0.28772
0.19299
-0.25944
-0.32976
-0.39392
-0.13397
-0.50901
-0.32425
-0.15930
-0.53147
0.31510
-0.19947
-0.67747
-0.21873
0.12140
-0.82644
-0.18916
-0.42150
-0.04043
0.01689
0.19732
-0.01321
-0.39015
-0.66086
-0.44501
0.02233
-0.25276
-0.15328
-0.47225
-0.59827
0.11382
-0.35944
-0.31665
-0.70971
-0.05813
-0.41363
-0.34124
-0.20793
-0.01934
0.02345
-0.31141
-0.31863
-0.14470
-0.15333
-0.35585
0.13770
-0.08716
-0.27379
0.06918
-0.08435
-0.19815
-0.17443
-0.28008
-0.29544
-0.03523
-0.29472
0.19458
-0.05675
-0.15540
-0.17807
-0.27603
0.02435
-0.36712
0.04111
0.07789
-0.26644
-0.24718
-0.32372
-0.39173
-0.00863
-0.41966
-0.46390
-0.39965
-0.00877
-0.48251
-0.32642
-0.48881
-0.29886
-0.23962
-0.39981
-0.18931
0.04061
-0.22394
-0.89712
-0.10183
-0.91614
-0.41788
-0.76356
-0.19619
-0.33987
0.09810
-0.24036
-0.53701
-0.48161
-0.02809
-0.44831
-0.15721
-0.62239
-0.14904
-0.69545
0.26010
-0.06353
-0.65920
0.09612
-0.45950
-0.48358
-0.07711
-0.45205
-0.02520
-0.47189
-0.54294
-0.24427
-0.57521
-0.25477
-0.62863
-0.56907
0.25302
-0.31917
-0.38846
-0.17495
0.10324
-0.29182
-0.14515
-0.33030
-0.13371
0.37699
-0.57772
-0.38131
-0.06784
-0.10704
0.16001
0.25741
-0.49419
-0.27918
0.00616
-0.12493
0.12781
0.12083
0.02586
-0.28194
0.02977
-0.39116
-0.79381
0.12763
-0.59562
-0.16998
-0.70113
-0.69276
-0.53655
-0.14871
-0.16863
-0.46674
0.35466
0.25456
-0.50047
0.14771
0.03793
-0.90868
0.13030
-0.65791
-0.24466
-0.09369
0.10807
-0.91383
-0.42556
-0.19109
-0.44607
-0.40127
-0.53705
0.02060
-0.32459
-0.48348
-0.25007
-0.76116
-0.27298
-0.36876
-0.04038
-0.22407
-0.68033
-0.62661
-0.08383
0.33322
-0.34421
0.17432
-0.14933
0.13289
-0.07977
-0.48981
-0.15835
-0.11500
0.27379
-0.01312
-0.21118
-0.59030
-0.09389
-0.07594
-0.05636
0.48351
-0.17384
0.04214
-0.19995
0.02661
-0.36213
-0.60247
-0.18354
-0.09166
-0.42406
0.10506
-0.29817
-0.14578
-0.28354
-0.00279
-0.07276
-0.07447
-0.71251
0.09741
0.11032
-0.77074
-0.56187
-0.60715
-0.26769
-0.11382
-0.18429
-0.12129
0.07324
-0.18902
-0.25994
-0.18611
-0.25935
-0.16757
-0.41053
-0.23533
-0.25049
-0.58661
-0.39840
0.22458
-0.80476
-0.34089
-0.15191
0.11838
-0.16769
-0.35417
-0.53722
0.05953
-0.09105
0.02626
0.06850
-0.19814
0.15766
-0.46376
-0.66064
0.05035
-0.76002
-0.34965
-0.28991
-0.83464
-0.25155
-0.45698
-0.12378
-0.31707
-0.27125
-0.24009
-0.09995
-0.43005
-0.19922
-0.44222
-0.16493
-0.40158
-0.36037
-0.02787
-0.40831
-0.46218
-0.21522
-0.71496
-0.21803
-0.41464
0.23856
-0.45537
-0.06431
-0.21591
0.14281
0.21284
-0.53577
-0.65417
0.08125
0.42987
-0.09100
-0.45338
-0.42873
-0.25591
-0.36081
0.14885
-0.25877
-0.34818
-0.52836
-0.17455
-0.09484
-0.10089
-0.16721
0.20941
0.00797
-0.19591
-0.12436
-0.23704
0.29633
-0.12187
-0.14543
-0.22718
-0.26732
-0.29230
-0.28719
-0.29960
-0.34800
-0.02766
-0.20428
0.09027
-0.21256
-0.28632
0.18970
0.12097
-0.60318
0.27187
-0.37573
-0.13686
-0.30888
-0.36693
-0.09773
-0.23694
-0.15764
-0.34758
-0.62362
-0.05327
-0.35360
-0.51175
-0.67194
0.11242
-0.36122
-0.55728
0.01051
-0.20400
-0.43573
0.11114
0.58451
-0.09866
-0.00881
-0.74983
-0.50422
-0.08217
-0.61514
-0.13926
-0.00140
0.00802
-0.18807
0.25312
-0.05804
-0.08715
0.01065
0.00343
-0.44984
-0.38135
-0.27292
-0.49174
0.00959
-0.25447
-0.63331
-0.43293
-0.26992
-0.83356
-0.23715
-0.74215
0.14372
-0.15522
-0.16303
0.14558
-0.23109
-0.30709
0.02879
0.20504
0.05882
0.02807
-0.15959
-0.35627
0.17524
-0.23849
0.03906
-0.53189
0.45399
-0.35586
-0.13362
-0.49683
-0.60246
-0.32965
-0.07430
-0.37215
-0.14460
-0.43647
0.15783
-0.19911
-0.38657
-0.53590
-0.43892
-0.23660
-0.60695
-0.09148
-0.26904
0.23056
-0.00062
0.11233
-0.71709
-0.30164
-0.34554
-0.68369
0.02044
-0.28397
-0.04588
-0.32375
-0.37349
0.20470
-0.43340
