0.04241
-0.37787
-0.26722
0.22258
-0.30049
-0.15988
-0.27067
-0.47604
-0.43436
-0.05186
0.14865
-0.35374
-0.19787
-0.23198
-0.45836
-0.82560
-0.34136
-0.28248
-0.41526
0.07064
-0.35852
-0.30187
-0.27713
-0.16671
0.08428
-0.39092
-0.49098
0.00891
-0.07320
-0.34242
-0.31788
0.05695
-0.36259
-0.27754
-0.05921
0.09953
0.02820
-0.54557
0.01697
-0.13217
-0.24971
-0.27368
-0.03637
-0.05597
0.08760
-0.29039
-0.40285
-0.21351
0.06277
0.35895
-0.12176
0.00916
0.22689
-0.50218
-0.30401
-0.48647
0.11516
-0.47032
-0.23016
0.01826
-0.45157
-0.35815
-0.11814
-0.19573
-0.16433
-0.50187
-1.04185
-0.42394
0.17081
-0.27169
-0.10091
-1.08724
-0.50432
-0.25198
-0.13078
0.06404
-0.20975
0.26950
0.30673
-0.33025
-0.34765
-0.52127
0.01055
-0.39950
-0.01586
0.21483
-0.23980
-0.40226
-0.15622
-0.04525
0.06488
-0.11234
-0.21407
-0.26098
-0.03402
-0.47941
0.19727
-0.19797
-0.03058
-0.21984
-0.33642
-0.17914
-0.26087
-0.33590
-0.36159
0.21449
0.03447
-0.37243
-0.37972
-0.13018
-0.10559
-0.32294
-0.27674
-0.39202
0.03513
0.14631
0.20261
-0.40451
-0.02640
-0.22376
-0.02011
-0.54416
-0.29220
-0.00764
-0.38921
-0.41044
0.04352
0.07321
0.17891
-0.04219
-0.30988
0.07416
0.04178
0.17342
-0.28493
-0.33068
-0.27028
-0.01610
-0.55483
-0.55894
-0.52857
-0.15108
-0.24379
-0.51100
-0.21105
-0.14810
-0.06044
-0.15685
-0.61647
-0.15980
-0.53460
-0.21540
0.14819
-0.56177
-0.20237
-0.05620
0.46862
-0.34375
-0.32853
0.13229
-0.24425
-0.19762
0.23316
-0.39779
-0.02174
0.21460
-0.04468
-0.08826
-0.23630
-0.01302
0.07157
-0.35913
-0.37955
-0.37355
-0.18003
-0.36036
-0.49450
0.32697
-0.48897
0.22036
-0.39266
-0.17366
0.40474
-0.72087
0.02663
-0.25559
-0.22820
-0.61247
-0.38331
-0.25837
-0.26215
-0.19486
-0.58562
-0.49123
-0.21193
-0.14083
-0.39197
-0.11879
-0.45591
-0.63235
0.13260
-0.65964
-0.30428
-0.24221
-0.30314
-0.19309
-0.18044
-0.12976
-0.01666
-0.28738
0.07822
0.25238
-0.76554
-0.62405
-0.21441
-0.24079
-0.11139
-0.58942
-0.11281
-0.08793
-0.04643
-0.05813
-0.14206
-0.54031
-0.13688
-0.88428
-0.69068
-0.09425
-0.04464
-0.02939
-0.40887
-0.49625
-0.59251
-0.07984
-0.22641
-0.23431
-0.42108
-0.28890
-0.30785
-0.37375
-0.29355
-0.43875
-0.14394
-0.27035
-0.37431
-0.22613
-0.37105
-0.04362
-1.07709
-0.37291
-0.03249
-0.44825
-0.51662
-0.40920
-0.68258
0.09157
0.01879
0.00983
0.02064
-0.20050
0.27317
-0.11047
0.12792
-0.24285
-0.56003
-0.72486
0.06308
-0.20114
-0.28971
0.08005
0.10466
-0.36455
-0.10781
0.10647
0.08763
-0.34557
0.10306
-0.19655
-0.47964
-0.57641
-0.06299
-0.51261
-0.14923
-0.08548
-0.00371
-0.45937
-0.65270
-0.21570
-0.19295
-0.80714
-0.13126
-0.06647
0.24694
-0.03087
-0.17203
-0.11599
-0.21233
-0.13545
-0.54557
-0.25673
-0.18343
0.07548
-0.19902
-0.34174
-0.43063
0.27346
-0.07958
-0.48890
-0.56981
0.04984
0.12369
-0.29257
0.01618
-0.13419
-0.27621
-0.19302
-0.21238
-0.05410
-0.45748
-0.52026
-0.63165
-0.22049
-0.18125
-0.30681
-0.12692
0.19497
-0.33945
0.08121
0.05491
-0.47917
-0.42686
0.05712
-0.35741
-0.11389
-0.07661
-0.63750
-0.44036
-0.37455
-0.25576
-0.38097
0.11021
-0.67376
0.12358
-0.51491
-0.30988
-0.15713
0.20016
-0.45234
-0.13773
-0.26731
-0.47769
-0.21188
-0.84119
-0.36670
-0.46714
-0.56485
-0.02602
-0.18841
-0.22596
-0.02342
0.12152
-0.24269
0.10573
-0.02484
0.07953
0.01209
-0.14757
-0.36003
0.06199
-0.45610
-0.57734
0.30468
-0.10004
-0.24781
-0.64330
0.05058
-0.44236
-0.22788
0.05887
0.17365
-0.61537
-0.30351
0.08018
0.28563
-0.61631
-0.32521
-0.28902
-0.35280
0.06824
-0.29814
-0.29277
0.11914
0.04478
-0.19709
-0.07610
-0.12973
-0.35775
-0.18385
0.02387
-0.34570
-0.24467
-0.58688
-0.44536
-0.17484
-0.30975
-0.11607
-0.04719
-0.56507
-0.06152
-0.11696
-0.43296
-0.24248
-0.55260
-0.39152
-0.24916
-0.40031
0.34745
-0.45600
-0.36379
-0.12484
-0.22641
-0.20894
-0.48714
0.27959
-0.20046
-0.34914
0.50475
-0.08496
0.01298
-0.53720
-0.21090
-0.29234
-0.70064
-0.01509
-0.14619
-0.39901
-0.31623
-0.78440
-0.11660
0.38417
-0.35244
-0.19234
0.23872
-0.14923
-0.12474
-0.32979
0.13154
-0.01531
-0.50750
0.18143
-0.16004
0.05020
-0.06561
-0.26315
-0.21617
-0.52599
-0.07475
0.07761
-0.25245
-0.59256
-0.30603
-0.00613
0.05665
0.33011
-0.27886
-0.22846
-0.34152
-0.50549
-0.34798
-0.43048
-0.17458
0.01632
-0.31931
-0.00887
0.12090
-0.40952
-0.59946
0.11311
-0.36722
-0.15621
0.03936
-0.41047
-0.31806
-0.14318
-0.11723
-0.54655
-0.16635
-0.04627
-0.06036
-0.80374
0.14107
-0.32130
-0.01914
-0.10110
-0.60588
-0.10653
-0.17809
-0.34515
-0.11257
-0.31662
0.22810
-0.08331
-0.38539
-0.11346
-0.41837
-0.61316
0.07280
-0.29637
-0.71798
-0.32043
-0.16991
-0.38938
-0.43171
-0.25953
-0.08799
-0.16935
0.02009
-0.27409
-0.41237
-0.39996
0.09533
-0.07863
-0.13334
-0.50484
-0.33539
0.15248
-0.36247
0.03576
-0.05665
-0.06907
-0.28682
-0.41491
-0.28373
0.07777
-0.13423
-0.30155
-0.62843
-0.28969
-0.10380
-0.46232
-0.19699
0.15838
-0.03704
-0.60716
-0.34282
-0.04419
0.18002
0.29018
-0.46737
-0.22279
-0.07791
0.00929
-0.45885
-0.26068
-0.49858
-0.14268
-0.16768
-0.56500
-0.35984
-0.04165
-0.01137
-0.35007
-0.13799
0.11292
-0.03780
-0.64757
-0.49583
-0.09462
0.19511
-0.18789
-0.82124
-0.08059
-0.43860
-0.34788
-0.30808
-0.49093
-0.19872
-0.32177
-0.27816
-0.14407
-0.32788
-0.26594
0.04473
-0.12639
-0.31859
-0.42628
-0.18823
-0.53648
-0.27425
-0.19146
-0.60103
0.33142
-0.05724
-0.61797
-0.07778
0.02315
-0.83103
0.00794
-0.45761
0.03061
0.00598
0.10833
-0.04595
-0.40982
-0.62634
-0.42405
-0.15058
-0.22719
-0.12635
-0.62548
-0.60830
0.11574
-0.45149
-0.19985
-0.54081
0.09933
-0.32829
-0.36999
-0.11153
0.00917
-0.04633
0.04866
-0.14584
-0.13288
-0.44463
-0.44934
0.08201
0.08113
-0.31139
0.15876
0.02736
-0.10353
-0.04514
-0.26307
-0.25035
-0.06315
-0.21864
0.27906
0.01847
-0.09118
-0.11961
-0.46827
-0.00186
-0.44111
-0.04426
0.07328
-0.42926
-0.23329
-0.37065
-0.49146
-0.05585
-0.24196
-0.37129
-0.36354
-0.01090
-0.39916
-0.34688
-0.45496
-0.19731
-0.05999
-0.27252
-0.02455
-0.08978
-0.14216
-0.67653
-0.04104
-0.74260
-0.24726
-0.66169
-0.11260
-0.32072
0.12619
-0.16039
-0.47611
-0.40149
-0.04812
-0.35438
-0.15045
-0.50572
-0.23637
-0.56711
0.16364
0.10384
-0.61539
-0.06661
-0.38965
-0.41454
-0.05083
-0.29033
-0.08343
-0.44398
-0.49456
-0.22141
-0.55219
-0.39464
-0.72691
-0.64676
0.19441
-0.21710
-0.22563
-0.18081
-0.03312
-0.40291
-0.22348
-0.46480
-0.01437
0.28668
-0.48383
-0.29643
1.81830
-0.11973
0.10493
0.28585
-0.58458
-0.23816
-0.04510
-0.01365
0.11796
0.30781
-0.01321
-0.26569
0.09107
-0.43668
-0.53063
-0.05944
-0.48751
-0.18122
-0.76407
-0.56907
-0.37953
-0.17362
-0.05228
-0.50892
0.30609
0.13856
-0.61899
0.15345
0.10051
-0.88413
0.21398
-0.42354
-0.24327
-0.09699
0.15969
-0.79621
-0.26313
-0.25150
-0.52166
-0.39511
-1.27493
0.04090
-0.30557
-0.34740
-0.21817
-0.62523
-0.20867
-0.37059
-0.24105
-0.12214
-0.63621
-0.46231
-0.09667
0.27642
-0.19810
0.37455
-0.14235
0.16716
-0.08013
-0.38411
-0.17283
-0.16067
0.17165
-0.01081
-0.16527
-0.42326
-0.03231
-0.06254
-0.03464
0.53140
-0.15555
-0.10762
-0.10959
0.05775
-0.30406
-0.43155
-0.05526
0.01367
-0.24911
0.10268
-0.28938
-0.09791
-0.33044
0.01221
-0.16936
-0.19656
-0.58043
0.03546
0.11907
-0.68003
-0.62512
-0.60654
-0.22022
-0.03643
-0.20374
-0.26614
0.04181
-0.24558
-0.36615
-0.11895
-0.17995
-0.15144
-0.37055
-0.18324
-0.18563
-0.61237
-0.32821
0.31108
-0.58560
-0.23264
-0.21800
0.27833
-0.13619
-0.40243
-0.26241
0.00360
-0.05452
-0.19371
0.18873
-0.29854
0.27523
-0.43969
-0.48807
-0.14648
-0.75389
-0.57059
-0.30659
-0.91310
-0.09986
-0.37142
-0.26049
-0.32831
-0.22619
-0.22098
-0.32714
-0.50474
-0.10533
-0.53793
-0.05378
-0.30999
-0.43461
-0.09293
-0.50248
-0.44340
-0.22856
-0.63036
-0.20861
-0.29424
0.36123
-0.44512
-0.04640
-0.24896
0.07023
0.45087
-0.35741
-0.55366
0.06597
0.39908
-0.27393
-0.38788
-0.35608
-0.14651
-0.33878
0.04721
-0.20488
-0.37203
-0.56497
-0.43809
-0.13997
-0.02983
0.13928
0.19465
0.03683
-0.22737
-0.02851
-0.45307
0.16417
-0.26446
0.01101
-0.22317
-0.40494
-0.29102
-0.43590
-0.36379
-0.32216
-0.12594
-0.28496
0.15426
-0.18776
-0.13528
0.09721
0.14287
-0.54707
0.25885
-0.34793
-0.14565
-0.20034
-0.43958
-0.07364
-0.18843
-0.22053
-0.20190
-0.56632
-0.05141
-0.40505
-0.48546
-0.52878
0.05580
-0.35873
-0.55313
-0.19596
-0.30656
-0.43635
0.02114
0.52401
0.02535
0.06496
-0.64420
-0.57627
-0.12541
-0.61486
0.08729
-0.12549
-0.06627
-0.23543
0.12311
-0.06568
-0.05501
-0.03186
-0.04582
-0.46182
-0.33063
-0.37232
-0.48754
0.10796
-0.41337
-0.66676
-0.46384
-0.34344
-0.70027
-0.32947
-0.77512
0.08146
-0.26341
-0.17462
0.09863
-0.32397
-0.19879
0.09816
0.24755
0.02262
-0.03990
-0.25113
-0.26644
0.21687
-0.17298
-0.07002
-0.28170
0.58101
-0.36062
-0.05898
-0.42882
-0.51934
-0.52254
-0.08688
-0.36021
-0.04744
-0.36075
0.10556
-0.25526
-0.33763
-0.40374
-0.40523
-0.22750
-0.48600
-0.13509
-0.24824
0.30697
0.16063
0.16286
-0.67255
-0.52581
-0.50517
-0.54850
-0.00200
-0.28925
-0.02217
-0.34947
-0.18200
0.17050
-0.32670
