-0.90894
-1.18809
-1.12441
-0.68187
-1.04678
-0.91926
-1.06617
-1.16549
-1.22783
-0.85852
-0.85175
-1.06723
-1.05167
-0.96637
-1.21576
-1.41019
-1.08971
-1.01176
-1.18905
-0.87030
-1.08266
-1.19466
-0.99540
-0.88900
-0.72869
-1.14587
-1.14004
-0.79493
-0.90234
-1.11066
-1.07702
-0.90779
-1.04166
-1.03936
-0.96216
-0.69099
-0.85419
-1.18258
-0.94054
-0.88650
-1.03362
-0.99072
-0.87038
-0.87753
-0.82010
-1.03830
-1.09883
-1.06422
-0.78980
-0.67920
-0.87477
-0.88585
-0.74782
-1.26659
-1.11067
-1.22074
-0.81565
-1.16789
-0.95090
-0.87001
-1.11157
-1.20523
-1.00581
-0.91584
-0.95338
-1.12500
-1.69279
-1.06803
-0.74627
-1.00686
-1.09062
-1.55802
-1.15204
-1.07915
-0.85700
-0.90280
-1.01507
-0.67166
-0.72798
-1.02226
-1.01697
-1.21612
-0.87886
-1.09591
-0.80647
-0.78553
-0.94989
-1.10415
-1.04214
-0.92289
-0.82381
-0.93697
-0.96235
-1.01634
-0.93172
-1.19907
-0.74104
-1.00505
-0.95444
-1.05545
-1.06973
-1.03244
-1.01048
-1.00778
-1.14359
-0.79870
-0.87376
-1.16695
-1.16102
-1.01145
-0.91715
-1.00889
-1.06203
-1.08286
-0.84252
-0.74861
-0.72736
-1.13721
-0.88109
-0.97999
-0.83594
-1.28044
-1.09354
-0.87449
-1.09691
-1.07892
-0.83286
-0.80934
-0.75552
-1.02571
-1.10312
-0.85806
-0.84380
-0.74564
-0.97328
-1.02404
-1.12604
-0.74506
-1.34505
-1.30551
-1.31751
-0.98677
-1.05964
-1.20000
-1.04449
-0.86222
-0.90671
-0.96926
-1.23898
-1.01265
-1.22340
-1.00459
-0.74147
-1.27996
-1.00923
-0.90744
-0.55117
-1.08502
-1.04427
-0.81757
-1.01088
-0.91737
-0.73015
-1.14687
-0.86806
-0.75773
-0.94585
-0.98821
-1.10086
-0.86894
-0.97770
-1.20480
-1.04279
-1.12757
-0.99976
-1.08549
-1.27058
-0.68473
-1.18773
-0.76266
-1.22667
-0.96539
-0.66640
-1.30640
-0.93967
-1.00382
-1.00264
-1.21977
-1.07197
-1.04709
-0.98283
-1.04721
-1.19190
-1.26096
-1.06282
-0.94086
-1.09858
-0.95711
-1.28240
-1.31041
-0.69828
-1.40807
-1.07526
-0.97174
-1.11913
-0.92945
-0.83105
-0.98980
-0.92994
-1.08655
-0.74285
-0.72460
-1.38366
-1.17207
-0.98823
-0.93247
-0.87708
-1.21459
-0.98048
-0.87908
-0.85742
-0.90253
-0.92500
-1.10666
-0.92539
-1.38647
-1.33306
-0.89395
-0.92861
-0.93405
-1.21988
-1.17381
-1.17253
-0.93436
-1.04566
-1.03416
-1.16076
-1.01368
-0.98921
-1.29595
-1.07925
-1.16893
-0.95738
-1.00396
-1.09258
-1.03023
-1.07830
-0.86068
-1.52088
-1.09175
-0.84932
-1.12701
-1.30556
-1.12302
-1.32096
-0.81074
-0.87817
-0.82012
-0.89572
-1.01359
-0.65103
-0.94700
-0.83681
-1.04142
-1.23992
-1.36787
-0.77938
-0.90211
-1.09435
-0.85152
-0.76894
-1.08705
-0.93116
-0.81704
-0.77971
-1.18381
-0.86060
-1.00757
-1.25426
-1.27337
-0.93691
-1.18753
-0.95013
-0.88175
-0.82816
-1.20912
-1.33322
-1.11725
-1.06409
-1.38386
-0.90963
-0.96888
-0.69356
-0.92339
-0.95209
-0.95143
-0.90008
-0.95608
-1.21611
-1.02262
-0.99756
-0.82874
-0.97659
-1.17015
-1.16650
-0.63851
-0.90307
-1.19241
-1.19171
-0.90628
-0.72031
-1.09644
-0.86291
-0.93064
-1.05502
-0.96830
-1.05036
-0.90084
-1.10605
-1.27508
-1.32027
-0.97647
-1.01851
-1.09131
-0.93281
-0.71878
-1.13218
-0.77633
-0.77820
-1.13571
-1.07200
-0.76787
-1.06568
-0.93284
-0.89164
-1.19498
-1.11194
-1.07462
-1.05386
-1.21330
-0.83138
-1.35253
-0.73116
-1.12426
-0.99989
-0.96103
-0.71620
-1.13600
-0.96752
-1.07923
-1.30738
-1.05907
-1.30481
-0.99670
-1.17113
-1.17351
-0.97926
-0.93798
-0.94095
-0.87680
-0.74398
-1.08584
-0.78472
-0.82054
-0.82770
-0.83376
-1.00983
-1.03339
-0.77921
-1.15424
-1.24250
-0.90172
-0.97261
-0.94473
-1.27269
-0.86207
-1.05665
-0.96392
-0.83838
-0.76754
-1.21451
-1.02178
-0.79983
-0.79953
-1.30592
-1.13976
-1.04489
-1.06198
-0.75762
-1.03789
-1.07015
-0.82246
-0.83300
-0.97167
-0.90012
-0.98758
-1.13897
-0.99086
-0.87029
-1.18375
-1.08400
-1.27835
-1.14015
-0.98483
-1.08485
-0.99356
-0.87644
-1.21593
-0.91959
-0.93726
-1.21021
-0.99970
-1.16550
-1.12311
-0.97435
-1.11791
-0.63921
-1.12856
-1.08609
-0.85715
-0.98077
-0.98868
-1.18987
-0.70771
-0.94784
-1.08107
-0.48104
-0.94908
-0.87751
-1.21990
-0.99034
-1.09559
-1.28678
-0.84526
-0.93751
-1.07780
-1.13693
-1.34695
-0.95376
-0.55710
-1.05851
-1.03496
-0.80336
-0.99368
-0.92276
-1.05031
-0.76327
-0.81709
-1.21926
-0.77371
-0.91907
-0.89569
-0.79638
-1.04984
-1.01299
-1.20311
-0.88601
-0.78293
-0.96105
-1.23321
-1.11526
-0.95522
-0.76307
-0.65391
-1.04717
-1.05899
-1.10474
-1.19026
-1.09198
-1.18745
-1.02169
-0.91688
-1.06963
-0.85165
-0.76504
-1.12528
-1.17869
-0.71258
-1.06863
-0.91145
-0.87310
-1.05619
-1.14376
-0.90546
-0.90127
-1.14824
-1.01744
-0.79175
-0.94230
-1.32641
-0.81833
-1.04221
-0.90404
-0.94347
-1.29155
-1.03014
-0.96090
-1.11121
-0.99069
-0.99902
-0.81837
-0.93516
-1.04769
-0.89856
-1.11135
-1.27955
-0.78445
-1.08570
-1.25944
-1.03716
-1.00235
-1.09466
-1.08708
-1.03007
-0.92294
-1.02719
-0.84955
-1.06806
-1.15942
-1.07808
-0.90847
-0.94384
-0.97701
-1.14947
-0.94836
-0.72530
-1.05910
-0.88350
-0.89103
-0.80517
-1.04309
-1.21216
-1.06161
-0.90370
-0.89232
-1.10916
-1.32910
-1.07099
-1.02202
-1.27646
-0.95231
-0.78840
-0.85529
-1.13090
-1.02475
-0.81915
-0.79329
-0.69358
-1.13569
-0.95851
-0.96758
-0.81315
-1.13647
-1.05909
-1.12971
-0.95907
-0.98316
-1.25450
-1.11402
-0.87066
-0.87250
-1.10085
-0.92322
-0.75235
-0.90473
-1.32471
-1.14839
-0.96704
-0.80932
-0.87134
-1.45628
-0.90266
-1.13756
-1.09066
-1.17989
-1.17670
-1.02240
-1.10067
-1.05264
-0.93075
-1.00136
-1.00103
-0.79595
-0.91484
-1.14686
-0.98548
-1.02280
-1.16822
-1.02779
-1.02418
-1.15150
-0.68768
-0.79026
-1.30782
-0.94502
-0.86245
-1.36924
-0.89607
-1.20537
-0.73547
-0.83748
-0.85203
-0.90907
-1.13794
-1.29536
-1.12591
-0.92227
-1.04473
-0.94765
-1.38379
-1.15377
-0.76904
-1.22236
-1.04412
-1.27543
-0.77601
-1.01993
-1.05522
-0.82415
-0.94215
-0.88479
-0.83901
-0.92836
-0.97880
-1.02910
-1.08013
-0.83667
-0.79993
-1.05172
-0.75653
-0.81598
-0.92523
-0.94661
-1.02542
-0.97584
-0.93038
-1.10870
-0.73175
-0.92286
-1.15104
-0.81267
-1.11161
-0.73781
-1.14775
-0.85609
-0.83781
-1.16659
-1.02387
-1.05614
-1.10940
-0.92259
-1.06049
-1.03131
-1.09382
-0.90141
-1.10287
-0.99578
-1.13365
-1.04989
-0.80189
-0.98651
-0.91469
-0.88642
-0.96617
-1.33644
-0.89092
-1.33789
-1.15627
-1.38885
-0.85917
-1.04581
-0.84974
-0.89618
-1.20642
-1.13350
-0.91976
-1.12733
-0.87939
-1.19501
-1.11131
-1.35068
-0.76741
-0.77483
-1.22328
-0.90008
-1.08478
-1.17400
-0.82800
-1.09319
-0.91836
-1.14867
-1.21654
-1.05570
-1.21676
-1.12537
-1.32371
-1.32465
-0.70771
-0.96891
-1.09763
-0.99171
-0.87690
-1.15610
-0.99906
-1.15072
-0.93114
-0.75359
-1.30264
-1.12125
-0.03474
-0.98901
-0.84556
-0.68800
-1.25912
-1.02483
-0.95456
-0.87701
-0.76650
-0.73007
-0.92112
-1.04866
-0.79459
-1.19032
-1.24892
-0.95503
-1.25653
-0.90592
-1.40680
-1.22403
-1.06984
-0.92164
-0.92497
-1.20621
-0.66217
-0.80707
-1.26770
-0.73607
-0.85482
-1.54223
-0.81255
-1.15585
-1.03294
-0.93124
-0.89734
-1.47506
-1.01694
-1.05601
-1.24706
-1.15715
-1.61983
-0.87793
-1.08068
-1.09341
-0.98251
-1.33955
-1.08238
-1.13000
-1.06619
-0.97345
-1.26010
-1.15760
-1.02008
-0.61377
-0.95438
-0.63074
-1.02408
-0.69668
-0.87390
-1.20943
-1.02463
-1.08185
-0.68262
-0.92838
-1.00080
-1.09959
-0.84496
-0.90689
-0.84054
-0.50945
-0.97379
-0.92182
-0.96581
-0.84470
-0.97188
-1.21405
-0.97520
-0.77317
-0.95201
-0.74922
-1.03332
-1.00123
-1.06303
-0.85251
-0.92782
-0.98503
-1.22138
-0.86505
-0.86452
-1.25361
-1.31692
-1.28389
-0.94846
-0.86646
-0.96569
-1.09202
-0.87055
-1.05874
-1.12831
-0.97743
-0.94457
-1.00209
-1.08688
-0.97326
-0.98374
-1.20614
-1.09141
-0.68953
-1.28973
-1.02725
-0.98966
-0.59039
-1.02427
-1.15012
-1.02166
-0.81933
-0.95230
-1.00013
-0.77001
-1.10663
-0.64999
-1.14904
-1.12690
-0.96330
-1.28054
-1.27447
-1.04326
-1.41804
-0.89573
-1.05796
-1.12563
-1.10163
-1.02414
-0.98089
-1.01449
-1.19860
-0.93713
-1.27299
-0.94420
-1.01420
-1.13570
-0.89838
-1.17044
-0.97220
-1.02228
-1.21383
-0.97144
-1.00226
-0.60145
-1.22135
-0.92140
-0.97140
-0.71150
-0.51436
-1.08797
-1.17222
-0.75556
-0.63932
-1.08400
-1.07307
-1.18078
-0.95224
-1.04115
-0.81314
-0.99287
-1.02232
-1.23364
-1.11477
-0.95012
-0.87215
-0.85273
-0.83511
-0.83741
-0.98977
-0.89470
-1.18469
-0.78984
-1.04220
-0.86590
-1.08983
-1.08691
-1.08195
-1.14402
-1.06822
-1.05428
-0.88707
-1.04224
-0.81238
-0.98201
-0.87008
-0.82603
-0.76480
-1.21632
-0.69200
-1.10815
-0.99429
-1.01546
-1.15888
-0.91173
-0.91681
-1.02908
-0.98356
-1.20182
-0.82148
-1.14020
-1.13678
-1.22550
-0.85565
-1.10372
-1.26535
-0.95357
-1.11131
-1.12223
-0.85836
-0.52326
-0.86472
-0.83874
-1.17052
-1.21963
-0.94897
-1.22855
-0.81578
-0.93852
-0.96483
-0.97663
-0.96707
-0.96858
-0.95064
-0.90485
-0.90457
-1.14221
-1.03497
-1.15840
-1.22721
-0.76985
-1.20300
-1.26389
-1.13596
-1.04052
-1.33770
-0.99398
-1.46473
-0.85320
-1.01447
-0.99391
-0.79215
-1.02633
-0.94247
-0.75224
-0.65288
-0.81859
-0.92290
-1.03092
-1.02238
-0.89246
-1.00969
-0.93170
-1.11038
-0.50663
-1.14969
-0.83362
-1.10045
-1.21644
-1.16197
-1.01656
-1.04151
-0.80761
-1.10763
-0.83196
-1.00402
-1.03499
-1.12610
-1.09192
-1.04314
-1.18677
-1.03718
-1.07922
-0.77461
-0.85221
-0.82909
-1.34984
-1.29739
-1.26724
-1.23073
-0.90426
-1.08129
-0.84065
-1.06874
-1.02442
-0.78007
-1.09456
