0.63679
0.40936
0.30467
0.74555
0.47957
0.61018
0.48725
0.34818
0.30513
0.65268
0.62909
0.42645
0.48408
0.60181
0.56997
0.07662
0.31912
0.40081
0.29309
0.64390
0.40826
0.33972
0.46285
0.60859
0.77630
0.42271
0.34817
0.69867
0.58667
0.40123
0.41610
0.69090
0.43510
0.44953
0.48656
0.73797
0.63015
0.41153
0.50736
0.48502
0.48285
0.55474
0.52807
0.57142
0.71111
0.40951
0.37711
0.61934
0.63968
0.83382
0.58517
0.53708
0.76523
0.31310
0.52033
0.23175
0.63699
0.30631
0.53802
0.64240
0.38203
0.34687
0.59324
0.50688
0.59558
0.41163
-0.11234
0.41074
0.78282
0.47272
0.54741
0.08836
0.37397
0.34870
0.83245
0.57093
0.57578
0.84147
0.77653
0.51504
0.43675
0.37688
0.67717
0.38183
0.69867
0.74370
0.58246
0.36992
0.56681
0.55297
0.64429
0.44719
0.60015
0.50253
0.63250
0.27690
0.75557
0.42473
0.54664
0.45645
0.43953
0.56670
0.37414
0.47954
0.38358
0.49059
0.67368
0.31944
0.36189
0.63058
0.51500
0.47298
0.43742
0.39912
0.62203
0.72170
0.73568
0.33286
0.61424
0.58845
0.62954
0.20264
0.39005
0.66862
0.39634
0.48987
0.72839
0.73973
0.74141
0.62324
0.35198
0.61628
0.65637
0.74737
0.61855
0.39299
0.42482
0.71204
0.20797
0.24663
0.59070
0.67322
0.45406
0.29814
0.45508
0.69755
0.58156
0.54265
0.58399
0.58563
0.33782
0.48333
0.76386
0.17541
0.42053
0.67863
0.83821
0.43962
0.44281
0.66456
0.48352
0.62990
0.78452
0.35183
0.69382
0.65699
0.57981
0.52146
0.38491
0.61503
0.53577
0.26884
0.51580
0.38350
0.48231
0.42555
0.26946
0.79854
0.33718
0.77702
0.25509
0.59906
0.93157
0.19437
0.51604
0.53763
0.57532
0.35195
0.35128
0.48532
0.57785
0.44886
0.26904
0.24044
0.39732
0.48198
0.44059
0.55239
0.15155
0.14536
0.59164
0.03566
0.43184
0.47115
0.39646
0.49702
0.67396
0.54663
0.52491
0.34036
0.75082
0.76104
0.12332
0.32940
0.50433
0.56636
0.70344
0.25911
0.58836
0.60872
0.57670
0.55430
0.56317
0.38418
0.60153
0.16102
0.19304
0.55632
0.57327
0.59547
0.36284
0.31459
0.36767
0.67319
0.47195
0.39369
0.66205
0.44658
0.53133
0.29997
0.36928
0.24738
0.51116
0.53319
0.47137
0.47463
0.38177
0.56695
-0.01130
0.52162
0.69605
0.33594
0.11878
0.28502
0.24270
0.70833
0.59743
0.55463
0.70645
0.46678
0.84450
0.51562
1.10765
0.40728
0.19898
0.12524
0.68920
0.52823
0.40201
0.63965
0.67961
0.40133
0.53753
0.61869
0.69157
0.34619
0.68525
0.48111
0.26624
0.25588
0.58825
0.34381
0.56050
0.62851
0.68637
0.29955
0.10097
0.41780
0.39420
0.20214
0.54056
0.50156
0.87761
0.60566
0.56590
0.52504
0.57444
0.63397
0.23906
0.43951
0.48182
0.60607
0.43214
0.13327
0.30323
0.76348
0.64902
0.23114
0.21635
0.72888
0.71932
0.37949
0.70113
0.73689
0.43631
0.55545
0.36032
0.58539
0.38769
0.26407
0.17429
0.45113
0.42513
0.42547
0.66361
0.92007
0.34812
0.68213
0.71442
0.46568
0.47047
0.73860
0.47219
0.56729
0.57085
0.31060
0.34549
0.40155
0.43094
0.37946
0.65116
0.25774
0.81630
0.29688
0.42025
0.47393
0.81594
0.42290
0.46588
0.36491
0.30276
0.45633
0.21313
0.56551
0.39351
0.35247
0.62383
0.55747
0.52695
0.67591
0.70664
0.43629
0.66405
0.60757
0.74594
0.57947
0.53367
0.45118
0.73387
0.39783
0.25532
1.16716
0.53103
0.58653
0.22448
0.65554
0.41859
0.54282
0.65846
0.76537
0.25287
0.48425
0.79041
0.73186
0.11469
0.37137
0.47909
0.34763
0.68089
0.49472
0.44930
0.61218
0.89564
0.45027
0.59531
0.55913
0.37751
0.53772
0.56606
0.33157
0.34184
0.42288
0.39898
0.46737
0.45805
0.46759
0.59134
0.27635
0.84773
0.65551
0.49993
0.49954
0.25503
0.39575
0.51306
0.44343
0.86216
0.33482
0.40000
0.62673
0.52575
0.56328
0.45662
0.75765
0.52968
0.40451
1.04501
0.47540
0.63831
0.22636
0.47512
0.40574
0.26915
0.49769
0.50827
0.39555
0.39823
0.13463
0.55080
0.87932
0.44495
0.45904
0.77617
0.48020
0.55041
0.43236
0.70369
0.67206
0.22465
0.72989
0.70024
0.53010
0.72833
0.45417
0.55158
0.35275
0.63657
0.72727
0.48954
0.35143
0.35082
0.50075
0.61462
0.82314
0.54844
0.40459
0.31969
0.28221
0.45810
0.32345
0.48062
0.56530
0.40629
0.59608
0.71632
0.38189
0.42257
0.77540
0.36031
0.55444
0.56665
0.37014
0.43977
0.59374
0.62866
0.31591
0.70824
0.72010
0.55202
0.23341
0.65761
0.40727
0.58223
0.55876
0.18422
0.51220
0.59667
0.40168
0.56660
0.48214
0.70994
0.53656
0.39904
0.54826
0.34686
0.43018
0.72941
0.46692
0.23513
0.41044
0.52569
0.45523
0.36234
0.49806
0.50325
0.54148
0.66441
0.37824
0.41510
0.37459
0.43573
0.54153
0.52227
0.31228
0.59748
0.78443
0.46802
0.70199
0.56145
0.63715
0.41030
0.42522
0.60894
0.64755
0.70838
0.39057
0.15700
0.38789
0.58733
0.31045
0.51803
0.66555
0.61044
0.26099
0.45565
0.58074
0.70284
0.81974
0.30305
0.43162
0.50112
0.70586
0.37865
0.53321
0.38722
0.44119
0.47812
0.22275
0.46336
0.63337
0.67702
0.36168
0.56275
0.67288
0.77987
0.19770
0.32364
0.58500
0.73707
0.56560
0.12456
0.65726
0.35206
0.42798
0.35780
0.22873
0.45869
0.37790
0.47913
0.50643
0.52315
0.39843
0.66285
0.34844
0.37062
0.54268
0.51100
0.30998
0.43031
0.56716
0.40356
0.82574
0.63829
0.23775
0.55320
0.64526
0.06493
0.79735
0.32293
0.69655
0.47866
0.65361
0.58963
0.42478
0.12649
0.41269
0.56627
0.50224
0.60633
0.14155
0.30662
0.72325
0.25532
0.40518
0.37373
0.65856
0.48563
0.37636
0.66199
0.60714
0.58715
0.62031
0.72873
0.56849
0.50600
0.42531
0.60740
0.65646
0.48822
0.69124
0.66284
0.58494
0.58755
0.41512
0.44659
0.57081
0.40970
0.76703
0.53985
0.90589
0.63571
0.40723
0.83426
0.28034
0.61996
0.68193
0.30540
0.45160
0.42927
0.33995
0.53093
0.39221
0.38725
0.38621
0.61382
0.40213
0.42606
0.56502
0.43520
1.01696
0.57507
0.58972
0.61143
0.52406
0.26819
0.65428
0.22071
0.51303
0.22627
0.56505
0.49210
0.63882
0.69816
0.28288
0.43440
0.64199
0.35068
0.67618
0.25534
0.50316
0.27092
0.78969
0.71520
0.24387
0.57509
0.44139
0.41823
0.65252
0.50415
0.51153
0.33505
0.38600
0.53365
0.30498
0.33088
0.14200
0.26922
0.76888
0.46537
0.48642
0.49998
0.59591
0.27642
0.41347
0.40229
0.58920
0.73187
0.34450
0.47798
-0.44764
0.49192
0.58676
0.77424
0.29421
0.49885
0.60315
0.56942
0.61734
0.80324
0.58147
0.35998
0.70383
0.34728
0.16145
0.52265
0.39133
0.68709
0.19587
0.26195
0.46146
0.53750
0.57853
0.23994
0.81936
0.70500
0.24397
0.70005
0.69912
0.01644
0.77293
0.22676
0.44071
0.53038
0.62174
-0.00904
0.53480
0.37578
0.38410
0.35727
0.21705
0.58656
0.32281
0.39559
0.56401
0.21190
0.43447
0.52493
0.45335
0.48436
0.24058
0.38242
0.54813
0.92777
0.51574
0.89158
0.48887
0.87044
0.67506
0.31886
0.47856
0.37784
0.75736
0.60262
0.48990
0.40808
0.68548
0.64448
0.67891
0.99872
0.58489
0.55583
0.49785
0.69017
0.49266
0.27136
0.50073
0.75994
0.61548
0.70532
0.49049
0.53920
0.36325
0.65303
0.66432
0.55389
0.29229
0.70523
0.68767
0.33212
0.26818
0.23120
0.51103
0.58136
0.57123
0.43949
0.58556
0.41740
0.35574
0.52350
0.54228
0.53864
0.43702
0.57935
0.44842
0.21588
0.44338
0.79976
0.25403
0.45413
0.60078
0.87562
0.43513
0.33332
0.45875
0.70508
0.58609
0.42487
0.70263
0.34924
0.82113
0.33326
0.40147
0.44111
0.17167
0.17484
0.43447
0.03456
0.76454
0.42626
0.33006
0.46195
0.49858
0.67753
0.60322
0.25599
0.57423
0.22825
0.50419
0.47093
0.48792
0.64424
0.31111
0.51440
0.45073
0.28045
0.49084
0.47185
0.86262
0.36590
0.65128
0.50570
0.69348
0.56594
0.36030
0.28563
0.76471
0.76094
0.41957
0.41907
0.34087
0.61543
0.57899
0.62804
0.46634
0.46624
0.26225
0.39326
0.51282
0.56694
0.29368
0.72666
0.67170
0.51905
0.64995
0.23841
0.69581
0.46499
0.45115
0.36628
0.40426
0.44646
0.33685
0.50911
0.50774
0.60285
0.45022
0.66007
0.54463
0.69033
0.63876
0.67602
0.32637
0.76576
0.41403
0.66397
0.52804
0.46077
0.57573
0.56005
0.45389
0.48494
0.32143
0.76403
0.34001
0.30120
0.28968
0.65862
0.51064
0.19038
0.66018
0.46783
0.34239
0.64622
0.95534
0.66528
0.61670
0.32635
0.38382
0.55012
0.38963
0.86470
0.48364
0.53723
0.54543
0.55760
0.62668
0.43629
0.65013
0.61063
0.38222
0.40285
0.34401
0.30642
0.77045
0.36842
0.19464
0.40167
0.40381
0.19253
0.48738
0.04562
0.66124
0.56587
0.62175
0.67708
0.47882
0.56883
0.75102
0.83390
0.69075
0.70426
0.47907
0.40204
0.63115
0.58183
0.54736
0.65765
1.01299
0.29799
0.68524
0.41771
0.26745
0.26504
0.53418
0.46095
0.74564
0.49347
0.72210
0.46291
0.56227
0.40836
0.40383
0.58574
0.31215
0.51145
0.57299
0.58235
0.66087
0.74383
0.11720
0.25824
0.25074
0.43676
0.58153
0.37411
0.62856
0.36963
0.58369
0.64887
0.39094
