1.050079224969788053e-13
3.661807006421549163e-09
3.904418089859431530e-10
1.406039260570116224e-17
1.690156784752651329e-11
1.498638324338839450e-13
2.884785712323004572e-12
1.775189519128651541e-09
-1.511869308892453569e-08
1.530056208403608208e-14
1.029019492210782606e-14
3.832126602355382300e-11
-9.386068163217917607e-12
2.034197204979440642e-12
1.068579277353436026e-08
2.903865776213199505e-05
1.024385597444132039e-10
3.897876624797454263e-12
-3.400865235776631640e-09
4.223060131101997028e-13
6.069317969262684434e-11
4.439180394796587778e-09
-1.138634964506436641e-12
4.874644303203828285e-14
8.596505995822345157e-17
9.725066466706755333e-10
5.593809781225441394e-10
6.959631051599457942e-16
7.950003775260891129e-14
2.508153157274807752e-10
6.813644740359851460e-11
9.116865374802687801e-14
-9.770963934542582176e-12
-7.750346969370202147e-12
6.601636665543275044e-13
4.693800877490113954e-17
1.186127439896287230e-14
2.946370670335145375e-09
6.973731927338863797e-13
1.753009594073910768e-13
1.127909052359965881e-11
1.835890210185358865e-14
2.388038622695590863e-14
2.992645923171680124e-14
3.019407832377872781e-15
8.605373928283694541e-12
1.668744275345582760e-10
2.805587645592900503e-11
1.840488877238423841e-15
2.859216611473855442e-17
9.903935787718380019e-14
2.408693179855305963e-13
4.869290617410746673e-16
1.178762907468027061e-06
1.483639693640443094e-10
1.449479434499532557e-08
1.658504796767580667e-15
1.530310276618505993e-09
3.180489545372074272e-13
1.358575223237623198e-14
2.139717746927925740e-10
4.455022154434849083e-09
-9.396073720061639350e-13
8.979080956781488627e-14
4.282985042105452029e-13
1.899163557314480513e-10
-9.877114002026393669e-01
2.302682315481177104e-11
3.245325430398107684e-16
2.190652538955895647e-12
9.855369780565119360e-10
6.000427460645540827e-03
1.326653890935086658e-09
5.364963347623102515e-11
5.702171300166399840e-15
4.961560026457129847e-14
2.130617144045791295e-11
8.800861484089483106e-17
1.900282499745962117e-16
5.132663427252115157e-12
7.580799150245213980e-11
1.327601363231135086e-08
2.854565080748456838e-13
-9.068024077215007015e-11
2.579574294129702856e-15
9.935791056920596144e-16
1.234995592354181961e-12
1.875509378652458674e-10
9.170430699433555090e-13
1.259014771329044117e-13
4.742717469541332943e-15
2.644953449436961650e-13
-3.947005950488082753e-13
6.587487894009914073e-12
-6.327336884305162708e-14
7.751058961546075663e-09
1.797577103591355381e-16
2.602396564408722427e-13
5.574811014945553151e-13
-9.872441453525278492e-12
3.088569390521273235e-11
-6.140476679633711304e-12
4.054343554487192996e-12
2.159961364964259898e-12
7.010981220026842812e-10
1.319860301029671483e-14
-2.485742204247208217e-15
5.332728654107549000e-09
-6.333577941669372781e-10
1.016878500893192561e-11
8.250220978721161970e-13
4.016524208279050757e-12
4.110089779580983283e-11
7.605861878382756991e-11
1.781588488663172349e-15
1.927529437767904942e-16
8.608761897880651162e-17
6.805526475913192386e-10
6.661872553094084296e-15
1.126900577956686926e-12
7.883622987190887966e-15
1.294465327874442629e-07
3.264978560549145590e-09
4.384170958906650213e-14
1.960766860264617368e-10
3.171640050321110981e-11
4.111718773593558734e-15
1.952924089860333994e-15
6.068026557588596519e-15
9.602091455037336022e-12
1.438803465370804144e-10
2.074212026394150589e-15
4.966969174188551639e-14
2.977972792674240482e-16
7.088643350790710035e-13
4.656581583092900082e-12
2.026605045707999703e-10
1.668890123575394281e-17
8.791617395113127099e-07
1.908775019014723928e-06
4.888856658780278715e-07
1.257518152514481660e-12
3.424904513358837898e-11
7.812661298988422410e-09
1.113818050745907168e-11
2.918047557088324300e-13
-2.719293770372984173e-14
9.592094886774746547e-13
3.307659185995243670e-07
5.926198123576196852e-12
-1.250794789092583547e-08
1.135430104028013076e-10
1.183020334296195637e-15
1.729770264257600416e-07
4.549766783047135375e-12
5.703470573990390983e-14
2.408246333642286271e-20
7.640781200697836836e-11
1.572353188596451088e-11
4.198442475018645506e-15
1.411971219125388532e-10
-8.200970150799534107e-14
2.141888286035090224e-16
1.054795173867886523e-09
8.975801608382661729e-15
7.615690678880260242e-16
3.235821397357399412e-13
1.799876061092822990e-11
1.413371597088127937e-10
4.427386280456173743e-13
1.255201174349152256e-11
2.920457837673168770e-08
1.509349385057238833e-11
2.767769428003655418e-10
3.575846818299817793e-12
1.070878403823540234e-10
1.124427681246751626e-06
1.929845610739462318e-17
4.393829199323282370e-09
2.999487751577417078e-16
1.771313187394763415e-08
6.934009797165968899e-13
3.447214778388325480e-17
3.576413163623186882e-07
-2.806568089576542814e-14
2.992921441585523155e-12
2.468068444135081771e-12
6.982382742793630299e-09
3.011478654629346708e-11
-1.036020877098737476e-11
4.221592595881430849e-12
2.294035794435027749e-11
3.799113102569004070e-09
4.482181846317078840e-08
-2.296553434652271615e-13
2.512025290661891385e-13
2.653670229530968729e-10
1.597490214635719528e-11
-8.380867988733434458e-08
4.154940837751155203e-07
7.094993424622750314e-17
-1.627590132824841533e-05
4.698140326719957575e-11
1.079960339538768542e-12
5.833659591589816041e-10
-1.237250578725699212e-13
4.809120326260743573e-15
2.048933509942279839e-12
1.239273643378776863e-13
2.259696509650760806e-10
1.689819530618638182e-16
1.472278770456697175e-15
5.544988288269729311e-06
2.650640670454494539e-10
2.348073902514859627e-12
3.099255115092905742e-13
2.461423531432247956e-14
1.504936456181355283e-08
1.369295798930668554e-12
3.657527792342352870e-14
9.689501082081900933e-15
2.680116406900763283e-13
1.319781585938739775e-13
7.400347743827271691e-10
2.471713761555674707e-12
1.282597366965381604e-05
5.305544797129934051e-06
7.494875581992373791e-14
1.588958570867316259e-13
2.888314060405908734e-13
1.736397100343749779e-08
-1.803386152382213501e-09
2.002042899321102203e-09
1.244551149148019762e-12
6.810921309381450909e-12
1.237580809371109652e-11
1.606830613364146064e-08
2.519682449299871809e-12
1.227910240518240188e-11
2.520867382571633339e-07
1.924376715049366423e-09
2.792331389808974840e-09
5.947459728368550092e-13
3.161223557430277649e-12
6.014305245359488042e-10
7.454457680334483485e-11
6.827471810610277723e-11
9.944328567329623670e-15
1.276968455860340648e-03
1.182560176513388765e-10
1.500237224158701772e-13
4.768581994270274895e-10
2.516614568160469526e-07
4.071798465981067565e-10
6.247817678996952795e-07
4.921306381437210056e-16
1.404528919940328609e-13
5.767411404985699330e-14
2.089438401525653776e-13
4.321348643598411260e-12
3.889668314999969888e-18
2.467482592235069181e-12
6.547788301270190063e-15
9.672427531624936781e-12
-2.041690429497894193e-08
5.883058695176448223e-06
1.327534705760086059e-15
6.304404424215056697e-14
1.823070879225450960e-10
1.115500228485724261e-14
2.365987998155059032e-16
1.028139240211255574e-09
6.277860923935748130e-13
8.483263231915911143e-15
7.837419436644162203e-16
1.165859162094158951e-07
2.493371721356268095e-14
2.854061181053989833e-12
6.252765913008676050e-08
-2.902951447574761862e-08
2.751151804004835199e-12
3.581186463689057682e-09
-3.139319895444526070e-13
4.328616385504974378e-14
1.372362107650880193e-15
1.142140732761034351e-08
1.095992924817165640e-06
4.338923196634374070e-10
4.451160954309929435e-11
7.119849335435786515e-06
1.023119137601690222e-13
9.298869056712351956e-12
1.681965938926271597e-16
2.142372126295928178e-12
2.915683101428056872e-13
6.207137887377905170e-13
6.247717704750423127e-14
2.461473079697874717e-12
1.132357326147234970e-08
5.026985316786261203e-12
2.095861168511682708e-12
4.660028640255707411e-14
1.017451498806336299e-12
2.544128371018145555e-09
2.356241574839813795e-09
2.420591301450308736e-17
6.038888638639176489e-14
5.743075133251463356e-09
6.672401156762274083e-09
7.388569433628309268e-14
6.681496654043318220e-17
1.116203073484770792e-10
1.169009710651143630e-14
1.152311904210145906e-13
1.636542719021967904e-11
1.152234359370475973e-12
2.263323983208448095e-11
4.431095711202012351e-14
2.127552493109314420e-10
1.190090482096437572e-07
1.059183705858322022e-06
7.585375363645913220e-13
5.277199790769241993e-12
1.765898534694212432e-10
1.219761284811014685e-13
6.925119686538896013e-17
2.116722006589023567e-10
6.210002542729532362e-16
4.707768432225806211e-16
7.011934266826295964e-10
2.164154517993495571e-10
4.015323700297271445e-16
1.065707207006163329e-10
2.328197002293692372e-13
6.835000868768437488e-14
-3.962276302957715544e-09
1.472317445830049927e-09
6.659396560918796148e-11
3.876047238905268960e-11
1.427080484787421435e-08
3.557115661668135227e-15
1.175309832074680863e-05
5.882130270911420646e-17
-2.959573983549479461e-12
1.602613451620276523e-12
3.644070912377872481e-13
6.071559120437702685e-17
-2.497477828668611542e-10
9.650951932742074178e-13
4.376698242186954786e-11
5.114805888355615671e-07
3.446315352734463076e-11
4.911835398490079715e-07
2.510279944670659545e-12
1.081431502237850831e-09
2.113352012901436921e-09
1.201969504312065766e-12
4.256881334644859996e-12
9.967940174130799717e-13
2.899082468234304424e-14
3.099738569467729137e-16
8.761743746705696689e-10
1.372101069143464646e-15
7.071379468580899418e-15
3.282385137395001592e-15
1.248770566111916676e-14
9.294873167752607233e-11
1.032238232261853653e-11
9.675580275051481540e-16
8.831032928456014529e-10
3.372635778622413271e-08
9.084422422839584746e-14
1.249243894312861331e-12
4.821226006588773968e-14
1.423067397430142684e-07
1.692346327860005597e-14
2.366553665462042838e-11
7.610405292780066301e-13
7.163236019135302843e-14
4.760286526090452413e-15
1.759462050865658691e-08
6.829066388071690084e-12
2.005971278456991521e-15
6.097756599304094252e-15
-2.089521202048164998e-07
4.483801620382395097e-10
1.812382772595666975e-11
3.144313749109062041e-11
3.301825549175888416e-16
-5.959347075848836725e-12
2.755376917833619062e-11
1.567713046709949721e-14
4.560729895941940583e-14
6.707721360202160918e-13
4.875892171170405574e-13
1.973054719839654448e-11
7.670895367424323668e-10
2.190827205555203898e-12
4.713704061442658524e-13
4.531082883897074140e-09
1.003786763816730818e-10
1.342669156945124922e-07
7.846937326558481035e-10
2.740097820118832210e-12
9.126335463310826056e-11
5.858182627788271926e-11
3.108889198988105460e-14
1.207182640278467516e-08
2.554890944286925209e-12
3.014812548570733999e-13
1.191940471541094625e-08
3.824435339106264412e-11
-7.170278245514423743e-10
1.190022170417057579e-10
9.441565653468603416e-13
-2.148725679516483589e-10
2.426666383554829440e-18
3.321371295615530072e-10
7.369230014492871502e-11
-2.997516722223416533e-16
-9.238467822432291499e-13
-4.635294937721024997e-13
-2.327500277706984290e-09
1.909755613441052976e-17
1.198670928434648167e-11
5.901523883414371325e-11
3.417436098388493060e-20
2.883978493889850811e-13
3.967370961335998184e-14
4.630650788238729648e-07
1.732837699183363921e-12
1.279838945529314479e-09
2.707602444713207985e-07
1.987563204940294147e-14
1.367358650315423769e-12
5.989741758088727148e-11
7.000796593404214421e-10
2.502475142570904447e-06
6.690523360230174165e-13
4.748355917756246106e-19
1.557494804677875440e-11
1.319416888640193215e-11
2.223973433678336818e-15
2.030433854497733657e-12
7.435160335719418747e-14
2.467411382348291153e-11
2.939792642731496565e-16
2.693483015140801798e-15
1.838676429498633963e-08
-1.998886726182987127e-16
2.450004228672712087e-13
6.395706517024383635e-14
9.908425334606299256e-15
3.706264770862868214e-11
4.861962693752340940e-13
6.560709939876102741e-09
5.462991631250176263e-14
5.481780990853265407e-16
6.959722677441825136e-13
2.165990071621182995e-08
2.473760040009410956e-10
7.430816755570605606e-13
3.752371726576437109e-15
1.866218926134893067e-17
1.733826822259059693e-11
3.744704589614109391e-11
1.634606925322934212e-10
4.391057192430620213e-09
1.316123688940202394e-10
4.960852787293299710e-09
8.076565058304460935e-12
4.919374872991396917e-13
4.691849739515778463e-11
9.062680927917591611e-15
8.169835725550336609e-16
-2.457542257776103221e-10
4.776596966398627432e-09
9.433810146482292999e-18
4.349980206070162218e-11
2.044256711347514240e-13
6.998449872547507692e-13
2.244583773565257199e-11
2.477617246915138766e-08
7.670065551013081941e-14
8.250525436787749809e-14
4.279774477459291793e-10
7.325438662060147083e-12
1.122907649714015565e-14
3.870185726186234904e-13
7.712288064442303612e-07
4.969187276605180767e-15
1.507500837246207364e-11
6.862503418091797024e-14
3.327053279906857222e-13
2.941468572594187203e-07
1.478349972185855828e-11
4.224908062068321793e-13
1.817385253950137739e-10
2.168787066762457669e-12
2.141498029875546503e-12
9.960906607760293133e-15
8.290265070274124561e-14
1.539730255755636123e-11
6.080793169552431730e-14
2.274499652863350826e-10
1.414590724696011998e-07
4.539246546078707711e-15
1.032158931029022190e-10
6.492885183781501930e-08
6.485713174157754010e-11
3.116789039707578185e-12
3.092994252333092177e-10
3.537654814693926655e-10
1.178795209592869061e-11
1.746989506959324115e-13
2.319466266597430378e-10
1.099537690201408630e-14
3.789873836540648123e-11
9.019552181448823111e-10
2.343443213881285838e-11
7.508462373415487932e-14
3.836701229591836090e-13
3.367992727397766080e-11
5.139871590647402424e-10
1.109224757358391640e-12
7.762201222392593796e-16
3.673553547731749129e-11
1.060894123100405971e-13
4.315068544613474477e-14
1.475473415551775139e-15
1.590445998412570355e-11
1.285056197186216411e-08
3.090829913167399629e-11
1.011401836771421939e-13
4.052797571264820476e-14
2.791530560325800272e-10
1.241668642789463583e-06
4.075863569784857677e-12
5.452484906268950041e-12
1.545832083203733398e-07
3.390476564686204576e-13
3.399273620577631025e-15
1.185656117004515766e-14
2.173866730980593637e-10
1.278364340735873487e-10
2.793645061981514512e-15
2.037608763809006418e-15
1.573972584871663417e-16
2.678755563161995119e-09
7.627795744084498065e-13
1.826382106749941362e-12
1.381295325757132758e-14
5.214258068871512055e-10
3.646595902356866784e-11
6.204030588847761055e-10
6.815764561831790979e-13
-9.501834351680112827e-14
5.925675810473578418e-08
2.483737795444838654e-10
2.870685770108313683e-14
8.216184803715749008e-14
1.411650570787963707e-10
1.319442289206691746e-13
1.617654919387256932e-17
1.449740837882000447e-13
-4.764898534757742738e-07
2.949262681566812920e-08
1.054175057532382659e-11
7.558506568334440160e-16
1.762910608194930344e-14
1.626221528631795145e-04
6.687774261881941667e-14
4.018175547092732395e-10
1.227335519551119400e-10
2.828957381964743412e-09
3.537464334740160525e-09
6.981010771344484502e-12
1.101440528793335684e-10
7.073609146568257356e-13
1.547226350082557588e-13
7.531091229734537986e-11
3.811300546938271380e-12
1.380798507307083816e-15
-4.835909958139406525e-14
1.195606493689337044e-09
8.040978523681025668e-12
8.314687032444014786e-11
-1.225365870961634153e-09
1.352496802562062936e-11
1.043200469606335241e-11
8.772775485093347563e-10
6.936020005599731153e-17
4.049264348798026007e-16
5.538625123197768193e-07
2.400825175887596525e-13
3.993053010000103736e-13
1.527022370647069247e-04
-2.530205686997513566e-14
7.328479935076562730e-09
1.336823704053705257e-16
6.488565457366770141e-15
1.000216763378559776e-14
1.522052238304869345e-13
6.678399423644586644e-09
2.598751573889558649e-07
4.698335195351935499e-10
1.304752569692821651e-13
2.089302551388642389e-11
4.180632356005657063e-13
9.717901970236557567e-06
5.976846599988354585e-10
4.480837619349827241e-15
2.237628589282925545e-08
1.692575236444875674e-11
1.127630764690064042e-07
7.329967091267314509e-16
7.540781230673956559e-12
3.274190151594306996e-11
3.079775770918497667e-15
4.048705221453893266e-13
4.162476828225837313e-14
3.715146517622167602e-15
1.455072109939776026e-13
1.278053152357804173e-11
9.387624210761998968e-12
6.849743991533704789e-11
5.249124391886867471e-14
1.845148415307760973e-15
1.988916525398297466e-11
3.506427623537073818e-16
9.870654854356252701e-15
1.881844718781113870e-13
3.910427212065077820e-13
5.080466208808182960e-12
1.308796933246376864e-12
1.723641884626034464e-13
6.394497256745716983e-10
3.174473802436282418e-16
1.765471616796166349e-13
1.351294124906205024e-08
2.426611335024305552e-15
-1.683405737819828677e-10
1.517411028954798498e-15
7.612428701654997270e-10
2.857144686024556907e-14
1.520102757613836078e-17
2.425821361463271402e-09
3.550191911602200998e-12
2.781153256791055063e-11
1.286108957647361374e-09
4.493230817678745720e-14
1.597890301066643137e-10
-5.074870362270764312e-12
3.763973197057241554e-11
-8.179738017470403349e-15
1.340294398588019121e-10
-1.370854535968867233e-12
4.320423283389044157e-10
-5.818650830455188005e-12
1.113349879164194435e-15
3.243426386628816831e-12
1.309142130959812866e-13
3.448579962951158197e-14
7.485815561589638024e-13
-6.787833088906569205e-07
6.779179115564647867e-14
-7.140614811479188477e-07
4.182217175087020215e-09
-7.738195220088810457e-06
1.425989407007017305e-14
1.368224209652801931e-11
9.001528151488882360e-15
1.670419268952500162e-12
5.242605795503764923e-09
-2.094167598832884631e-10
4.007359284545380619e-13
5.141262509323750382e-10
3.112092125175029994e-14
2.547837009527805810e-08
1.380729480851733047e-10
2.909646205505840727e-06
8.008174680643713327e-16
-2.372429388257433662e-16
1.321962176192231426e-08
5.612812248547066849e-14
1.057916654608601778e-10
-1.200324991030524298e-09
4.278255791464584359e-15
-7.216087815516304563e-11
8.401284156524828486e-14
1.178365568818271837e-09
1.081835744964949904e-08
-1.505379175608005419e-11
1.425090194392608625e-08
4.739757395692743347e-10
-6.227300625770896664e-07
2.720728644451110467e-05
2.054548585904373053e-16
-1.589224187634777592e-13
1.557088594801121889e-10
1.364551848381899350e-12
5.210676173686537738e-13
1.404965569632498825e-09
3.950208608180084384e-12
1.265970092745466955e-09
2.234008323577858960e-13
5.021968863546624008e-15
3.126915841016868924e-07
-1.568394048115460619e-10
5.525240011635447044e-28
1.577089685958177868e-12
5.084789872956733544e-14
4.997665109228676274e-18
6.433201143506695584e-08
1.120787082155260732e-11
3.633017476372216663e-13
2.595543714267997042e-14
1.383668492844316027e-15
4.106513455291627617e-17
4.456281561162213946e-13
-9.719347049184392740e-12
4.293146708506294003e-15
4.504317192555718955e-09
-3.290143563627407793e-08
5.813261531731616305e-12
2.932820091112732458e-09
2.466692790130320280e-14
1.674659819997316698e-05
-8.592942230206360585e-09
-1.939637673914514100e-11
2.638836478309228813e-13
1.241288097899760171e-13
1.082848323621483700e-08
1.051595565823118359e-17
1.753557884071933807e-14
1.101723594565315356e-07
1.541238444217301487e-16
1.032034656872357058e-14
1.229919262777311589e-01
2.104442006029931245e-15
6.880651109313349719e-10
7.261924358556674028e-12
6.405633566526010499e-12
7.173305832794427663e-14
3.520972282998881633e-04
5.878174730549493827e-12
3.328813803449838172e-11
3.579789758103162470e-08
2.183844997830105200e-08
9.623586562705653547e-02
3.326453686087260848e-14
5.647997607330494050e-11
1.224446350719610034e-10
1.080566584733504496e-12
1.280335690741073067e-06
-3.067180857072240705e-11
3.679045777499848508e-10
1.120070346261798886e-11
8.125488819963251885e-13
8.753951079640308578e-08
1.264652256457289773e-09
8.286131299467827918e-12
9.245857368821163813e-18
3.382042474230643988e-13
2.529296898613789184e-18
-3.694079743439772940e-12
3.890842320266714694e-17
1.824710039070719266e-14
7.937767177917391067e-09
8.170626361237847000e-11
8.224912224541735085e-11
1.556843001276807303e-17
1.017286843174470530e-13
6.282550037556402312e-13
9.325734032193132626e-11
1.024907302648788412e-14
-5.248308645159152892e-14
1.758668852702267336e-15
1.797101060555829515e-20
4.882703179013216588e-13
8.966854387623326009e-14
6.480279147618366519e-13
6.804413633451940739e-15
2.770473548379425586e-12
2.378648630209229699e-09
-6.152688336521066943e-14
4.650613251945262615e-16
3.984343098786762156e-13
2.298989046681212852e-16
-6.039466303875269072e-12
3.858495950205117620e-12
1.589537765012346996e-11
1.117645783874522058e-13
-7.782404026635910705e-14
2.300797545728162900e-12
1.080853119847538420e-08
1.805404966084828158e-13
2.113832909056530546e-14
7.452303883879210139e-08
4.193780854980652485e-07
2.204437513653063398e-07
1.104342071928358604e-12
1.225370744190516068e-13
1.049096919866470877e-11
1.009078983546016838e-10
1.961070707655471694e-13
3.063322123025382726e-11
5.058339049023731699e-10
5.860401643464342273e-12
3.211658729201132939e-13
3.807418154693636951e-12
7.472301747970765871e-11
-6.725915979570944913e-13
9.713363432166368175e-13
1.197853229761075405e-08
8.157277316375907894e-11
7.810230889873667222e-17
-1.671647769608165074e-07
-3.224228008325460523e-12
1.122166261746434339e-12
4.756956070813857628e-19
1.846241117015509022e-11
-1.395446702800467120e-10
4.286396189470028182e-12
2.721139315244867634e-14
5.576470904595788100e-13
2.296626162227172050e-12
8.613470192070164368e-16
1.609033370891585044e-10
6.639957400006352127e-18
8.090055692110928228e-10
3.457162131859226730e-10
7.662572562690253963e-13
2.168776139517177134e-07
1.662632184053144846e-07
9.924100235481863711e-12
2.390939671560681799e-05
7.983040263930715529e-14
2.254267963332032101e-11
2.564909323596048348e-10
8.043304317040902175e-11
1.075029247848419464e-11
7.996607369831951926e-12
4.612207778353356803e-12
-3.541330770982013240e-09
2.768460664757467049e-13
1.234255397907739660e-06
2.996963392061045748e-13
1.198659840484289664e-11
2.559639178905716285e-09
1.009141537107805882e-13
2.526254134494609140e-09
2.616556859139465788e-12
-1.883875408941707328e-12
-8.848170661487927216e-09
2.064378321327290188e-12
3.125173511359747792e-12
5.964665238191071516e-19
1.814159777992574144e-08
1.390517558752102677e-13
9.667730390604752419e-12
6.559379600766322780e-17
2.905969341774704450e-20
9.432745754147875997e-11
-1.169727172743690739e-09
1.098810961773463076e-15
8.078770614975643650e-18
-4.960798743611751531e-11
1.435050086141418366e-11
5.019376853746883660e-09
4.110854595342588972e-13
1.587106890982155719e-11
-1.206384277755464036e-15
2.430312985744231278e-12
7.712024345236484327e-13
2.065702217841473324e-08
2.877787046288431117e-10
9.131112251574448571e-13
2.624066043544713802e-14
8.586918285242140681e-15
5.618882976035377652e-14
1.070179171077729027e-14
8.405005045299179753e-12
6.182945256102132642e-14
5.210589212078438415e-09
8.964128022465504632e-15
1.018355519022511576e-11
5.421707326789015823e-15
2.701432408711340731e-09
2.002930292102560957e-12
8.892147015213294867e-11
8.901569298495355660e-10
3.432530384737884655e-11
2.493765300122896318e-11
4.814543647530383834e-14
1.687253732141956082e-11
3.057847671013197766e-15
5.637877428192608115e-12
2.983692923110908913e-14
1.502278589536215623e-14
4.016734575622243284e-15
-9.619562287842692166e-09
5.891258546427864538e-17
2.383272050334824631e-10
2.760303464724796609e-12
4.451916603236433341e-12
1.234941647137655420e-09
1.184492353904599532e-13
1.285207445289302615e-13
8.482263727687471013e-12
2.153948661532822462e-12
7.645789311277701172e-09
2.515009744836423642e-15
7.559171763791392520e-10
4.356755820764257085e-11
5.409153964790571788e-09
2.494488307201965294e-14
1.766845626696258291e-10
1.315470379601980398e-07
5.950084859612922373e-13
2.065538233883216093e-10
4.060178127704960070e-10
1.355824629868371361e-13
3.026700116155169600e-19
1.520837499463311237e-14
1.400823956549811870e-13
1.560935033479591884e-09
6.252862632423268148e-08
4.660812540519850078e-13
1.973615065704488690e-08
2.240133104101103066e-15
7.541113033658402691e-13
6.976422327292360425e-13
1.297644217081173539e-12
7.761649316987281307e-13
1.036515917073893554e-12
7.929909351241428172e-12
9.393496844006990441e-14
5.622266292858761499e-14
2.211628534048824994e-11
-5.043528752588777346e-12
1.592501345926110097e-09
1.612215537690589843e-08
1.129342261582904384e-14
5.243023610013243274e-09
8.426036278122303116e-08
-4.282361764811671644e-10
1.955750714842288192e-11
8.380971661171077681e-07
2.358324883171122310e-12
-1.457086384891346999e-04
4.312605941051733125e-14
1.396663980631094306e-10
2.529795038979259961e-11
1.309343159009219216e-15
5.316479166439299338e-12
3.606590949247800732e-13
2.592497909910099846e-18
6.504749156481588910e-18
2.496580457686905159e-15
8.380148002606341398e-14
4.489619354714222305e-12
6.299873784019946614e-12
1.281875630314695097e-12
4.049745188119507624e-12
7.146791311804989243e-14
2.600280800357012793e-10
1.978122188013734766e-20
-7.204646952718283403e-10
7.378840780949070339e-15
1.317496534825387417e-10
8.892171375574087268e-09
1.959178719085661368e-09
4.571547137810245445e-12
8.922827263059149428e-11
1.125028880807750442e-15
2.262012323476744726e-10
1.008436487947087032e-16
1.507055709965965304e-12
1.874888807237924806e-11
-2.514824496209746241e-10
5.746632137106182201e-11
7.512288881141338489e-12
1.313525421193655286e-07
2.567838030197835517e-11
7.451564600989040347e-11
4.387781541703586339e-15
2.415483629523610699e-14
3.770141911062182093e-15
1.058142482553181787e-06
8.002861956563142785e-06
5.235803417583227633e-08
1.904160191135225306e-08
1.338686310185777015e-13
9.136853069298484787e-11
5.602807659471850809e-14
4.297844157806445141e-11
-3.772338786270950333e-12
6.873822193904927686e-16
3.149829026672562682e-10
