5.319336363065316709e-13
2.066182039790838348e-08
2.109815181808426193e-09
6.856541151440952137e-17
9.227812635944584949e-11
8.577587928198275077e-13
1.174322730509142225e-10
9.595637471766324531e-09
-1.136347945353207152e-08
6.133951018830279598e-14
6.856353687684770631e-14
2.206262132914786696e-10
1.726184370330485958e-11
3.989077504642832677e-12
6.028112416173179142e-08
1.930095887238385407e-04
6.116266424482451404e-10
2.223117244907727384e-11
-2.611666661523037565e-09
2.852116605418589708e-13
3.912318651454646090e-10
3.420210198553391826e-08
1.015215626381796417e-12
3.267354125100663261e-13
4.342841738718229183e-16
5.147502218584051897e-09
3.182494411300721907e-09
5.595336888602971995e-15
5.306756957148797528e-13
1.316354132581553663e-09
4.326343778587307509e-10
6.292501372939941099e-13
-3.415299789567151893e-12
-3.101833093116457997e-13
4.230282167091344811e-12
8.397971471077751085e-17
7.081968107033362235e-14
1.676293815681661867e-08
1.217355453796742829e-12
2.051245403157661559e-13
5.197798537460340132e-11
4.130953368641573917e-12
1.098465661060953357e-13
2.049375274075492023e-13
2.085298601086057900e-14
7.330777890007308658e-11
9.044733669675964054e-10
1.843906823745717981e-10
4.074112801757403557e-15
6.228135149796893614e-17
1.256285114980201958e-13
2.813093395195109897e-13
9.794509549864982470e-16
8.850221365659676548e-07
1.001648534098015106e-09
8.549935504389591498e-08
5.941672935172906116e-15
5.423487370701317145e-09
1.972140061190271532e-12
7.411468638374337020e-14
1.229747220120243772e-09
3.720790915670043234e-08
5.343158775346742687e-12
5.933690063634931351e-13
2.573787215007132019e-12
1.477791134363965846e-09
-7.619230457804030410e-01
1.684715096471572629e-10
9.218064730078756799e-16
1.686299050034262212e-11
9.432734418513344473e-10
3.387499106266728816e-02
8.844731825063529211e-09
3.844314123279634111e-10
3.443319585922627285e-14
2.765794943729377129e-13
2.616711635495383564e-11
8.415339923104675250e-17
5.220297530584409157e-16
2.931475923287104049e-11
5.681188030709543112e-11
7.053710962111385804e-08
2.307087486696604446e-13
-6.362783852298311675e-11
1.318942100537390535e-14
4.263513121705867494e-15
2.418744349251901507e-12
1.289535451862049395e-09
3.283551828535381815e-11
6.729695398383509815e-13
2.404089478394541285e-14
1.626642463415290930e-12
1.214248390754109071e-13
3.349124102638685914e-11
2.567494332139648879e-13
3.985464863158796198e-08
9.795760360237753586e-16
8.890047643378640054e-12
3.014594152257752681e-12
2.271560171767808807e-11
2.277065414164232914e-10
-1.845654920239552484e-12
2.559318871037862018e-11
1.659470376461294090e-11
3.985313675008760769e-09
1.073565073611556596e-14
4.271123040135159755e-14
7.867005691124188642e-09
2.154408512618526192e-10
3.831719296641718924e-11
8.761129327037990734e-13
2.255969835264419223e-11
2.716547759401358060e-10
5.233484447036175239e-10
1.804525931827635570e-14
9.354935911403176535e-16
4.196257081152279467e-16
3.830902661200962785e-09
1.001821430593343761e-13
6.412216446924193804e-12
1.328015365784914114e-14
7.294844929623368232e-07
2.032123171929561389e-09
1.063718433061334108e-13
1.036594032366046949e-09
2.471604966617781247e-10
2.098178255062432844e-14
9.166176473825452399e-15
3.930449995530510339e-15
4.798560268263089236e-11
9.347776215003456734e-10
3.602222411943598760e-14
4.538451531814235818e-14
8.501012383523902629e-16
3.945098569328663329e-12
1.559088169932408648e-11
7.380125446920574940e-10
3.479525385406058956e-16
8.168386775162531644e-06
2.233302544312042898e-06
2.865616999940913500e-06
6.863387678953104398e-12
1.689173624657806069e-10
4.471756471333598683e-08
6.211879002144805709e-11
2.003125271533866065e-13
5.449512870014122298e-14
4.379957321988546309e-12
2.682163799622297948e-07
3.795011138080859083e-11
-8.877524596690386661e-09
6.841272595527082508e-11
1.036178267492646755e-15
9.902018938461777060e-07
2.354760710138895298e-11
3.768345416250206848e-13
3.524116446203304726e-19
5.017339231187563609e-10
9.370380409641748620e-11
1.853448236665354805e-14
8.542505298274859571e-11
-3.832294097636625906e-14
3.714081240842644228e-16
7.018216625479005762e-09
3.940750749980357060e-14
1.203228151032252270e-15
1.830301646434293101e-12
1.508332529703559938e-11
9.343224916732944208e-10
2.885732618940630558e-13
1.051375090284687276e-11
7.318730902310391028e-08
7.987890720690750314e-11
1.542759790919571983e-09
1.993701985679208150e-11
6.022766277295513393e-10
9.114056039263540535e-07
1.058230062079913822e-16
2.742606737201001979e-08
1.919564718570868340e-15
1.018693024360452763e-07
3.944995172571628240e-12
4.726771696854027891e-17
2.027902190986880413e-06
1.331847773242663475e-13
1.867175474945265705e-11
1.957169942710653293e-11
5.743816212475864230e-08
2.367167846907700405e-10
2.520824135048065131e-12
6.566299214668262075e-12
1.529376781588197967e-10
2.225743235362384524e-08
3.637116266989339890e-07
5.124293693916267343e-11
1.844872914910463737e-12
4.983915908611648345e-10
1.012807446438465775e-11
5.361606334326785624e-08
2.344509816661746385e-06
1.560604676086289622e-16
-1.254589310708247148e-05
1.616438000090530200e-10
5.529506066084457616e-12
1.456446940937585740e-09
-4.812898182048419910e-14
2.205639883998874240e-14
1.185574357031039420e-11
9.226837831523332757e-13
3.479215592696230369e-10
9.305932455576950861e-16
1.023745614310790293e-15
3.091366622086981985e-05
6.434906182653285630e-09
1.534400082109728808e-11
1.262835246522012267e-12
1.321755019487598746e-13
9.985977137087477750e-08
7.727105447057109463e-12
1.549437395892723902e-13
6.503434322707820181e-14
3.112759912621979864e-13
1.025021654473832548e-12
9.244733596161279040e-10
1.853782171929121709e-12
7.531450656577697348e-05
6.092449731155048938e-06
2.690142687881837175e-13
8.967133072388439485e-13
1.101648124153533300e-12
9.143960296906002327e-08
-1.196217165777573885e-09
1.131630222076497028e-08
1.609889614311412549e-12
7.010799261792702206e-11
6.615288596134641641e-11
1.302463674814397712e-08
1.655069653138052002e-11
1.252958857861889914e-11
8.795221562348107837e-07
1.171393089286450364e-09
1.636889008299908152e-08
3.714700586099954657e-12
1.825724883786676950e-11
6.401402305158670686e-10
8.119161108507222918e-11
3.419740873689664940e-10
6.567931275070545919e-14
7.481276460359874599e-03
5.810412753620518716e-10
1.113523699504187189e-13
2.456875013553822890e-09
2.042028555429939129e-06
2.149517561728954847e-09
3.527383196179123246e-06
6.697169224364955987e-15
1.572686360442985546e-13
3.953583907187547666e-14
2.590056041868227933e-13
1.854910335190440010e-11
1.843602837516113965e-17
2.920131630788808368e-12
2.632350675611811788e-14
5.453792601475912331e-11
-2.641821749648190596e-09
3.720061079795195338e-05
2.908834805747007790e-15
2.725381937508135847e-13
5.059047116496486453e-10
5.263884870938040740e-14
1.690699459309246313e-15
8.959534334684578199e-10
1.297788079214860003e-12
2.217433433259589744e-14
3.323824142198142458e-15
7.030073982926784220e-08
9.626552605643682621e-14
1.877701202943372861e-11
3.519034595940261865e-07
1.342148567614660444e-07
2.246223575399221819e-12
2.021377505126971577e-08
-2.070851596756948563e-13
2.220536625142817315e-13
1.569877023459421947e-14
5.865809199741440325e-08
6.303631056868929687e-06
1.455978645669638723e-09
2.956299990539851128e-10
4.017864450912011918e-05
3.381342020226472322e-13
9.499568474213646900e-12
1.628168117511342520e-16
1.629678467106028114e-12
2.057868444158641061e-12
3.366719910993145886e-12
1.599295801600180552e-13
3.028119666342193394e-12
6.449852208829103566e-08
3.193081889611009676e-11
1.219627401865451899e-11
3.707339290830958761e-14
6.481098342845108004e-12
1.275615474907411100e-08
1.543538705025319076e-08
2.673264932706233041e-17
3.411928793692148746e-13
3.267616959049123663e-08
4.023300065978413189e-08
3.730178171456248014e-13
3.385689161513028956e-16
6.716388221064973053e-10
6.826090819545364770e-14
5.322042453603736547e-13
9.223113092167028819e-11
7.203697740757482486e-12
1.211667755267920277e-10
2.994341984030589818e-13
1.442726710526201709e-09
6.349842452523716456e-07
5.829593103704106432e-06
5.379999453206311778e-12
3.685291248813394402e-11
4.796900210836383570e-10
4.642682067727636819e-13
3.019570018720664505e-16
2.235817357756700308e-09
3.456307046814722141e-15
2.647580399701031428e-15
4.694155484616730721e-09
2.496276821754411705e-10
2.624897299178058418e-15
1.564864247187191633e-10
1.231508034363237967e-12
3.673562077484445892e-13
-2.229919463170870487e-09
1.776972391989329682e-09
4.393567933940550650e-10
1.378879143373216424e-10
9.479090018074759246e-08
2.223717559074443599e-14
1.376293454485746323e-05
3.956368933928227866e-16
8.783830986143717401e-10
1.214128039113477940e-11
2.753410087871844068e-12
3.468265355302938857e-16
2.806522149237265035e-10
6.576240559876261229e-12
2.706974883099748746e-10
2.630720017505918959e-06
1.772505328947983160e-10
3.279182301558312392e-06
1.429957024761058295e-11
8.695240817933826684e-09
1.202125871055325660e-08
6.980597966883432416e-12
3.151965946825054256e-12
1.510681638635217460e-12
1.299820491589913898e-13
1.115160040250489521e-15
7.140330300255816135e-10
4.236217529102333568e-15
1.125792537491089929e-14
1.821292223559045344e-14
2.172547344713236928e-14
6.297097658570787482e-11
5.864430272551126749e-11
3.633065505924193649e-15
5.118165129180445099e-09
1.801973947509572909e-07
3.578715203002681757e-13
7.517799410392259182e-12
9.620156450168906046e-13
9.457038835927648878e-07
8.667518641007563289e-14
1.219931359356637639e-10
3.881900778164163643e-12
5.533289622822039938e-14
3.954419717067251934e-15
9.743513685294169257e-08
3.537792257093826394e-11
4.465041457643664004e-15
9.007327853760355539e-15
1.216977794632158768e-07
2.495926337495594802e-09
1.200364226842596443e-10
1.799971888200420221e-10
1.751330286717930743e-15
1.901366054676805823e-12
2.163433432332068720e-10
2.189231287582920289e-14
4.390815124456509776e-14
2.149479247224965168e-12
4.390795605444476251e-13
1.602150885195079259e-11
3.803791342792422292e-09
1.075897566522176327e-11
3.060249893248214136e-13
2.983665956069163129e-08
5.846207965829498115e-10
8.019159166847790534e-07
3.515327750788038638e-09
8.949591092965528707e-12
4.569138560228719367e-10
3.695641382808824755e-11
1.045955119048350933e-13
6.952782912077554344e-08
1.789667786356088500e-12
1.831494915174411753e-12
6.129280866546265697e-08
2.865099772350470554e-11
1.171504528357172417e-09
5.582983531129837206e-10
5.353336628978099739e-12
-1.589035731903958869e-10
1.448902028456081770e-17
1.942849400001833013e-09
4.729278998395363622e-10
2.196241648538896982e-14
-1.770286455162296316e-13
2.922810599430789158e-12
1.539712894388712931e-09
8.850534123972953209e-17
7.291069716458860347e-12
3.805140511445894703e-10
-6.605461975104968842e-20
2.264068263401106519e-12
1.268190592582928845e-13
2.797109906301151673e-07
1.175961599479711598e-11
1.042345435721705010e-09
1.592618983303438694e-06
3.192056895482137085e-14
1.565054023224815659e-12
3.574127837741717453e-10
3.472561986839190083e-09
1.666409309428198656e-05
2.852802432915465268e-12
6.305467792314586997e-19
1.193052244993641620e-10
8.869272259738373842e-11
7.829310976276774564e-15
1.378595522414546470e-11
6.509996665410358467e-13
1.302845245600420285e-10
2.047801936882327740e-15
1.326807363394161411e-14
1.010807427504987405e-07
2.382019114825344088e-16
6.144783852558811126e-13
3.944459425735956695e-13
1.023389087062746250e-14
1.188302668599981277e-10
9.635568126145257444e-12
3.994324940912757988e-08
2.936122573812826675e-13
3.796363775730643103e-15
4.759660675405734839e-12
1.204973729667565509e-07
1.385791061371524181e-09
2.559854544386604985e-12
3.171680485284306860e-15
3.070831757619709026e-17
9.483571404451288925e-11
1.812069484849141964e-10
9.649251571420502907e-10
3.162527582868650340e-08
8.696827811991735739e-10
2.610069758102910182e-08
4.765377289191095724e-11
6.843479887321594926e-13
2.919850073787320989e-10
3.825432545906879877e-14
2.551625956012994381e-15
-7.334420447170793768e-11
2.452171930201500966e-08
8.625760920455139806e-17
2.400706481607916492e-10
8.088245472979869450e-13
4.220326272654601592e-13
1.291943965811636306e-10
1.492844785897570810e-08
4.101177483941411109e-13
4.335236096603530957e-13
4.009969305355172396e-09
4.852371048875556255e-11
8.731503978679246531e-15
2.440998382442777352e-12
4.353887991477660617e-06
2.228002125836809613e-14
7.573775340638062932e-11
3.791317829555223151e-13
1.293462064925460368e-12
1.963759973235572262e-06
7.811701082521727692e-11
3.090832386320378482e-12
1.393605459158101724e-09
1.153186000438466360e-11
1.246699439316382569e-11
2.136679685496951663e-14
1.011160604343389130e-12
9.821795379455967119e-11
3.313312577317502610e-13
1.253848179504875872e-09
7.547713135795175754e-07
4.893798948359667242e-15
6.801893310480325822e-10
3.485879398408184930e-07
6.946631665096210000e-11
2.008756372527101173e-11
5.365694240667924743e-10
4.561433663676559125e-10
7.889892776698257055e-11
1.074132969295513381e-12
1.439556291695800292e-10
4.885395144266829669e-14
2.800434119623233465e-10
3.636939476004123121e-09
2.397573433439213088e-10
4.125895321008267436e-13
1.886235982995280563e-12
2.098391299602078154e-11
3.978395723806341272e-09
1.884938060201441920e-12
8.318350499486011046e-16
2.436731624819234382e-10
2.887635363721382208e-13
2.504957795236738405e-13
8.394458051240898607e-15
1.090734832316498678e-10
6.614751471691099321e-08
1.773664369644056254e-10
5.395918522620155384e-13
2.520084337980481956e-13
1.656212938447849842e-09
8.316379347203970034e-06
1.044102717360957092e-10
3.578754474439923713e-11
7.956632228684426120e-07
2.546073280113919078e-12
5.360205966677792288e-15
7.390902267865476180e-14
1.821330023122344640e-09
8.947531943012672260e-11
1.498133156109742832e-14
6.540032055973221168e-15
1.938949047656838422e-16
3.134447989504355452e-09
4.935596648569683327e-12
5.490231050794214883e-12
1.397090275377682875e-14
1.765137143246925074e-09
2.426486776812940919e-10
3.646922996933807506e-09
3.066548200402983841e-12
3.344538357599254227e-12
3.108864373524075736e-07
1.755740008953584080e-09
1.073726777498095942e-13
1.273658802464611506e-13
8.097609008661238426e-10
7.079599133560366087e-13
6.084565748202883705e-16
4.732593242353097515e-13
-1.153377913542013784e-07
1.777719799383800196e-08
8.113238650489801084e-12
6.524938295862421584e-15
8.794908195243717288e-14
8.564158776055721088e-04
3.342055794645068386e-13
2.252491819887323303e-09
8.062367971635011195e-10
2.100393677023367774e-08
2.235759736193597201e-08
3.912963216998374088e-11
7.332740318965192329e-10
4.769043722587708460e-11
9.432548714947876530e-13
4.848127034078396889e-11
2.471333934197614916e-11
5.815564807587928507e-15
5.412944003036798176e-14
7.120486144556774891e-09
9.885514838777107409e-12
6.550960394185136718e-11
-2.089096083324882834e-10
7.136970248616263932e-11
6.144061816013290406e-11
4.974634254499697846e-09
1.347800262219912601e-16
1.675773980096788782e-15
3.679540840317813123e-06
1.074576015657784578e-12
2.474901355586697742e-13
9.190647841692289627e-05
2.067701572357940988e-14
5.065570856684757731e-08
5.886057291594580492e-16
3.308519359005392974e-14
5.646874906306163165e-14
3.125838208143900706e-13
5.403075198731477626e-09
1.532865994206779656e-06
3.060848325549558653e-09
7.302292296201225637e-13
1.376522822501456436e-10
1.991618317313590757e-12
5.102492366650503500e-05
4.661590535547543349e-09
3.588039989265799883e-15
1.305059945924604728e-07
9.214767341540402316e-11
6.413249437041286014e-07
2.989809710711853502e-15
5.135024115351179627e-11
1.411746596371519419e-10
1.762395711898996996e-14
2.620918644030320855e-12
2.665328561445721445e-13
1.545952614029277910e-14
8.465667321503572462e-13
1.071487030321669834e-11
5.048050052287885721e-11
3.469268249852320152e-10
4.375646297854415140e-14
7.301278579522879222e-15
6.897045230783827435e-11
1.757976252566007054e-15
1.076556872367185618e-14
9.627779040004272591e-13
2.116604762905010338e-12
3.617943779535813697e-11
7.409850330690621499e-12
1.116231719158924655e-12
1.751485619706354240e-09
4.582318966115427496e-16
4.906663142904159370e-13
1.014273817705814355e-08
1.213870048711685985e-14
-1.248446260426873795e-10
1.149152656524145594e-15
4.680243064211984597e-09
4.774195089375280154e-14
1.115357039899981060e-14
1.405523584511126401e-08
2.632378274878650697e-11
1.447341775539158635e-10
1.585740794986451062e-09
4.149314345110270346e-13
2.199110907981617876e-10
2.973012162893986073e-12
4.638648642703204057e-10
1.257848457103206262e-13
7.588901402204122579e-10
6.834148934407869328e-13
3.241461095841781705e-09
2.647280304004681780e-11
7.315245399141545723e-15
8.320969320505499449e-12
6.460047831720373634e-13
1.906914640266997557e-13
5.006336084899464530e-12
4.300447677601084532e-07
3.580185799175682525e-13
4.685804760409965640e-07
1.109491421361428135e-08
-5.968872497343815130e-06
2.339401422982849859e-14
8.656128453099150857e-11
4.292390191406835887e-14
1.013869579233873637e-12
4.389189615048986897e-08
3.333957062906901339e-10
5.833771223373599733e-13
3.416059044774315428e-09
1.287080177924002640e-13
2.923407983406850345e-08
1.115165212127223727e-09
1.926854097371538763e-05
1.300902134357933988e-15
-1.566628782874868909e-17
7.644102987523683030e-08
3.354670840563425191e-13
5.969411940845847106e-10
8.963646834060224206e-10
2.657260438702746199e-14
-2.283334081872081603e-11
4.685105252071944961e-13
7.743670963554437831e-09
6.159314955586398087e-08
-4.729694384869406842e-12
3.250543098523703693e-08
3.155701532202697353e-09
-4.800514878756896152e-07
1.637512174511136930e-05
2.983095104890431748e-16
9.876608872971803641e-13
1.051391174229238676e-09
7.930327424726352986e-12
3.494373875117636754e-13
7.937114812798312543e-09
2.294153161915448427e-11
8.451797289444116676e-09
1.127915705122994536e-12
3.297196933373058962e-15
1.950045548171580518e-06
1.086914460682878529e-10
-4.435162444638533721e-19
9.019624691628904513e-12
6.015021548603009719e-14
2.885350688147921055e-17
3.691163417703751164e-07
4.455694745998248634e-11
2.897056264568716552e-12
1.390350286042264001e-13
2.051653787656639995e-15
2.992306184041682799e-16
1.206634053932233863e-12
1.008123586547704484e-12
6.055652737428664492e-15
1.631843321055779591e-08
-2.038669629624922229e-08
5.690513235422621118e-12
1.302153731784999991e-07
2.628379504873485706e-13
1.287490413469571590e-04
5.432711441249212869e-09
2.660891245881344116e-11
7.001986399890088858e-13
8.444523261332993674e-13
7.206556275153714675e-08
4.287166090844406248e-17
1.468776167410377666e-14
5.664069786378939452e-07
8.186967255222853492e-16
6.726766970696819139e-14
7.402491169508530755e-02
1.296185110142873319e-14
6.343537247478366526e-09
2.611180711850751384e-11
3.895573698900129933e-12
3.847791853717858445e-13
2.357356104899275585e-03
3.334730323349108950e-11
2.027583645560444743e-10
2.020948028949495818e-07
1.626890450144971604e-08
6.424824519403897760e-01
1.173826679854029178e-13
4.263658266348500092e-10
6.212630282875520195e-10
6.116839315427206822e-12
7.202392358104886693e-06
4.739993692895438288e-11
2.138348720551481158e-09
9.798421633676280294e-11
4.977665091497486146e-12
5.795667031612730074e-07
6.747778486942195481e-09
4.447482740566761290e-11
7.838978428566036691e-18
2.705979248169689338e-12
1.101593545749522578e-17
3.450543730792110991e-12
1.145768620824358838e-16
1.212423716897365868e-13
5.992492261324015140e-08
6.676064218857726887e-11
4.313428503787062491e-10
8.721283912882151856e-17
9.523132792742022496e-13
1.086885800349133898e-11
5.208783375027919950e-10
5.993910133441877342e-14
-1.431183580110372234e-14
1.825819763482571813e-14
-2.541099793666967748e-20
4.595239670755413897e-12
6.492508235275155734e-13
4.984493072480689831e-12
3.760574868007953492e-14
4.284814498587164980e-12
4.136041689275108872e-08
2.428257207458164127e-12
2.880596642135224921e-15
2.256027153643637300e-12
1.512077076715924959e-15
2.295827525163583961e-12
2.491610607775097159e-11
1.487962360855763235e-10
8.215629435457218741e-14
1.422411802378482750e-13
1.335941929748798217e-11
3.752219203724592971e-08
1.458610443926180015e-13
9.206751059711431459e-14
4.421562452605562491e-07
2.338039576419208346e-06
1.456757141377157124e-06
2.341068087341455514e-12
1.528173887640467388e-13
8.197321499287653412e-12
5.948555943112097782e-10
1.644289840676024193e-13
1.600663717643917637e-10
2.625838316428998910e-09
7.412670440912484350e-12
1.843998901947799902e-12
2.030023530739636839e-11
4.709420344331550429e-10
-1.752444515422397684e-13
6.035628156891398338e-12
6.978789353713064225e-08
6.344737254315155484e-10
1.204977876419966537e-16
-1.285654007100036184e-07
2.494731239318683522e-12
8.957598245364192595e-12
2.706585715151879165e-18
4.564946547215114592e-11
1.945424526226498624e-09
3.702498807908963572e-11
2.162630859294434329e-14
3.590005435253068636e-12
1.365607273159633882e-11
3.229814606448423837e-15
1.111664890477870856e-09
3.208707966039424306e-17
4.613014448177879256e-09
1.958856068407690209e-09
4.393279964378006160e-12
1.249706125508480400e-06
9.755342234553409512e-07
5.776285842343223506e-11
1.400796589779184146e-04
2.708122001200150938e-13
1.298784276988973830e-10
1.757062677385932326e-09
6.228716874505444852e-10
6.008273364162526854e-11
8.533272941598314539e-12
2.879626959711700921e-11
8.814939095510611316e-10
1.529724020609673639e-12
1.000448029450761115e-06
1.156710717684306257e-12
1.718908554496222255e-11
2.943226064019324988e-09
1.417407964625665959e-13
1.333404541298282312e-08
3.663329579589524851e-12
2.270290894939590657e-12
-6.739722143059340303e-09
5.806156133355215411e-12
1.795571097717611044e-11
3.470452890524031342e-18
9.525023046304462578e-08
7.896908512576406035e-13
9.179550927958672506e-12
1.520659099742268993e-16
2.189282081629025082e-19
4.939285723595111994e-10
8.010872055336467109e-10
1.331391698412022027e-15
1.565811252143817868e-17
-1.824466911877309052e-11
1.950836381026541026e-10
2.652067818579715639e-08
2.720862540653608749e-12
9.034061334244825644e-11
3.588911463050216092e-16
1.422951253296831592e-11
8.553802765832636111e-12
1.587950437817086652e-07
1.536498543866560780e-09
2.527461510022354838e-12
1.712016982585522058e-13
6.279038863806126639e-14
4.482714317005380500e-14
4.327134086396551839e-14
1.015909496284832636e-11
3.637628723028572016e-13
3.064004477953882344e-08
8.064680600871388988e-15
5.683068195923030191e-11
4.377985442919500849e-14
1.716878445044490499e-09
1.769069310320099303e-10
5.906335820615586455e-10
5.090163096751268290e-09
2.638648918044000778e-10
1.329771882491248233e-10
2.673545856558119208e-13
9.960729697553452038e-11
1.742808229920081386e-14
7.731873411169483824e-12
1.019017628414849057e-13
3.122361423000389320e-14
3.388313924280653629e-15
-6.998469473045589312e-09
1.559468517993392409e-16
1.531696255668773416e-09
1.435147950466783863e-11
1.825269155678082553e-11
6.838735172752098237e-09
7.088237797724401132e-13
8.014052193946015775e-13
4.774529618166357914e-11
1.197893967080389497e-11
4.048384221692135559e-08
1.891157361034968064e-14
3.807262689356323753e-09
1.729705872836258415e-09
6.727517908834552255e-08
6.713431910178596415e-14
1.060417831933723688e-09
6.985327077294722070e-07
3.027791033193198675e-12
1.119584494636433483e-09
2.612824268779266990e-09
1.232410360002577651e-13
2.519205808276986834e-19
8.066458843175074367e-14
9.035041544622975665e-14
9.398636345929645415e-09
7.743175710411108941e-08
3.206523593986808529e-12
1.050169888990338644e-07
1.244879707227361269e-14
2.054876587895998858e-12
4.671649358197081807e-12
8.164636460042213565e-12
5.202599411968708243e-12
5.803875407456718864e-12
5.930458614456141757e-12
6.239016677146420503e-13
3.797930711611600410e-13
1.520337773056025946e-09
6.871290681229465571e-12
8.383054988999959335e-09
1.186316479664679575e-07
7.172711099758400650e-15
3.553114774817609548e-08
4.466899016439930583e-07
-3.068523293110335321e-10
1.154646465466577670e-10
2.867241370974105450e-06
1.691199688131011140e-11
-1.123975166228584539e-04
7.228403640938184199e-14
8.739906757752752681e-11
2.050783562664681228e-11
6.397434036940575312e-15
3.725475321774169087e-11
1.803495036476189410e-12
4.114558699339098629e-16
2.416605701530032454e-17
1.430256036469887460e-14
7.610998215729370627e-13
4.156373078919394987e-11
3.591977957770623447e-11
8.210324539567087890e-13
1.672012040131804433e-11
8.069534517579473024e-13
1.698101818510912356e-09
1.160847055145386522e-19
-5.180153494019491433e-10
2.560954563941136519e-14
7.291841645008970056e-10
2.790754097846168932e-08
1.305741948735216237e-08
3.451136356471851508e-11
9.569636665579775837e-11
7.745044678904975147e-15
1.029931190575220887e-09
9.682271349731515139e-15
1.495885105270187563e-11
6.085654651100308262e-11
-3.704586238765286887e-11
3.885440958584854457e-10
6.469777135539694118e-11
7.905956378695551837e-08
7.995635643485082965e-11
3.952583733800850953e-10
4.358383184247307432e-15
6.351766472173177798e-14
1.853596237677443643e-14
9.831332507437847925e-06
4.969457701051544711e-06
4.129016877228814520e-07
1.081895768708949525e-07
2.689618903017237690e-13
5.617805203889618701e-10
5.732714277502787323e-14
2.647271888093418732e-10
2.411288523464925524e-12
3.195531303847202694e-15
4.754824875762218633e-10
