-8.358322999999927561e-01
-1.127295200000006048e+00
-1.152066999999988184e+00
-6.827397999999931244e-01
-1.079901499999991188e+00
-1.180669999999992115e+00
-1.096156000000007680e+00
-1.163475999999988630e+00
-1.202686100000008196e+00
-7.270797000000044363e-01
-8.500147000000026765e-01
-1.025129600000013852e+00
-1.131085100000007060e+00
-9.522043000000053325e-01
-1.150770899999997710e+00
-1.407265800000004674e+00
-9.805060000000054288e-01
-9.572502000000042699e-01
-1.093388599999997268e+00
-7.983238999999997532e-01
-1.022941600000009998e+00
-1.133190300000009643e+00
-1.013379200000002811e+00
-8.655960000000106902e-01
-6.715290000000067039e-01
-1.098067200000002686e+00
-1.227532699999997590e+00
-7.677739000000087799e-01
-8.245888000000007878e-01
-1.092039499999998498e+00
-9.832764000000082660e-01
-8.621673000000100728e-01
-1.029716399999998089e+00
-1.006093299999989199e+00
-9.345663000000001830e-01
-7.343429000000014639e-01
-8.331806999999997743e-01
-1.086071899999993207e+00
-8.954559999999958109e-01
-8.545483999999987645e-01
-1.042728199999999106e+00
-9.191612999999989597e-01
-8.950219999999973197e-01
-7.960587999999972908e-01
-7.464960000000075979e-01
-1.084150399999998626e+00
-1.056957100000005312e+00
-9.839474999999993088e-01
-7.045028000000002066e-01
-5.540787000000051421e-01
-8.292752999999919439e-01
-8.624067000000081862e-01
-6.367376999999976306e-01
-1.235757100000000719e+00
-1.107909199999994598e+00
-1.252831100000008746e+00
-6.875588999999990847e-01
-1.114300899999989269e+00
-8.664854000000019596e-01
-7.754743999999931248e-01
-1.132773000000000252e+00
-1.177864099999993641e+00
-9.848695000000020627e-01
-9.072237999999970270e-01
-9.902055000000018481e-01
-1.143503700000010781e+00
-1.887186600000006820e+00
-1.135541799999998602e+00
-7.667916999999988548e-01
-9.712154999999995653e-01
-1.129086999999998397e+00
-1.575191000000003783e+00
-1.085996100000002684e+00
-1.084969999999998436e+00
-7.080352000000118551e-01
-8.438786000000106924e-01
-9.170143999999993412e-01
-5.406018999999986363e-01
-6.045191000000045278e-01
-1.024229399999995849e+00
-9.923895000000015898e-01
-1.185508999999996149e+00
-8.389254999999877782e-01
-1.081060600000000704e+00
-7.652430999999921823e-01
-7.375234999999946695e-01
-9.257367000000016333e-01
-1.060497099999992088e+00
-9.381065000000035070e-01
-8.560765999999944142e-01
-7.230661000000111471e-01
-9.711861999999911177e-01
-1.039384500000011258e+00
-9.402171999999922036e-01
-8.569293000000044458e-01
-1.116201399999994237e+00
-6.910253000000068369e-01
-9.638673999999980424e-01
-8.867931000000055519e-01
-1.050764299999997320e+00
-9.257156999999978098e-01
-1.016724799999991546e+00
-9.717560999999932392e-01
-9.551363000000065995e-01
-1.070587400000007960e+00
-8.285252999999954682e-01
-7.394081999999997379e-01
-1.077425500000003922e+00
-1.150230000000007635e+00
-1.056045499999996196e+00
-8.956909000000052856e-01
-9.305472000000065691e-01
-1.036415399999995657e+00
-1.126602399999995896e+00
-7.923835999999937485e-01
-7.362099000000057458e-01
-6.439776999999935470e-01
-1.139969399999998245e+00
-8.191640999999947326e-01
-1.041678000000004545e+00
-7.730573999999990065e-01
-1.319619900000006396e+00
-1.071502800000004640e+00
-8.395933000000042057e-01
-1.131388899999990372e+00
-1.091919300000000703e+00
-8.318602000000083763e-01
-7.419550999999984242e-01
-6.724854999999934080e-01
-8.696525999999948908e-01
-1.024345400000001405e+00
-7.721520000000055006e-01
-7.114789999999970860e-01
-6.869452999999907661e-01
-1.029799900000000434e+00
-9.726476999999960071e-01
-1.047435100000001285e+00
-6.799998000000044840e-01
-1.321039099999993027e+00
-1.137317499999994652e+00
-1.266927400000000148e+00
-9.612570999999974219e-01
-9.394309999999990168e-01
-1.231649799999999573e+00
-1.042409700000007433e+00
-9.182691999999974541e-01
-8.201857999999901949e-01
-9.247151999999942973e-01
-9.070377999999976737e-01
-1.011240999999998280e+00
-1.123259700000005523e+00
-9.703551000000061322e-01
-7.383507999999920912e-01
-1.232021500000001879e+00
-8.759167999999988297e-01
-8.498359000000021979e-01
-4.082546000000064623e-01
-1.131079400000004398e+00
-1.060830800000005070e+00
-7.493031999999999471e-01
-1.019667299999994725e+00
-9.356635000000039781e-01
-6.652162000000032549e-01
-1.009758599999997841e+00
-8.797385999999960404e-01
-6.667620000000056280e-01
-8.910999000000003889e-01
-9.907925000000119553e-01
-1.020478400000001784e+00
-8.653104000000126916e-01
-9.443933999999956086e-01
-1.129073399999995786e+00
-1.080138200000007487e+00
-1.147727400000007947e+00
-9.068398999999942589e-01
-9.551779000000095721e-01
-1.206159600000006549e+00
-6.234335000000044147e-01
-1.136645700000002535e+00
-7.166186999999979435e-01
-1.207977399999990098e+00
-9.544432000000000471e-01
-6.471152999999958411e-01
-1.321575100000003999e+00
-8.473501999999939471e-01
-1.001911500000005617e+00
-9.965829000000070437e-01
-1.150520799999995347e+00
-9.961037000000061425e-01
-1.035421599999992281e+00
-9.346075000000126920e-01
-1.083080600000002391e+00
-1.202214400000002570e+00
-1.231997399999997356e+00
-1.020463599999999360e+00
-9.198190999999980022e-01
-1.138489999999990232e+00
-8.079381999999952768e-01
-1.511899999999997135e+00
-1.228342600000004836e+00
-7.434937999999959857e-01
-1.290974000000005617e+00
-9.483497000000085109e-01
-8.947605000000038444e-01
-1.044921800000011558e+00
-9.298806999999982281e-01
-8.705578000000002703e-01
-9.984020999999927426e-01
-9.976975000000010141e-01
-9.648133000000029824e-01
-6.831135000000045920e-01
-6.252002999999888289e-01
-1.344468300000002614e+00
-1.188731000000004201e+00
-9.703848000000050433e-01
-8.400656999999966956e-01
-8.459263000000021293e-01
-1.203410699999992062e+00
-1.070164900000008856e+00
-7.781114000000002306e-01
-7.565573999999912758e-01
-8.096106999999932441e-01
-8.448120999999986225e-01
-1.154074899999997683e+00
-9.147501000000062277e-01
-1.362148500000003537e+00
-1.317468200000007528e+00
-8.043232999999929689e-01
-8.492248000000017782e-01
-8.779915000000073633e-01
-1.337704000000002225e+00
-1.240392099999994002e+00
-1.267843100000007439e+00
-8.697274999999962120e-01
-9.996740999999929045e-01
-9.827358000000003813e-01
-9.790881999999925256e-01
-9.763360000000034233e-01
-9.679919000000012375e-01
-1.204236800000003882e+00
-1.005053799999998887e+00
-1.134694800000005444e+00
-8.972746000000029198e-01
-1.000759299999998575e+00
-1.056167999999999552e+00
-1.008636899999999059e+00
-1.076874900000007074e+00
-7.109492000000017242e-01
-1.544107900000000200e+00
-9.019299999999930151e-01
-8.671824000000043497e-01
-1.030279499999991799e+00
-1.259323100000003137e+00
-1.065937899999994443e+00
-1.303912999999994327e+00
-8.238659000000012611e-01
-9.027812000000068338e-01
-8.124149000000073784e-01
-7.038189999999957536e-01
-1.005014800000012087e+00
-6.142098999999916487e-01
-8.590638999999953285e-01
-8.128901999999982309e-01
-9.651758999999913158e-01
-1.262651399999995760e+00
-1.273521700000003420e+00
-7.125069999999880110e-01
-9.755648000000007869e-01
-1.089700100000001726e+00
-8.142955000000000609e-01
-7.630558000000036145e-01
-1.121450400000000514e+00
-8.729857000000009748e-01
-7.887140999999928681e-01
-7.608364000000022997e-01
-1.202179299999997397e+00
-9.107194000000049527e-01
-8.985896000000082040e-01
-1.206122000000007688e+00
-1.284985300000002439e+00
-8.175964999999933980e-01
-1.200344000000001188e+00
-9.217423000000053435e-01
-8.759036000000008926e-01
-8.088185000000009950e-01
-1.116539000000003057e+00
-1.368627699999990455e+00
-1.146777900000003569e+00
-1.116272100000003320e+00
-1.287859299999993823e+00
-8.258402000000018006e-01
-1.017664999999993825e+00
-6.491848999999945136e-01
-8.958998000000093498e-01
-8.732279999999974507e-01
-9.713849000000038814e-01
-8.982308000000074344e-01
-9.382047999999940657e-01
-1.233354300000002013e+00
-1.038042300000000751e+00
-9.438199000000082606e-01
-7.437086999999991122e-01
-9.932060000000006994e-01
-1.241405400000004988e+00
-1.231234900000004018e+00
-5.541764999999969632e-01
-8.666138999999901671e-01
-1.157809200000002647e+00
-1.135384500000000685e+00
-8.053486999999961427e-01
-7.893930000000040081e-01
-1.120239900000001398e+00
-7.524598999999909665e-01
-9.659511999999921272e-01
-1.124229299999996101e+00
-9.232702999999986559e-01
-1.010288500000001477e+00
-8.982328999999964481e-01
-1.056750699999994936e+00
-1.274634899999995241e+00
-1.263552500000002965e+00
-9.462450000000046657e-01
-9.740216000000003760e-01
-1.070568500000007361e+00
-8.665467999999947324e-01
-5.450897999999995136e-01
-1.218463100000008126e+00
-6.710102000000119915e-01
-7.188228999999921598e-01
-1.130925599999997644e+00
-1.008126599999997097e+00
-7.244203999999996313e-01
-9.946218000000044412e-01
-9.249063000000035117e-01
-7.424731999999920617e-01
-1.198419299999997634e+00
-1.144339200000004553e+00
-1.062699399999999628e+00
-9.977276999999986629e-01
-1.224465299999991430e+00
-7.756028999999955431e-01
-1.410157500000011055e+00
-7.136612999999982776e-01
-1.233887600000002749e+00
-8.858716000000015356e-01
-9.384121000000078539e-01
-7.249391999999943437e-01
-1.086914100000001326e+00
-9.560087999999922204e-01
-1.063581800000008570e+00
-1.316751999999993927e+00
-1.061068999999989160e+00
-1.395854899999989129e+00
-9.564110999999968499e-01
-1.176439599999994812e+00
-1.199873600000003648e+00
-9.703228999999993221e-01
-9.683804999999949814e-01
-9.034617000000082498e-01
-8.562311999999963064e-01
-6.776672000000019125e-01
-1.123885999999998830e+00
-7.199151999999884310e-01
-7.745717999999897074e-01
-7.656159000000002379e-01
-7.238315999999969108e-01
-1.097829300000000785e+00
-1.021684799999988513e+00
-7.272222999999939930e-01
-1.157269099999993500e+00
-1.310822700000002783e+00
-7.578086999999982254e-01
-9.497621000000009417e-01
-9.638199999999983447e-01
-1.227429799999995907e+00
-7.311595999999980222e-01
-1.019624300000003814e+00
-9.469809000000140031e-01
-7.956535999999942987e-01
-6.748351000000099020e-01
-1.196826299999997900e+00
-1.040762000000000853e+00
-7.823006000000134463e-01
-7.177257000000025755e-01
-1.275109900000003904e+00
-1.079828800000001365e+00
-9.805862000000047374e-01
-1.000731699999988678e+00
-6.631916000000046552e-01
-1.019921299999992925e+00
-1.006721799999994005e+00
-8.313713999999947646e-01
-8.367056000000019367e-01
-9.999385999999930164e-01
-8.197961000000049125e-01
-8.853040999999990390e-01
-1.000518200000001912e+00
-9.059278999999946791e-01
-7.851865999999887435e-01
-1.096574500000002672e+00
-1.073063099999998826e+00
-1.290225599999999417e+00
-1.110305999999994242e+00
-9.631849999999957390e-01
-9.984247000000010530e-01
-9.571131000000008271e-01
-8.135726000000005342e-01
-1.194583100000002673e+00
-8.296113999999903399e-01
-9.447495999999944161e-01
-1.190344999999993547e+00
-9.354819999999932634e-01
-1.083893599999996127e+00
-1.018648200000001225e+00
-8.527730999999931782e-01
-1.076742700000011155e+00
-5.634153999999966800e-01
-1.222930699999992044e+00
-1.136059200000005376e+00
-8.455668000000002849e-01
-9.156412999999901103e-01
-9.237525000000061937e-01
-1.122724900000008574e+00
-7.311402999999927488e-01
-9.998412999999999329e-01
-1.040184199999998782e+00
-4.325201000000049589e-01
-9.572027999999903614e-01
-8.438306000000039830e-01
-1.135153700000003596e+00
-9.241019999999906531e-01
-1.059408399999995254e+00
-1.178658299999995052e+00
-8.225958000000019865e-01
-9.292126999999936743e-01
-1.054633199999997828e+00
-1.071414799999999445e+00
-1.329848300000008976e+00
-8.847470000000043910e-01
-4.934378000000094744e-01
-1.040162899999998558e+00
-1.050254899999998770e+00
-6.924461999999920181e-01
-1.076599799999996776e+00
-8.918752999999952635e-01
-9.988230000000015707e-01
-7.003985000000056971e-01
-7.650909999999981892e-01
-1.184218299999997726e+00
-7.511654999999990423e-01
-8.601754999999968732e-01
-8.345994999999959418e-01
-6.408689999999950260e-01
-1.004187400000006392e+00
-9.538651000000015756e-01
-1.155230699999989952e+00
-8.966592000000019880e-01
-7.663986999999963246e-01
-9.990604999999987967e-01
-1.271142299999993952e+00
-1.017804400000002829e+00
-9.225941000000119629e-01
-7.202739000000093483e-01
-6.234600999999884152e-01
-1.034112200000009807e+00
-1.031411899999994830e+00
-1.039489299999999616e+00
-1.108188800000007745e+00
-1.149684899999996901e+00
-1.120166099999991616e+00
-1.049631300000001488e+00
-8.541351000000076965e-01
-1.061270600000000286e+00
-8.056982000000090238e-01
-7.686613000000050988e-01
-1.082665000000005762e+00
-1.114532900000000382e+00
-6.653816000000034592e-01
-1.074501100000006204e+00
-8.976996000000099230e-01
-7.567844000000008009e-01
-1.029943200000005277e+00
-1.053958800000003748e+00
-8.323168999999950302e-01
-8.217688999999950283e-01
-1.149406499999997777e+00
-9.485038999999915177e-01
-7.181146000000069307e-01
-8.904059000000046353e-01
-1.270999500000002058e+00
-8.171932000000055041e-01
-1.002279900000004886e+00
-8.179000000000087311e-01
-9.538285000000001901e-01
-1.193410900000003494e+00
-9.239574000000061460e-01
-9.410022999999938520e-01
-1.016352399999988165e+00
-1.045091600000006338e+00
-9.951073000000008051e-01
-8.241119000000054484e-01
-9.215073000000018055e-01
-1.151106299999995031e+00
-9.003043999999960079e-01
-1.081615700000000402e+00
-1.279990900000001375e+00
-7.464994000000046981e-01
-1.072304100000010862e+00
-1.296532999999996605e+00
-9.749541999999991049e-01
-9.604414999999875135e-01
-1.035554300000001149e+00
-9.724915999999979022e-01
-1.114040500000001543e+00
-9.418498999999940224e-01
-9.178354000000013002e-01
-7.991628000000048360e-01
-1.014635400000003074e+00
-1.214558099999990759e+00
-1.063491199999987202e+00
-9.384648999999996022e-01
-9.468809999999905358e-01
-9.505970999999959758e-01
-1.135182200000002695e+00
-9.096611000000081049e-01
-6.050352000000032149e-01
-9.380579999999980600e-01
-8.438208999999972093e-01
-8.235365999999970654e-01
-7.087681000000003451e-01
-9.871270000000009759e-01
-1.046293900000009103e+00
-1.022979199999994648e+00
-7.318307000000032758e-01
-9.228545999999937521e-01
-1.045265499999999292e+00
-1.323917699999995534e+00
-9.564151000000009617e-01
-1.023177000000004000e+00
-1.205667599999998174e+00
-9.359409999999996899e-01
-7.198511999999936961e-01
-8.956426999999962391e-01
-1.174914100000009398e+00
-1.043692500000005907e+00
-8.060739999999952943e-01
-6.161804999999986876e-01
-7.013214999999917154e-01
-1.057976299999992875e+00
-9.673894999999959055e-01
-9.504615000000029568e-01
-7.352669999999932315e-01
-1.048715799999996534e+00
-9.987222000000031130e-01
-1.176653000000001725e+00
-9.075038999999947009e-01
-9.304122000000063508e-01
-1.160822199999998361e+00
-1.082273600000007718e+00
-7.775244999999983975e-01
-8.478065999999984115e-01
-1.069887000000008470e+00
-9.534912999999960448e-01
-6.344650999999998930e-01
-7.713021999999938316e-01
-1.232760700000000043e+00
-1.137096299999996063e+00
-9.497625000000056161e-01
-8.372513999999995349e-01
-8.918034999999946422e-01
-1.552989900000000034e+00
-8.864176000000014710e-01
-1.108315500000003340e+00
-1.075590700000006450e+00
-1.163344000000009260e+00
-1.117989799999989486e+00
-1.000455000000002315e+00
-1.014905200000001173e+00
-1.005716599999999517e+00
-9.494309999999899219e-01
-9.923959999999993897e-01
-1.055704200000008086e+00
-7.618152000000009139e-01
-1.072358199999996486e+00
-1.209804199999993557e+00
-9.284111999999993259e-01
-1.027664999999998940e+00
-1.159123899999997320e+00
-9.121572000000099933e-01
-9.850890000000021018e-01
-1.159053700000001186e+00
-6.074985000000054924e-01
-7.724786999999935233e-01
-1.237043200000002230e+00
-8.623869000000041751e-01
-8.389559999999960382e-01
-1.403435099999995828e+00
-8.397275000000092859e-01
-1.215104100000004905e+00
-6.629221999999970194e-01
-7.787182000000001381e-01
-8.027885000000054561e-01
-8.752979000000067344e-01
-1.135168000000007282e+00
-1.387445999999997071e+00
-1.090138400000000729e+00
-8.161968000000001666e-01
-9.460158000000120637e-01
-9.464303999999970074e-01
-1.424647500000006062e+00
-1.129804599999999937e+00
-7.410811999999964428e-01
-1.160795000000007349e+00
-1.007564999999999600e+00
-1.271763300000003483e+00
-7.219836000000015019e-01
-1.015482699999992633e+00
-1.045197199999989834e+00
-8.680243000000018583e-01
-9.133534000000054220e-01
-8.158504999999962592e-01
-8.316234000000122251e-01
-9.555529000000007045e-01
-9.272670000000005075e-01
-9.151768000000117809e-01
-1.120073599999997782e+00
-7.496722000000062280e-01
-7.827235999999970772e-01
-1.038403599999995208e+00
-6.636543000000045822e-01
-7.128251999999974942e-01
-8.867970000000013897e-01
-9.394928999999905272e-01
-9.735648999999995112e-01
-9.469899999999995543e-01
-8.451446999999916443e-01
-1.138489199999995094e+00
-6.229146999999954915e-01
-8.787087000000042281e-01
-1.089647799999994504e+00
-7.923449000000033493e-01
-1.105123500000004810e+00
-7.248895999999973583e-01
-1.157845399999999358e+00
-7.686214999999947395e-01
-7.759958000000040101e-01
-1.110197400000004109e+00
-1.088832899999999881e+00
-1.058005699999995386e+00
-1.031462700000005839e+00
-8.722091000000062877e-01
-9.582374000000015712e-01
-1.075783999999998741e+00
-1.121164300000003777e+00
-8.636022999999966032e-01
-1.090378699999988044e+00
-1.026695699999990552e+00
-1.084046700000001806e+00
-1.030822300000011182e+00
-8.102853999999979351e-01
-9.447854999999947267e-01
-8.467944999999872380e-01
-8.783281999999985601e-01
-9.524671000000068943e-01
-1.332110499999998865e+00
-8.304277999999953863e-01
-1.296185500000007096e+00
-1.105612399999998274e+00
-1.343167899999997417e+00
-8.370711999999969066e-01
-1.058551100000002521e+00
-7.806105999999886080e-01
-8.077186000000011745e-01
-1.140593899999998939e+00
-1.118931200000005788e+00
-8.567450000000036425e-01
-1.130060400000004961e+00
-8.988254000000068800e-01
-1.140739099999990458e+00
-1.016079099999998903e+00
-1.444049800000001937e+00
-7.147688999999957105e-01
-7.545786999999961608e-01
-1.225957600000000980e+00
-9.217478999999997313e-01
-1.042925000000010982e+00
-1.245068099999997457e+00
-7.835926999999998088e-01
-1.050728899999995747e+00
-8.775731000000064341e-01
-1.147520599999992896e+00
-1.089651299999999878e+00
-9.711868999999921925e-01
-1.252865600000006907e+00
-1.110696799999999484e+00
-1.347165799999999081e+00
-1.647293799999999919e+00
-6.286124000000086198e-01
-9.412076999999925420e-01
-1.009320900000005850e+00
-1.008807599999997251e+00
-7.839105999999986807e-01
-1.069250400000001378e+00
-9.310980999999998176e-01
-1.151446099999986927e+00
-8.793622999999968215e-01
-6.124957000000108565e-01
-1.300276999999994132e+00
-1.012853100000000950e+00
-9.202403000000032307e-01
-9.292003999999991493e-01
-8.107320000000015625e-01
-4.974574000000018259e-01
-1.167449899999994045e+00
-1.029778500000006147e+00
-8.831543000000010579e-01
-9.127330999999969663e-01
-9.636270000000024538e-01
-7.136378000000007660e-01
-8.999901000000107842e-01
-9.485226000000039903e-01
-6.917004000000019914e-01
-1.124185499999995841e+00
-1.244113499999997430e+00
-8.816066000000120084e-01
-1.388749599999997031e+00
-8.744049000000018168e-01
-1.357280599999995729e+00
-1.153831800000006069e+00
-1.021600399999996966e+00
-7.968501000000003387e-01
-8.481600999999869828e-01
-1.273434800000003975e+00
-5.349838000000062266e-01
-7.660084999999980937e-01
-1.214593399999998269e+00
-6.242140000000091504e-01
-8.879057999999986350e-01
-1.542418400000002521e+00
-6.880340999999958740e-01
-1.100382000000010407e+00
-9.941256000000038284e-01
-9.240050999999880332e-01
-6.670414999999962902e-01
-1.247552699999999959e+00
-1.054854999999989218e+00
-1.029697900000002164e+00
-1.162456399999996393e+00
-1.117093900000000417e+00
-1.520711700000006772e+00
-8.483020000000038863e-01
-1.012102600000005737e+00
-1.022069400000006567e+00
-9.710141999999990503e-01
-1.348481100000000765e+00
-1.045125799999993887e+00
-1.015789299999994455e+00
-1.252564899999995873e+00
-9.310746000000023059e-01
-1.194797300000004725e+00
-1.236270499999989170e+00
-9.655645999999933338e-01
-5.815473000000110915e-01
-9.602071999999992613e-01
-5.303208999999924345e-01
-1.066811000000001286e+00
-7.364206000000024233e-01
-9.518300999999951273e-01
-1.174716500000002384e+00
-1.060072200000007570e+00
-9.607708000000059201e-01
-6.850493000000028587e-01
-9.094962000000066382e-01
-9.228066999999953168e-01
-1.124812699999992560e+00
-8.273970000000048231e-01
-9.880434000000093420e-01
-8.576025999999927762e-01
-4.201064999999886140e-01
-1.019612599999987879e+00
-9.452063999999893440e-01
-9.371634000000028664e-01
-8.320293000000020811e-01
-9.599221999999940635e-01
-1.181191400000003000e+00
-1.016620299999999588e+00
-1.033981300000007764e+00
-8.238606000000032736e-01
-6.356578999999982216e-01
-1.025886700000000928e+00
-8.994607999999999493e-01
-1.043910499999995523e+00
-8.234862000000049420e-01
-9.029485000000079253e-01
-9.387741999999974496e-01
-1.309340300000002344e+00
-7.672847999999987678e-01
-7.342146000000013828e-01
-1.215712699999997426e+00
-1.226085799999992787e+00
-1.254587299999997185e+00
-8.953380999999893675e-01
-8.142619999999993752e-01
-9.097043000000013535e-01
-1.024643800000006877e+00
-8.670168000000018083e-01
-1.020553700000007780e+00
-1.034222300000010364e+00
-9.162946000000005142e-01
-9.673953000000068414e-01
-8.965297000000020944e-01
-1.107659800000007522e+00
-9.605643000000014808e-01
-9.986667999999951917e-01
-1.144155400000002487e+00
-1.203012300000011692e+00
-6.315883999999982734e-01
-1.278409699999997429e+00
-9.675614000000081205e-01
-8.541490000000067084e-01
-5.500887999999974909e-01
-9.144871000000023287e-01
-1.139921999999998548e+00
-1.006314400000007936e+00
-8.861561000000079957e-01
-9.129666999999983545e-01
-1.027625900000003867e+00
-7.782113999999893394e-01
-1.124593500000003132e+00
-5.569758999999976368e-01
-1.125020199999994475e+00
-1.156861599999999157e+00
-9.595393999999970447e-01
-1.274841800000004355e+00
-1.315066600000008634e+00
-1.075402100000005134e+00
-1.465792500000006271e+00
-7.483665999999971064e-01
-1.007634199999998259e+00
-1.154772800000003485e+00
-1.048545300000000680e+00
-9.998386000000039076e-01
-8.998811000000017657e-01
-7.733623999999963416e-01
-1.192370900000000233e+00
-8.751014999999995325e-01
-1.296805300000002603e+00
-8.732025000000049886e-01
-1.024732300000010810e+00
-1.107985999999996807e+00
-8.608262999999993781e-01
-1.102495500000003403e+00
-9.751159000000058086e-01
-8.631774999999919373e-01
-1.187742400000004750e+00
-8.891480999999998858e-01
-9.860011999999898080e-01
-5.716577000000029329e-01
-1.211036699999993971e+00
-8.681765999999981887e-01
-9.857657000000017433e-01
-6.732472999999998819e-01
-5.944428999999900043e-01
-1.002247699999998076e+00
-1.154457600000000639e+00
-6.351647999999983085e-01
-5.715373000000028014e-01
-1.097186899999996967e+00
-1.107953299999991259e+00
-1.114871600000000740e+00
-1.027537999999992735e+00
-1.020829899999995405e+00
-7.988361999999966656e-01
-1.014766099999988569e+00
-9.278147999999930562e-01
-1.240288300000003119e+00
-9.981404999999909933e-01
-9.355015000000008740e-01
-8.651404999999954271e-01
-9.664920000000023492e-01
-7.951236999999906629e-01
-8.829819999999983793e-01
-8.819323999999966190e-01
-8.290757000000041899e-01
-1.250537200000010785e+00
-6.809714999999982865e-01
-1.053150800000011600e+00
-9.264225000000010368e-01
-1.017633400000008237e+00
-1.139257900000004042e+00
-1.097733000000005177e+00
-1.067200099999993768e+00
-1.054750600000005534e+00
-1.007172099999991133e+00
-8.624100000000112232e-01
-1.045072599999997465e+00
-7.923964999999952852e-01
-9.114524000000017168e-01
-8.152874000000025489e-01
-7.298108000000098627e-01
-6.779293999999964626e-01
-1.280264500000001249e+00
-5.566272000000083153e-01
-1.021079800000009641e+00
-9.479275999999998703e-01
-9.688689999999979818e-01
-1.165598500000001536e+00
-8.727083999999933894e-01
-8.759335000000021410e-01
-9.360046999999980244e-01
-8.270223999999899434e-01
-1.223810499999999024e+00
-7.722473000000036336e-01
-1.118415699999999902e+00
-1.155939900000007015e+00
-1.272089899999997442e+00
-7.290734000000043125e-01
-1.107519100000004642e+00
-1.254783400000007987e+00
-9.301573999999988018e-01
-1.082523100000003069e+00
-1.093230200000007812e+00
-8.371642000000036887e-01
-4.315955000000002428e-01
-8.196054999999944357e-01
-7.850806999999946356e-01
-1.256613000000001534e+00
-1.160639099999997370e+00
-8.821030999999948108e-01
-1.284119799999999145e+00
-8.631668000000018992e-01
-8.632164000000130955e-01
-8.822772999999983767e-01
-1.028817799999998783e+00
-8.619032999999944877e-01
-9.390228000000035991e-01
-8.439036000000044169e-01
-9.771667999999920085e-01
-8.101774999999946658e-01
-1.142825800000011327e+00
-1.020051899999998568e+00
-1.074560500000004026e+00
-1.249359500000011280e+00
-7.549391999999954805e-01
-1.197492200000013440e+00
-1.218202599999997915e+00
-1.150774400000003084e+00
-1.020901300000005563e+00
-1.330787099999994894e+00
-1.007264000000006376e+00
-1.448478700000009667e+00
-8.251158000000060611e-01
-9.132670999999987771e-01
-9.027143999999935886e-01
-6.423446000000012646e-01
-9.470385999999990645e-01
-9.006200999999975920e-01
-7.002250000000032060e-01
-5.845247999999969579e-01
-7.047124999999994088e-01
-7.934546999999980699e-01
-1.032286700000000224e+00
-9.517458999999917069e-01
-7.619652999999999565e-01
-1.093619000000003894e+00
-9.064635000000009768e-01
-1.028678700000000390e+00
-4.009259000000042761e-01
-1.188396100000005617e+00
-7.964362000000022590e-01
-1.087434599999994589e+00
-1.205311999999992167e+00
-1.089525600000001759e+00
-8.688353999999947064e-01
-1.067380400000004670e+00
-7.608140999999903897e-01
-9.536290000000064992e-01
-8.653647999999947160e-01
-1.001383900000007543e+00
-9.825595999999876540e-01
-1.170171400000000972e+00
-1.262157199999990098e+00
-1.021332400000005691e+00
-1.210505399999988185e+00
-9.722231000000078893e-01
-9.177120999999885953e-01
-8.012860000000046057e-01
-7.903457999999972117e-01
-8.821325000000115324e-01
-1.499204899999995177e+00
-1.189193399999993517e+00
-1.227127500000008808e+00
-1.137884600000006685e+00
-9.287093999999882499e-01
-1.002770900000001575e+00
-7.745619000000090182e-01
-1.028824400000004857e+00
-9.941807000000011385e-01
-8.240772999999990134e-01
-1.052234200000000897e+00
