-0.83583
-1.12730
-1.15207
-0.68274
-1.07990
-1.18067
-1.09616
-1.16348
-1.20269
-0.72708
-0.85001
-1.02513
-1.13109
-0.95220
-1.15077
-1.40727
-0.98051
-0.95725
-1.09339
-0.79832
-1.02294
-1.13319
-1.01338
-0.86560
-0.67153
-1.09807
-1.22753
-0.76777
-0.82459
-1.09204
-0.98328
-0.86217
-1.02972
-1.00609
-0.93457
-0.73434
-0.83318
-1.08607
-0.89546
-0.85455
-1.04273
-0.91916
-0.89502
-0.79606
-0.74650
-1.08415
-1.05696
-0.98395
-0.70450
-0.55408
-0.82928
-0.86241
-0.63674
-1.23576
-1.10791
-1.25283
-0.68756
-1.11430
-0.86649
-0.77547
-1.13277
-1.17786
-0.98487
-0.90722
-0.99021
-1.14350
-1.88719
-1.13554
-0.76679
-0.97122
-1.12909
-1.57519
-1.08600
-1.08497
-0.70804
-0.84388
-0.91701
-0.54060
-0.60452
-1.02423
-0.99239
-1.18551
-0.83893
-1.08106
-0.76524
-0.73752
-0.92574
-1.06050
-0.93811
-0.85608
-0.72307
-0.97119
-1.03938
-0.94022
-0.85693
-1.11620
-0.69103
-0.96387
-0.88679
-1.05076
-0.92572
-1.01672
-0.97176
-0.95514
-1.07059
-0.82853
-0.73941
-1.07743
-1.15023
-1.05605
-0.89569
-0.93055
-1.03642
-1.12660
-0.79238
-0.73621
-0.64398
-1.13997
-0.81916
-1.04168
-0.77306
-1.31962
-1.07150
-0.83959
-1.13139
-1.09192
-0.83186
-0.74196
-0.67249
-0.86965
-1.02435
-0.77215
-0.71148
-0.68695
-1.02980
-0.97265
-1.04744
-0.68000
-1.32104
-1.13732
-1.26693
-0.96126
-0.93943
-1.23165
-1.04241
-0.91827
-0.82019
-0.92472
-0.90704
-1.01124
-1.12326
-0.97036
-0.73835
-1.23202
-0.87592
-0.84984
-0.40825
-1.13108
-1.06083
-0.74930
-1.01967
-0.93566
-0.66522
-1.00976
-0.87974
-0.66676
-0.89110
-0.99079
-1.02048
-0.86531
-0.94439
-1.12907
-1.08014
-1.14773
-0.90684
-0.95518
-1.20616
-0.62343
-1.13665
-0.71662
-1.20798
-0.95444
-0.64712
-1.32158
-0.84735
-1.00191
-0.99658
-1.15052
-0.99610
-1.03542
-0.93461
-1.08308
-1.20221
-1.23200
-1.02046
-0.91982
-1.13849
-0.80794
-1.51190
-1.22834
-0.74349
-1.29097
-0.94835
-0.89476
-1.04492
-0.92988
-0.87056
-0.99840
-0.99770
-0.96481
-0.68311
-0.62520
-1.34447
-1.18873
-0.97038
-0.84007
-0.84593
-1.20341
-1.07016
-0.77811
-0.75656
-0.80961
-0.84481
-1.15407
-0.91475
-1.36215
-1.31747
-0.80432
-0.84922
-0.87799
-1.33770
-1.24039
-1.26784
-0.86973
-0.99967
-0.98274
-0.97909
-0.97634
-0.96799
-1.20424
-1.00505
-1.13469
-0.89727
-1.00076
-1.05617
-1.00864
-1.07687
-0.71095
-1.54411
-0.90193
-0.86718
-1.03028
-1.25932
-1.06594
-1.30391
-0.82387
-0.90278
-0.81241
-0.70382
-1.00501
-0.61421
-0.85906
-0.81289
-0.96518
-1.26265
-1.27352
-0.71251
-0.97556
-1.08970
-0.81430
-0.76306
-1.12145
-0.87299
-0.78871
-0.76084
-1.20218
-0.91072
-0.89859
-1.20612
-1.28499
-0.81760
-1.20034
-0.92174
-0.87590
-0.80882
-1.11654
-1.36863
-1.14678
-1.11627
-1.28786
-0.82584
-1.01766
-0.64918
-0.89590
-0.87323
-0.97138
-0.89823
-0.93820
-1.23335
-1.03804
-0.94382
-0.74371
-0.99321
-1.24141
-1.23123
-0.55418
-0.86661
-1.15781
-1.13538
-0.80535
-0.78939
-1.12024
-0.75246
-0.96595
-1.12423
-0.92327
-1.01029
-0.89823
-1.05675
-1.27463
-1.26355
-0.94625
-0.97402
-1.07057
-0.86655
-0.54509
-1.21846
-0.67101
-0.71882
-1.13093
-1.00813
-0.72442
-0.99462
-0.92491
-0.74247
-1.19842
-1.14434
-1.06270
-0.99773
-1.22447
-0.77560
-1.41016
-0.71366
-1.23389
-0.88587
-0.93841
-0.72494
-1.08691
-0.95601
-1.06358
-1.31675
-1.06107
-1.39585
-0.95641
-1.17644
-1.19987
-0.97032
-0.96838
-0.90346
-0.85623
-0.67767
-1.12389
-0.71992
-0.77457
-0.76562
-0.72383
-1.09783
-1.02168
-0.72722
-1.15727
-1.31082
-0.75781
-0.94976
-0.96382
-1.22743
-0.73116
-1.01962
-0.94698
-0.79565
-0.67484
-1.19683
-1.04076
-0.78230
-0.71773
-1.27511
-1.07983
-0.98059
-1.00073
-0.66319
-1.01992
-1.00672
-0.83137
-0.83671
-0.99994
-0.81980
-0.88530
-1.00052
-0.90593
-0.78519
-1.09657
-1.07306
-1.29023
-1.11031
-0.96318
-0.99842
-0.95711
-0.81357
-1.19458
-0.82961
-0.94475
-1.19034
-0.93548
-1.08389
-1.01865
-0.85277
-1.07674
-0.56342
-1.22293
-1.13606
-0.84557
-0.91564
-0.92375
-1.12272
-0.73114
-0.99984
-1.04018
-0.43252
-0.95720
-0.84383
-1.13515
-0.92410
-1.05941
-1.17866
-0.82260
-0.92921
-1.05463
-1.07141
-1.32985
-0.88475
-0.49344
-1.04016
-1.05025
-0.69245
-1.07660
-0.89188
-0.99882
-0.70040
-0.76509
-1.18422
-0.75117
-0.86018
-0.83460
-0.64087
-1.00419
-0.95387
-1.15523
-0.89666
-0.76640
-0.99906
-1.27114
-1.01780
-0.92259
-0.72027
-0.62346
-1.03411
-1.03141
-1.03949
-1.10819
-1.14968
-1.12017
-1.04963
-0.85414
-1.06127
-0.80570
-0.76866
-1.08267
-1.11453
-0.66538
-1.07450
-0.89770
-0.75678
-1.02994
-1.05396
-0.83232
-0.82177
-1.14941
-0.94850
-0.71811
-0.89041
-1.27100
-0.81719
-1.00228
-0.81790
-0.95383
-1.19341
-0.92396
-0.94100
-1.01635
-1.04509
-0.99511
-0.82411
-0.92151
-1.15111
-0.90030
-1.08162
-1.27999
-0.74650
-1.07230
-1.29653
-0.97495
-0.96044
-1.03555
-0.97249
-1.11404
-0.94185
-0.91784
-0.79916
-1.01464
-1.21456
-1.06349
-0.93846
-0.94688
-0.95060
-1.13518
-0.90966
-0.60504
-0.93806
-0.84382
-0.82354
-0.70877
-0.98713
-1.04629
-1.02298
-0.73183
-0.92285
-1.04527
-1.32392
-0.95642
-1.02318
-1.20567
-0.93594
-0.71985
-0.89564
-1.17491
-1.04369
-0.80607
-0.61618
-0.70132
-1.05798
-0.96739
-0.95046
-0.73527
-1.04872
-0.99872
-1.17665
-0.90750
-0.93041
-1.16082
-1.08227
-0.77752
-0.84781
-1.06989
-0.95349
-0.63447
-0.77130
-1.23276
-1.13710
-0.94976
-0.83725
-0.89180
-1.55299
-0.88642
-1.10832
-1.07559
-1.16334
-1.11799
-1.00046
-1.01491
-1.00572
-0.94943
-0.99240
-1.05570
-0.76182
-1.07236
-1.20980
-0.92841
-1.02766
-1.15912
-0.91216
-0.98509
-1.15905
-0.60750
-0.77248
-1.23704
-0.86239
-0.83896
-1.40344
-0.83973
-1.21510
-0.66292
-0.77872
-0.80279
-0.87530
-1.13517
-1.38745
-1.09014
-0.81620
-0.94602
-0.94643
-1.42465
-1.12980
-0.74108
-1.16080
-1.00756
-1.27176
-0.72198
-1.01548
-1.04520
-0.86802
-0.91335
-0.81585
-0.83162
-0.95555
-0.92727
-0.91518
-1.12007
-0.74967
-0.78272
-1.03840
-0.66365
-0.71283
-0.88680
-0.93949
-0.97356
-0.94699
-0.84514
-1.13849
-0.62291
-0.87871
-1.08965
-0.79234
-1.10512
-0.72489
-1.15785
-0.76862
-0.77600
-1.11020
-1.08883
-1.05801
-1.03146
-0.87221
-0.95824
-1.07578
-1.12116
-0.86360
-1.09038
-1.02670
-1.08405
-1.03082
-0.81029
-0.94479
-0.84679
-0.87833
-0.95247
-1.33211
-0.83043
-1.29619
-1.10561
-1.34317
-0.83707
-1.05855
-0.78061
-0.80772
-1.14059
-1.11893
-0.85675
-1.13006
-0.89883
-1.14074
-1.01608
-1.44405
-0.71477
-0.75458
-1.22596
-0.92175
-1.04293
-1.24507
-0.78359
-1.05073
-0.87757
-1.14752
-1.08965
-0.97119
-1.25287
-1.11070
-1.34717
-1.64729
-0.62861
-0.94121
-1.00932
-1.00881
-0.78391
-1.06925
-0.93110
-1.15145
-0.87936
-0.61250
-1.30028
-1.01285
-0.92024
-0.92920
-0.81073
-0.49746
-1.16745
-1.02978
-0.88315
-0.91273
-0.96363
-0.71364
-0.89999
-0.94852
-0.69170
-1.12419
-1.24411
-0.88161
-1.38875
-0.87440
-1.35728
-1.15383
-1.02160
-0.79685
-0.84816
-1.27343
-0.53498
-0.76601
-1.21459
-0.62421
-0.88791
-1.54242
-0.68803
-1.10038
-0.99413
-0.92401
-0.66704
-1.24755
-1.05485
-1.02970
-1.16246
-1.11709
-1.52071
-0.84830
-1.01210
-1.02207
-0.97101
-1.34848
-1.04513
-1.01579
-1.25256
-0.93107
-1.19480
-1.23627
-0.96556
-0.58155
-0.96021
-0.53032
-1.06681
-0.73642
-0.95183
-1.17472
-1.06007
-0.96077
-0.68505
-0.90950
-0.92281
-1.12481
-0.82740
-0.98804
-0.85760
-0.42011
-1.01961
-0.94521
-0.93716
-0.83203
-0.95992
-1.18119
-1.01662
-1.03398
-0.82386
-0.63566
-1.02589
-0.89946
-1.04391
-0.82349
-0.90295
-0.93877
-1.30934
-0.76728
-0.73421
-1.21571
-1.22609
-1.25459
-0.89534
-0.81426
-0.90970
-1.02464
-0.86702
-1.02055
-1.03422
-0.91629
-0.96740
-0.89653
-1.10766
-0.96056
-0.99867
-1.14416
-1.20301
-0.63159
-1.27841
-0.96756
-0.85415
-0.55009
-0.91449
-1.13992
-1.00631
-0.88616
-0.91297
-1.02763
-0.77821
-1.12459
-0.55698
-1.12502
-1.15686
-0.95954
-1.27484
-1.31507
-1.07540
-1.46579
-0.74837
-1.00763
-1.15477
-1.04855
-0.99984
-0.89988
-0.77336
-1.19237
-0.87510
-1.29681
-0.87320
-1.02473
-1.10799
-0.86083
-1.10250
-0.97512
-0.86318
-1.18774
-0.88915
-0.98600
-0.57166
-1.21104
-0.86818
-0.98577
-0.67325
-0.59444
-1.00225
-1.15446
-0.63516
-0.57154
-1.09719
-1.10795
-1.11487
-1.02754
-1.02083
-0.79884
-1.01477
-0.92781
-1.24029
-0.99814
-0.93550
-0.86514
-0.96649
-0.79512
-0.88298
-0.88193
-0.82908
-1.25054
-0.68097
-1.05315
-0.92642
-1.01763
-1.13926
-1.09773
-1.06720
-1.05475
-1.00717
-0.86241
-1.04507
-0.79240
-0.91145
-0.81529
-0.72981
-0.67793
-1.28026
-0.55663
-1.02108
-0.94793
-0.96887
-1.16560
-0.87271
-0.87593
-0.93600
-0.82702
-1.22381
-0.77225
-1.11842
-1.15594
-1.27209
-0.72907
-1.10752
-1.25478
-0.93016
-1.08252
-1.09323
-0.83716
-0.43160
-0.81961
-0.78508
-1.25661
-1.16064
-0.88210
-1.28412
-0.86317
-0.86322
-0.88228
-1.02882
-0.86190
-0.93902
-0.84390
-0.97717
-0.81018
-1.14283
-1.02005
-1.07456
-1.24936
-0.75494
-1.19749
-1.21820
-1.15077
-1.02090
-1.33079
-1.00726
-1.44848
-0.82512
-0.91327
-0.90271
-0.64234
-0.94704
-0.90062
-0.70023
-0.58452
-0.70471
-0.79345
-1.03229
-0.95175
-0.76197
-1.09362
-0.90646
-1.02868
-0.40093
-1.18840
-0.79644
-1.08743
-1.20531
-1.08953
-0.86884
-1.06738
-0.76081
-0.95363
-0.86536
-1.00138
-0.98256
-1.17017
-1.26216
-1.02133
-1.21051
-0.97222
-0.91771
-0.80129
-0.79035
-0.88213
-1.49920
-1.18919
-1.22713
-1.13788
-0.92871
-1.00277
-0.77456
-1.02882
-0.99418
-0.82408
-1.05223
