2.212188996071234301e-18
1.714438971022586365e-13
4.455496444947373032e-13
5.812681444405284340e-21
2.734614988693561820e-14
1.351425781837233628e-12
5.145035049907049569e-14
6.930991760734346372e-13
3.168888532425728997e-12
3.242312115177036845e-20
3.800180415664926245e-18
3.294834057653941469e-15
1.986321644217829455e-13
1.961780611292113870e-16
4.251033797862179863e-13
8.746402658107391908e-09
5.874274957072618427e-16
2.383523964406106661e-16
4.621452008272310978e-14
1.362423464240826644e-19
2.872441835318515070e-15
2.174744519512639334e-13
2.092011569009941266e-15
6.907336408028529876e-18
3.785457578307727607e-21
5.669238882592647692e-14
8.278485831629994995e-12
1.566997605716715097e-19
1.424468934147772230e-18
4.488042711570263208e-14
6.549446030496311525e-16
6.081807623543818043e-18
3.933619857160926121e-15
1.576210105075047305e-15
9.963187070477164826e-17
4.288661323146756666e-20
1.964167697630757237e-18
3.501432391670378400e-14
2.185713442454762370e-17
4.405634632236629502e-18
6.563535690929177312e-15
5.468512724831889246e-17
2.144750999987231914e-17
4.717149804537339679e-19
6.932131387211255990e-20
3.258395483320035938e-14
1.153176558977820548e-14
6.672019934379198325e-16
1.318868721666452117e-20
3.994933382151175560e-23
1.677730668561377213e-18
6.035021745485426487e-18
9.708595117188460275e-22
9.426164746240594383e-12
8.091277641517847699e-14
2.078699645358801521e-11
7.060121935006235126e-21
1.033065703006467455e-13
7.194315940193701665e-18
2.093466606706293837e-19
2.121562407275221076e-13
1.211629379502163735e-12
6.941120559009503257e-16
3.258393714257555229e-17
8.498234944885511374e-16
3.208482990161729366e-13
9.999999999784521254e-01
2.358036828415501958e-13
1.511048215001508956e-19
4.062783586915895996e-16
1.856200639880732908e-13
5.733828255207881958e-06
3.505376706582171753e-14
3.339632195011984645e-14
1.561114037025600874e-20
2.963639204747686611e-18
5.003461585648895598e-17
1.019594695758654233e-23
2.793691700480124492e-22
3.181822806599567724e-15
6.454967897068531968e-16
1.634589492685969382e-12
2.407403234827419460e-18
2.868590635768570990e-14
1.433631245730761124e-19
4.817617114898930079e-20
6.998213695624182889e-17
1.304956981330258077e-14
1.143254674477453888e-16
4.762655343988375700e-18
2.804641966977277214e-20
4.110896040985461240e-16
5.719162828407807239e-15
1.260511074090432973e-16
4.925262929326275687e-18
1.136089739644399836e-13
8.126278716640071102e-21
3.082628358217153705e-16
1.568475038084541856e-17
8.886434158965415589e-15
7.123119455134209762e-17
2.376984526973371640e-15
4.187429630187901198e-16
2.203297910079071531e-16
1.925810199569388198e-14
1.427564652767760333e-18
5.225778134544890167e-20
2.478320493554706949e-14
4.157048048012271687e-13
1.102245451448568541e-14
1.904385129692271654e-17
8.496103692993335438e-17
5.144853733041174841e-15
1.685491109492288500e-13
4.042758241935299840e-19
4.622437984027424170e-20
1.307367017466837867e-21
2.817720860783527049e-13
1.142915922563305025e-18
6.248620089182634534e-15
1.914231689810255405e-19
2.917448628013535984e-10
8.275231479927311889e-15
2.476541661029734039e-18
2.029649096294748475e-13
4.363708130182747127e-14
1.868433499870912069e-18
5.646986643487595933e-20
4.034907143886235041e-22
8.196757951875051937e-18
3.227658413640577658e-15
1.854046826515419649e-19
1.759070448833301681e-20
6.793827997490363244e-21
3.920764800827993294e-15
4.316853699855242201e-16
7.796376638182289052e-15
5.242733889296621347e-21
3.084632654054774268e-10
2.496404205052885931e-13
3.799704618109468912e-11
2.729271562883995290e-16
1.205476938550045628e-16
9.709901249174098094e-12
6.390815411474329775e-15
7.013482080465952436e-18
1.188869428552425764e-18
6.774961289610874155e-17
2.917937920463162814e-17
1.922673477819679084e-15
1.467544149201308497e-13
5.781741013320525589e-18
4.281727721749738763e-20
9.850532441475025548e-12
1.022571536914287055e-17
3.747648501705828708e-18
-1.560749892500082633e-27
1.970421850408986041e-13
1.236917906969954786e-14
7.626683098671830921e-20
1.565328792296524036e-16
1.034789502636632473e-16
2.963114136290996626e-21
1.824918570114068046e-15
1.188819599881719558e-17
3.160736115786220747e-21
1.848005111568370463e-17
8.705978209949773269e-16
2.745995637781206871e-15
3.063274001501000356e-19
1.379944608583381882e-16
1.855815763042764465e-13
2.759534706081927501e-14
3.753990611089247092e-13
3.416163043729945847e-17
2.226123452446732997e-16
3.090850927802964948e-12
5.915214672973944257e-22
2.467681854240863821e-13
2.173204824769539885e-20
3.879004852654691080e-12
2.144300718741434227e-16
1.045685433682485302e-21
3.146914610941747303e-10
3.389882438004308192e-18
1.354872799055421456e-15
1.098094810991064082e-15
4.209927515481945106e-13
1.073138954405397780e-15
4.907116568730549035e-15
9.931286890349272820e-17
3.126764501997593666e-14
3.108989836165991902e-12
9.855337531627375586e-12
2.750057299027537689e-15
5.657173715833685563e-17
2.629490687323073246e-13
1.201357458878576765e-19
4.959804831740499480e-07
8.543612801391689562e-12
6.094388601054601210e-20
9.639822177075568760e-11
1.688104489289732555e-16
2.133766170382748578e-17
6.066837392251739030e-15
8.276727628236888260e-17
8.317376368278220144e-18
1.172081346032071318e-15
1.139331006726698127e-15
3.180596056017794427e-16
6.026356060631719145e-21
4.709917172193225777e-22
7.578254120430858441e-10
1.846525953060995078e-12
3.997045289606642099e-16
2.061903891232987902e-18
3.213607026872155809e-18
3.290399915081956783e-12
1.877905714317072782e-14
2.363956050144841987e-19
1.018544079121049527e-19
7.090566343585993830e-19
3.102917419813677771e-18
4.807817648846762866e-13
3.810322240753957753e-17
1.527613506975456673e-09
2.670530994982725436e-10
5.518741735953209331e-19
3.652024100189052906e-18
1.107666747423070782e-17
6.015221541785519470e-10
1.362307158784598136e-11
3.937052826535761787e-11
7.961746094708494461e-18
1.231658042172994808e-15
6.119758022703991770e-16
4.737240245949701159e-16
4.989334679661777174e-16
3.613153056883786917e-16
3.364348692882035254e-12
2.844887876136444709e-16
2.305926677091235120e-13
2.349745014950934041e-17
1.287740151206524563e-15
9.898045653895223940e-15
1.610154322297015591e-15
2.445899619564021027e-14
1.733368695651519886e-20
1.722572384877002261e-06
2.829200193306565672e-17
4.077279951538172634e-18
4.076431540763558562e-15
2.836089639465803528e-11
1.635795402680885880e-14
1.589185813119168396e-10
1.368769847201736798e-18
2.437614270195692062e-17
7.824445624670135203e-19
1.312697912548391198e-20
1.508120095730604437e-15
4.142064495453103462e-22
4.677999890877072886e-18
8.738190919892547498e-19
3.219376842363186315e-16
3.223071642763222176e-11
4.956102154880802433e-11
1.841540440633039840e-20
4.843261713381012897e-16
3.978295673645023605e-14
9.234721828247345103e-19
1.310837456801663941e-19
6.873505276092039876e-14
9.101786577407151991e-18
3.549705680909240365e-19
1.172666820096393531e-19
-1.449397285583441466e-14
3.868338323658697133e-17
2.461614976805107991e-17
3.640877682948978699e-12
7.646555149731361738e-11
9.176960650431602865e-19
2.892397046202700966e-12
6.041611695284248932e-17
1.036551960912929022e-17
7.713185553919380752e-19
1.151648463511926804e-13
1.938765360856656703e-09
3.641735677845503142e-13
1.130424443184948712e-13
8.540520122664820618e-11
1.489254755393585859e-18
2.491586625764359024e-15
1.397570753199282439e-21
1.197780266647195853e-17
9.279295691701881559e-18
4.167599598991840684e-16
2.420446861944662361e-17
1.128223649182473816e-16
1.038394792390879126e-11
5.406126018253814651e-15
1.427213488154416165e-16
5.222043054498695175e-20
9.569423082558842553e-16
1.446330284353922788e-11
9.651634918136055032e-12
2.237173065317329358e-23
7.162129151117887692e-18
5.615883208755930267e-13
2.368255823960795751e-13
6.687804020081501210e-19
3.610580591437573434e-19
1.317661887492508564e-13
8.699414789774618346e-20
3.329422602527486475e-16
1.512572311108759312e-13
6.473682856323858275e-17
1.751797324180586390e-15
2.428078745533877255e-17
1.129759173555456953e-14
5.108109889656043830e-11
3.370409167525744844e-11
1.519721016581674778e-16
4.602020339946987287e-16
1.897740225063083064e-14
7.138980447439932568e-18
2.886445643326934503e-23
5.833644081517871520e-12
3.730604888026900914e-21
2.365205712475068729e-20
1.992996614480766779e-13
1.697777762804814432e-15
2.925561188502029846e-20
1.010160429476011521e-15
6.849037653129847884e-17
5.919733208410023776e-20
2.684789305287978160e-12
3.101986315080583372e-13
1.417211047029438531e-14
1.134731688905102570e-15
7.428909319060825543e-12
2.132789142152928873e-19
9.633048562396165775e-09
1.924764933008376680e-20
1.059333514190551931e-11
1.508112609958805192e-17
1.148217496010822507e-16
3.014716417427085887e-20
3.594674957330495868e-14
2.296151803491758216e-16
1.458714196593579439e-14
2.647351395000384095e-10
1.341086913497994271e-14
5.625120971518870787e-09
2.319274495776776637e-16
1.146948974520162633e-12
2.857361498924689752e-12
3.948383467314309384e-16
1.789791845406930597e-16
2.967183071756717596e-17
4.791562590599945228e-18
4.821525411594827397e-21
1.281693164391211724e-13
2.487082547514732588e-20
2.043499103286600880e-19
1.439407055075822831e-19
2.849212048406887366e-20
1.819293651357375762e-15
2.883421083135937483e-15
3.303523397721332561e-20
5.464725976581499840e-13
2.071067537079890327e-10
8.673966655827572674e-20
1.815871281804856241e-16
3.076762204308366224e-16
8.331401289809761464e-12
3.719702570815808923e-20
2.662372675435072786e-15
1.610153374748247641e-16
4.040792159190010089e-19
3.940063889490031628e-21
2.551073395454944545e-12
6.016260002827412049e-15
2.746355363853607554e-19
2.216023855907865754e-20
5.217729494079767237e-11
2.716098357401085833e-14
5.935177840524406263e-16
1.283015533498104985e-15
2.583423897607141562e-21
2.695368973475125600e-15
1.615426075032264035e-15
1.831657786848970416e-18
1.134103652486485786e-18
1.230325757911990685e-15
9.932529792474931457e-19
1.334939603186186358e-17
1.242650840856013512e-15
3.087771714778997479e-17
1.944712473831796953e-19
5.277767120638824585e-14
2.125602502391211753e-14
8.835541559877190401e-11
8.835380831192398853e-14
2.991514888309010561e-16
1.188882481879246981e-15
9.491928624827843679e-17
9.193747160157727255e-19
2.314139563377549997e-12
6.881408074814193162e-20
1.485282377597348851e-16
1.991880558538915695e-12
9.521213261881680820e-17
3.200944191381375927e-14
2.559079746900048610e-15
4.183290168837789675e-18
2.427355153235376519e-14
5.806119872253737904e-23
6.928454549235723311e-12
2.429880286061420234e-13
3.170852760125885764e-18
4.775278292878453529e-17
6.536780922045580346e-17
1.437508622412319000e-13
3.800520957637499935e-20
1.707965284672730339e-16
5.967285115249669025e-15
3.233447145883392794e-25
2.404888122289737269e-16
2.940357972101170514e-18
6.700802241258167601e-15
6.662473006230701720e-17
1.078619567938599723e-14
1.263313194189510000e-12
1.281847830031872643e-18
8.055579756459517397e-17
1.025583603653674339e-14
2.001385390275572946e-14
4.377969672010067405e-10
1.446865096055507960e-17
3.833982230398288684e-24
5.895570900745005273e-15
8.796432498022423115e-15
7.603120923241763129e-21
2.431998417837826651e-14
1.898780146132612034e-17
1.219603486881104601e-15
1.165388694278782261e-20
1.405786719437638213e-19
1.568508759132080257e-12
8.233699974038728396e-20
5.602381206840939784e-18
2.096478890277798359e-18
1.166388501730624400e-21
1.454339388948854670e-15
2.091998778909703112e-16
5.101458071989751874e-13
2.312938646803909475e-17
1.504885071842046706e-19
1.213157018005231410e-15
4.472542598101809165e-11
2.436103187775341350e-15
6.277874640087784286e-17
2.093770339023722433e-20
5.900544184927942298e-22
4.686894825818569249e-15
4.228591250868629060e-15
5.322244815319365803e-15
8.213951080465812000e-14
4.118305969441985902e-13
1.318972310546973164e-13
8.584206268751218783e-15
4.178226693236015460e-18
1.335803391219002611e-14
5.973239183346913840e-19
1.634149668503075235e-19
3.051053096519040166e-14
1.057527705167833443e-13
2.985097728822756182e-21
2.226599725196751910e-14
2.407772116002848031e-17
8.521616929397030650e-21
3.992662137977566618e-15
4.388244273529616923e-16
1.906105462473524493e-18
1.267195890418819468e-18
4.035544257404970541e-13
1.717786571947756128e-16
2.126595114577770941e-20
1.815909593153784925e-17
4.448878002372717806e-11
2.280432038873433850e-19
1.365626319874696681e-15
1.089860464814857955e-18
2.069084370609204677e-16
2.234688181750462853e-12
6.637023406331841998e-17
1.283640313896252181e-16
2.366149577226679495e-15
7.153327515988434307e-15
1.031278378642359695e-15
1.314943334134940552e-18
6.034555450283048092e-17
4.340219284775264691e-13
2.449178193080758372e-17
2.936795504332816724e-14
6.284058247256883926e-11
6.256791485530223616e-20
2.064200710540039588e-14
1.191624492836369916e-10
4.488494356619514178e-16
2.711155360800495527e-16
4.930669824963457736e-15
4.281214382405171231e-16
1.037187760184505019e-13
1.320676745793511822e-16
9.768042432092086872e-18
5.272598697464822136e-19
2.217104512335421183e-15
5.006378747477148412e-12
1.453925561427292220e-14
1.153085307463343630e-16
1.614544460890787145e-16
6.441452079638916797e-18
2.325951776846569660e-13
3.764755158504130221e-17
2.730635105431324942e-22
1.152566086072484628e-16
2.992269099643639407e-18
1.364087605917993000e-18
1.602827759572939065e-20
7.577462914670180154e-16
7.324002287609656274e-15
3.026764111387929322e-15
3.936985761930682617e-20
6.309443759493781539e-17
7.254542908607073600e-15
3.479685693285302730e-10
2.317080896746701350e-16
3.049748872170214048e-15
3.603059903382779894e-12
1.051907024776196697e-16
2.344152316009533066e-20
2.162937747915506940e-17
1.081825681741275184e-12
5.174196227088663305e-15
6.867097092158893036e-19
4.459863124319580248e-22
1.115997238490237526e-20
1.166644370372877395e-14
3.566980393513503602e-16
1.856015307524121729e-16
4.124653847503328370e-20
8.195202221111127863e-15
1.198124380688978524e-15
1.169174153335746505e-12
3.521311640216669839e-17
8.456514931060514602e-17
6.293711904567871414e-13
3.008162274062578541e-14
2.271679099041743533e-19
3.403468335156323818e-18
1.859701852953001213e-14
2.062141119763635000e-16
9.027828183930183746e-22
1.802559605701924231e-19
1.012171316266758597e-11
-1.241399511157135202e-15
1.478199765216779107e-16
2.299276291266908822e-18
1.891533620271282640e-17
2.488259521281273362e-06
1.543822454613902258e-17
8.172999140868654894e-14
2.343898658004408953e-14
6.972532016955327589e-13
1.202478713652916508e-13
1.266343040465010063e-15
2.170554044307255682e-15
1.555703377676192871e-15
1.762533658319477384e-16
1.598255911783824796e-16
1.084931221668128423e-14
1.256719784024930030e-19
2.047639187783765127e-14
4.213098646374472544e-12
7.785147217038290567e-17
3.011049243296344066e-15
5.874143282222991315e-13
4.212248638978990259e-17
7.073614694065199750e-16
5.855846114093479754e-13
2.881650979590102811e-22
1.802785800785576510e-19
1.208415363050600459e-11
6.071320642236331469e-18
2.813754607821953002e-19
-3.716716178320890157e-11
2.531416426857172687e-18
5.118892570263628117e-12
2.675309501119323858e-21
2.386522522253568118e-19
6.081639072546503927e-19
9.781032329609815555e-18
1.974865730076341585e-13
3.795135458611729778e-09
4.096781015333370032e-14
1.022251768026147690e-18
1.553763196839301524e-16
1.585995821072090269e-16
1.733163108196399095e-08
1.889126463257276759e-13
1.058312403909747474e-20
6.330234861532680288e-13
1.575591006393462881e-15
4.610319707126891704e-11
2.663571516513634396e-20
2.290749073854451463e-15
7.118254056263703214e-15
7.562923842951038640e-18
4.410519947432749670e-17
1.005599068069041216e-18
1.843224555775516597e-18
2.229951008075365654e-16
6.274980871459154091e-17
4.672127629058897283e-17
1.292560149491661196e-13
6.566263431851914620e-20
2.793378080315903372e-19
5.507327694785126829e-15
2.803347555565818869e-21
1.718064909273178513e-20
1.585745050892420861e-17
1.180842128791067000e-16
4.486861328638634790e-16
1.605791958990443719e-16
3.168550791942948554e-18
2.670618634328011762e-13
5.780085438408689205e-22
1.143458918308708184e-17
3.072271093161844918e-14
3.618234897754528678e-19
7.276367753682691226e-14
2.300120858352111241e-20
5.589327199649004985e-13
1.612868119600688588e-19
2.153421866766169062e-19
8.939379110488379413e-14
3.871628994985202730e-14
1.179329524530699176e-14
3.988514102611253301e-15
8.890001859838923214e-18
2.471318237087874425e-16
2.339039711665139563e-14
1.363607779381824718e-13
6.375139357940463761e-18
4.110061060741754569e-14
3.506501978491268140e-15
3.244866178287029355e-14
4.107785599845764717e-15
8.070686988356553172e-19
1.466058672016695783e-16
3.341222726273936353e-18
1.123624022357821751e-17
1.985376663830004634e-16
4.732967516346439352e-10
1.781478009159686289e-18
1.179230948929857068e-10
7.489084833164730605e-14
7.259185544488713604e-10
1.901455069284129766e-18
1.197426897895037462e-14
2.575167409181597071e-19
3.343566268765703512e-19
2.870006425354465332e-13
1.241308539780470309e-13
4.890291541073710499e-18
1.927359600127663089e-13
2.487429331993078827e-17
2.868709534605927012e-13
2.350881572684340390e-15
3.628888313358666526e-08
1.999722643824175517e-20
9.378912093343156399e-20
7.789105464822650381e-12
5.895290901135209082e-17
6.670738820323664322e-15
1.632305393370722569e-11
2.894407077839436222e-19
8.874048252880921035e-15
1.086811706453752046e-17
3.786997628092922480e-13
3.996618364063137731e-14
4.086240760430629281e-16
2.201520626676204499e-11
9.113559441057685914e-14
8.473238598742085310e-10
-4.643930701531408674e-07
7.253887911601652648e-22
1.283503429618115911e-16
1.805212820835045444e-15
1.748265940588045760e-15
1.520538416252837935e-19
1.827160222714076194e-14
8.791486842183966274e-17
4.408023016401994576e-13
1.197495195198418928e-17
1.446752758654969201e-22
1.394228743025863257e-10
2.049009087211134032e-15
5.755973245399067759e-17
7.442824685772671075e-17
7.788628868195292060e-19
4.504136023474583726e-24
8.101778631070115939e-13
3.604881894819573282e-15
1.367782686082856942e-17
4.264821818327166428e-17
3.017278535133631421e-16
1.932915316751947048e-20
2.624066611895573841e-17
1.700424897815166335e-16
8.194229069919447143e-21
1.513424361141224296e-13
1.573428720828457572e-11
1.284583814216808072e-17
4.255414201274942149e-09
9.681396979348279284e-18
1.262818526155939549e-09
4.786715547748492002e-13
2.875394837543663338e-15
4.817945257688212241e-19
3.404915761094974161e-18
4.938199250829183125e-11
1.919974416969332200e-23
1.255249915189429047e-19
5.088839238172107994e-12
6.111670683291423546e-22
1.627525148795507675e-17
-8.036306672320789819e-09
7.192597085607633760e-21
6.057146250518045538e-14
9.945617170344608558e-16
2.388113061635145660e-18
3.177602329045912845e-21
1.814492427101060952e-11
1.041446676774231676e-14
3.970922128825382025e-15
6.680046945677676612e-13
1.077568582219607049e-13
7.041039170221149513e-07
3.553480530639890550e-18
2.007908433096511578e-15
2.960127280112491504e-15
4.077143094534792215e-16
8.909432637686011337e-10
7.145052996942730774e-15
2.295701959897129632e-15
2.177397071962859927e-11
8.664844827766538765e-17
2.357700103010064203e-12
1.158167715081968343e-11
3.332600788493551588e-16
1.139765092739176519e-22
2.683065124344362439e-16
1.614143923250471273e-23
1.652938866327829728e-14
4.648886165580634086e-20
1.946544741270436878e-16
1.082687727539909975e-12
1.091879444162882271e-14
2.772335691617102721e-16
6.387896186439761140e-21
3.762496818864576704e-17
6.295829238883956696e-17
1.555490229053194339e-13
1.582241104073596237e-18
7.852418017405111342e-16
5.054209233247451057e-18
2.265124583990261752e-25
2.663548115804326924e-15
1.501551338033509065e-16
1.107339106774406135e-16
1.878378702972245038e-18
2.631333351178724239e-16
1.379755887289200633e-12
2.371861712657950007e-15
4.633005185438946662e-15
1.376970216775500143e-18
9.422500333978603818e-22
3.398790104561207298e-15
2.604401299223069004e-17
6.821181373939741643e-15
6.061045150352771990e-19
2.932278399288733829e-17
1.179073954483884425e-16
1.956391621481424676e-10
1.189711114149010127e-19
4.296517224784457712e-20
5.296603142961842548e-12
7.777322263998414575e-12
2.382629775916406610e-11
2.164860959996441202e-17
9.556746999869720790e-19
1.829106869796493733e-17
3.052622395228307641e-15
7.155903750545763762e-18
2.745801281108306514e-15
4.747335340071228221e-15
4.736015994422634723e-17
3.519870416686427795e-16
2.301354014013969825e-17
8.035863598514282453e-14
2.712423004620784561e-16
1.181990541881845049e-15
3.324651387514346180e-13
3.234027536601646207e-12
7.957282742520446968e-22
5.929220316697409184e-11
3.550218996847672393e-16
4.416899219071151241e-18
3.451691814709273662e-23
4.529340200513275915e-17
2.795512353628917092e-13
1.598515512877723176e-15
1.505353381892078756e-17
4.345658979661695282e-17
3.628712356908046390e-15
2.345549048076366855e-19
1.544024292449430671e-13
3.344496180342138642e-23
1.570088867016371891e-13
5.380466497930895336e-13
2.624033947065720576e-16
5.222696869781702029e-11
2.471493587824539990e-10
2.288017271651455999e-14
8.327921199238904059e-08
7.382657952461500624e-20
1.674259412193119126e-15
4.958634773834941326e-13
8.150364693981366115e-15
1.251396624385584243e-15
5.573326262245502592e-18
1.860919377366855264e-19
2.124852870260847427e-12
9.976144127631699924e-18
1.030099621951929424e-10
9.270250619227860382e-18
3.230422069205829039e-15
8.079952667756168489e-14
5.558154895149854546e-18
6.714784854409766754e-14
4.745270129620638241e-16
6.244119625938420547e-18
1.777682209935451536e-12
1.717076709857707588e-17
6.850019407500402059e-16
8.049533243167817939e-23
4.470280209638968794e-12
7.643577541266189975e-18
5.004412903777477870e-16
4.052565622665066512e-21
1.932972346930409838e-22
1.364284176353274506e-15
4.905405035284408199e-13
9.102244031982526203e-22
7.291098055865045206e-23
5.352415230374016212e-14
8.117842140560259228e-14
1.071109744057537987e-13
3.645838677295056241e-15
2.857045284914312954e-15
5.207169324788104590e-19
2.115674291486276599e-15
7.628838593746022205e-17
1.367593050695028630e-11
1.158696023858487307e-15
1.036848400360394500e-16
6.775828807169321432e-18
3.443991042129457329e-16
3.633510010042827844e-19
1.362329307736034966e-17
1.287901546961568019e-17
1.706770979170459002e-18
2.036635915618242220e-11
3.986315323550867455e-21
9.675202944856387259e-15
7.211581852864649516e-17
6.920243172743052812e-16
2.733872270110883904e-13
5.519481824785797574e-14
1.702049953354701806e-14
1.044882611508343125e-14
1.650735113061733228e-15
6.149359029329502349e-18
7.149948019761575976e-15
4.096118879031260784e-19
4.056117446980875901e-17
9.829108432412221152e-19
3.191226236105063581e-20
8.481980342590976507e-23
6.370260003522720416e-11
4.483693955340875872e-23
2.826854403438515874e-15
1.685815709748714060e-16
3.743106888542141328e-16
7.541277678952043212e-13
9.141212626032260448e-18
1.037017985511313562e-17
1.073966227588454248e-16
1.568530819237939531e-18
7.195482291879878590e-12
1.874455494265602892e-19
1.232363478472684903e-13
5.195054735527564273e-13
4.644184792058771812e-11
3.475895567665349989e-20
7.993679229989314227e-14
2.400872060930872655e-11
8.565714100185744704e-17
3.026265230128272647e-14
4.636545052813583252e-14
1.936950710098930412e-18
3.282475770340482822e-25
1.163688556838347514e-18
2.331823766635144058e-19
2.549624307356610116e-11
6.195061231996106374e-13
1.315097510367053038e-17
7.372240723425128602e-11
6.270160719910168282e-18
4.295449180426955300e-18
1.323093655134585712e-17
3.810442883010024924e-15
6.026956652390483384e-18
1.203775487737865655e-16
2.945626383980431426e-18
5.205111186188219443e-16
8.083182103733179095e-19
3.128590782726114655e-13
2.708317829708459289e-15
2.283205412956554271e-14
1.945405260883198327e-11
1.480644277219195233e-21
2.588323492483408585e-12
5.789345632499556751e-12
4.254102332090890637e-13
2.826795937983010898e-15
4.484832638466571117e-10
1.666764748576664799e-15
4.266104161027317360e-08
1.428012592491509354e-18
7.574152733108659223e-19
2.558450109754797497e-17
8.967887396318718322e-22
1.565500430965917056e-16
2.574638673912585778e-17
1.147232081126650609e-20
1.308179422475591617e-22
1.378646068822205943e-20
4.265963904764592938e-19
4.347773756305381939e-15
1.930240011801113347e-16
1.259991901456622479e-19
4.609173375441583603e-14
3.348847387526909675e-17
3.796978510135997938e-15
1.082205518258171042e-25
1.821593498706218554e-12
4.724553132007015045e-19
3.660069876973833360e-14
3.498320282152278699e-12
4.018210732966223161e-14
7.869927475182745291e-18
1.399056210111664080e-14
1.196723885749725416e-19
2.106529075592393375e-16
6.793359034065746766e-18
1.316104038548146163e-15
6.343056992990750289e-16
9.009666214093512512e-13
3.159468401331656128e-11
2.845150414811908363e-15
-2.131227036201845942e-14
4.313657006970130723e-16
5.200443681421632276e-17
5.536516653230112354e-19
3.763287139062475396e-19
1.305833519700604945e-17
3.035688935796227059e-07
5.384414828366606750e-13
8.144428623653308236e-12
2.582049661985855748e-13
7.875493484156816770e-17
1.401863037437788368e-15
6.225039445486178261e-20
3.788753104654987065e-15
9.950787237243594792e-16
1.383206060328643710e-18
9.364327370926032117e-15
