6.986470065315999924e-17
3.275803493832048434e-12
3.008770737461606717e-11
-2.661271975110049500e-18
8.776696297443486476e-13
2.583936848568200315e-11
3.666038301282083527e-13
2.625906586878110707e-11
-9.572930865891939907e-13
-2.109496010689672176e-18
9.663862004465562166e-17
2.738007040363424600e-13
-1.265110198314828784e-13
2.093599915763589308e-15
8.247399782788994017e-12
2.459080847975292658e-07
2.974877411672196036e-14
5.196990688189784256e-15
-2.244089431496299384e-15
2.653408816256918581e-15
1.284200264151893487e-12
5.945440321728506276e-12
6.581183772592997918e-15
6.094153656858430387e-17
2.361346018297305317e-18
1.646330838946617715e-12
1.530387103184298596e-10
6.469769944507524397e-19
7.612329436930802676e-18
1.314970012341683777e-12
4.401823767209548117e-14
1.395334038360240243e-16
7.144401878529717759e-14
2.269292171112948951e-14
3.128736965690350113e-15
2.168506946263030879e-19
2.029847234552024425e-16
6.850012996067293901e-13
1.216069633588698183e-16
6.851314731804903330e-16
2.924571212584476750e-13
-9.424743860943983529e-18
1.429864254810178323e-15
2.134042030095178846e-17
3.154159980006193879e-17
7.692012207162030561e-13
3.318432466948688341e-13
7.848929948016251336e-14
5.025003399360263879e-18
-8.368555279023674310e-18
1.266144009472129947e-16
6.219557955914239310e-16
-5.613116864796542806e-19
1.412442978753089678e-08
1.203866834250312104e-12
1.018331384525459805e-08
4.574785887509889003e-18
4.811326402867563563e-12
1.803553900853628632e-16
1.771118627516566855e-17
1.671262346370499688e-11
1.351768676207834557e-11
2.196131077259764101e-14
1.523068712465373770e-14
4.178377037858697901e-14
3.360816470437007387e-12
-7.451905815311600234e-01
2.469280433070775790e-12
-4.054133843522721252e-18
2.845282688644920639e-14
5.690787771722802659e-12
1.095501330190979403e-04
9.854130465454704902e-13
2.959731388954547473e-14
-2.105066573982725515e-18
1.064626847051180553e-16
2.770129108899688598e-15
5.666736343716151762e-19
2.595295324754065969e-18
2.466675307751060877e-14
2.028105483307759545e-12
1.104707999497365678e-10
-1.244883031698913344e-17
-2.355501752850670559e-15
1.782836488197552473e-18
2.318878545532636741e-17
5.476407507108652646e-15
3.256054850687387511e-13
-9.526395441519188702e-15
9.168055761453657949e-17
-7.247813055315836746e-19
9.774643467471920868e-15
8.662166949122422552e-14
3.895668160810236659e-15
5.782913985876146881e-18
3.587191068556600282e-12
6.165711663044022367e-19
2.488112294939688227e-16
1.022119679374654765e-15
-4.162665139643196182e-15
1.529619830874227908e-15
5.608024309555397022e-14
2.105124697020244104e-14
3.242916317324079009e-15
4.096060968838574333e-13
1.543415788459110017e-15
1.919269630699101214e-18
1.390042465767684528e-12
9.845965728412129979e-12
3.229118082458837406e-13
2.177332907443176388e-14
6.778669283552905956e-15
1.744131943924557548e-13
4.595721678521777487e-12
1.803946205430344393e-17
-2.859364430242915611e-18
9.781492987456128862e-18
7.204481259057797676e-12
2.999641123279865261e-18
1.194086551522859644e-13
6.360988845052259418e-18
6.134757241946785834e-09
8.215908628354568098e-11
3.512284505787777038e-16
5.770250569257660392e-12
2.940793650808925508e-13
3.509908828118754797e-17
9.799589132685078266e-18
2.354843769499823096e-17
4.265120573476520529e-16
9.051935348394123596e-14
1.489372472586188309e-16
-1.153989676989344132e-18
1.417351670195720764e-18
2.862906451060102472e-13
1.421751345216478532e-14
1.902839530199056864e-13
8.870438103513018482e-19
2.606699076738508674e-10
2.636936559960757130e-11
6.975741695342268671e-10
4.826957611881239163e-14
4.967443177102427449e-15
1.856522019535387558e-10
4.580896114136368004e-13
3.261694554875185042e-13
1.234941131827378727e-18
1.316215841014045074e-15
3.632046244712726566e-14
1.224507516615416537e-13
-6.360654369194044842e-14
2.775725913894124864e-12
5.224392318511033378e-17
1.883472251797312463e-10
9.271434363860762251e-16
2.082829269316991506e-16
-1.683844748902886122e-19
1.735025114260321017e-11
6.056968760595239613e-12
8.888006110530987820e-18
1.786374738555018727e-11
1.604005729915241023e-15
-7.141812092971165320e-18
1.779134838846838333e-14
2.458370717256189342e-16
7.195734894511943787e-19
3.512689975389752207e-16
3.470310236373730405e-14
1.849807760406221937e-13
4.651760900819436676e-14
5.152654428670382804e-14
5.282688215995552742e-12
9.083068847607479974e-13
2.735128023735109849e-11
8.944076864449818578e-16
6.444359965652889355e-15
3.847864937278593228e-09
-3.536865836887389776e-18
1.895170764013916870e-11
-1.371874688028830249e-18
1.862407228220591089e-10
4.844645109455742415e-15
8.104332453473417928e-18
6.012481322302121804e-09
1.418839812150195390e-16
3.728764684118868612e-14
2.183366864323987925e-14
3.276205398485727549e-12
4.538623041031757315e-15
8.861209179685500352e-14
1.849289624627879903e-15
8.033393206549404036e-13
5.707460561311284105e-11
1.958425600287942835e-11
1.617810300462613691e-14
1.431253234149039713e-15
1.530753263209676679e-11
4.424974514416078622e-15
-3.026463661970467302e-07
1.660765305940936111e-10
1.133797009722890315e-17
-6.752110948673553907e-11
5.082767761859648042e-15
1.511146416400321554e-15
7.392273661948055717e-12
3.048330415529991169e-16
2.802246096065603113e-16
2.296778048921653743e-14
1.418934589791256682e-14
1.670925864378521960e-14
2.707713001662051018e-18
3.998197309177507280e-18
5.531125732718972690e-08
6.014918332381882797e-12
1.380017945037052900e-14
3.692840049275096249e-15
8.796633149229829177e-17
9.286076500867605055e-11
1.046130666777821775e-12
7.374118241771526583e-18
3.878980813553567798e-18
5.946754476536229332e-16
6.161880080713403981e-17
2.569541564962712319e-11
5.745322283538024542e-14
4.343536701235183084e-08
1.544534705379706270e-08
6.649460087969139686e-16
1.729068548638636680e-16
9.486407038536845641e-16
1.746432419076025775e-08
1.247462991067077093e-11
7.376606026478551846e-10
1.011949107735771758e-15
7.669181879321899473e-16
2.406186255955432349e-13
5.890463677707736785e-13
9.098937827368810353e-15
7.737739937493088589e-15
1.811614782499402199e-11
8.765298277930652478e-12
6.549943642013521047e-12
1.805782694611974937e-15
6.715010806167372857e-14
7.660460143856988358e-12
9.541347710025358157e-13
1.726823765481679003e-12
4.392790118807236826e-18
3.162270875338229429e-05
1.159704751704370296e-15
2.316504250465766530e-14
1.309630370162698274e-13
5.590487991495913963e-11
4.738506080837028999e-13
3.035883250876224427e-09
1.880858940155013586e-17
3.351471902641657546e-14
6.728304952105644677e-16
-4.329117073371484143e-18
6.934412131436987502e-14
-2.446784177427663237e-20
5.018659592026074318e-15
2.299983802624670255e-16
2.327223896987990762e-14
-2.369136318479447474e-11
1.408435382159663366e-09
2.563813456177865501e-18
8.902712438533789412e-15
2.657279830023209833e-12
2.523171980102635710e-16
5.679104220656802469e-18
4.846139890568074457e-10
1.169007195884458768e-15
1.519426182971876470e-17
1.982633918411512943e-17
2.219396164465450934e-08
7.372723060926187254e-15
6.815284857571890563e-16
9.433738608578627840e-11
-4.570727915661611144e-11
1.139623088988260057e-15
5.338648428131697455e-11
1.573723292862182223e-16
3.074609760387917049e-16
1.964835770501608316e-17
3.744011786508192007e-12
9.321921267413520287e-08
5.477152943787619577e-12
3.337226292460660886e-12
1.631836141449824267e-09
6.381368611593455345e-17
9.676348978439390053e-14
7.119399708017991050e-18
7.363654146506587873e-14
3.282300352042493062e-16
1.277700855855194245e-14
1.309753617901052518e-15
1.186881074202215534e-14
2.006427617723058406e-10
2.730898827259555050e-13
2.791279312634029040e-15
6.892364839723371929e-17
4.804233886707692936e-14
4.459092725881105338e-10
2.770397765046946158e-10
-1.485269585327189856e-18
1.193891699179180909e-16
1.107943969722712107e-11
6.731251103509500196e-12
7.780237860005920685e-18
2.432676189391883179e-17
3.736942890463484888e-12
2.031133915386020378e-18
1.217718736258672525e-14
1.104017584410938467e-11
1.865358099034824294e-15
8.511445072780090212e-13
5.901451944679027805e-16
2.968557927551163989e-13
1.654406334848353586e-09
9.590808178265977199e-10
3.236212301942396748e-14
1.185262050595457259e-14
1.288516822814504439e-12
2.393085895016573327e-16
2.520569806903133988e-20
-4.255280854866874356e-12
1.919269630699101214e-18
-6.919015176969498981e-18
5.592611088756017778e-12
9.834091410733453527e-14
1.042562396476997199e-18
3.181995642105028498e-14
4.574309210383468557e-15
-3.485439888344039371e-18
4.269986239157870354e-11
1.561018708723164105e-10
7.551243701106534568e-13
7.474718243609852690e-14
2.089041210409078210e-10
3.186994585122778287e-18
5.485779643617307461e-07
3.423301847521482484e-19
1.256009876023099012e-11
1.108008899281200256e-16
6.046587575136998268e-15
2.096961237682351172e-18
6.595558637398248949e-13
6.418753848783900430e-15
6.175774097450907982e-14
8.489858268246633766e-09
4.852951027059823939e-13
1.580797089350659513e-07
4.548280521457673478e-15
1.299605750959434436e-11
5.549785068869793306e-11
1.741463871198250640e-14
1.348411534294172664e-12
1.336290320885786083e-15
4.344926435046920196e-16
1.603045504375655436e-18
1.602098449849911336e-10
-3.169075217964450024e-18
5.049400969106467844e-17
1.594304597383886877e-18
8.078120987002607490e-19
3.773211420849219247e-10
5.416642889979817179e-14
5.868592744352618005e-20
1.005968190865905357e-11
6.688064792575768668e-09
1.538901197151646125e-16
5.318613389737940446e-15
2.783264215842827490e-17
2.345078662043711478e-10
8.484996029538774436e-18
5.277665664650772322e-14
8.912333777177269033e-15
4.282703452910430744e-16
4.760789357813514737e-18
7.253741653442462743e-11
1.990197021326538752e-13
-5.705539679217091047e-19
1.014640025722724670e-17
1.221010998566717387e-10
1.913450809945703179e-12
1.366984222184014277e-14
1.002786337995479665e-13
-4.355881932063360079e-18
6.773124647932365760e-14
1.938512360690079809e-14
1.675538567734778927e-16
7.959427034179410897e-15
1.003695336192841288e-13
1.273709460878334142e-15
1.018291236886090063e-14
3.445073828550031359e-13
1.383748654506575923e-14
8.824637606496892354e-16
1.485939143394597223e-12
6.012128781068231961e-13
4.290661775911458215e-08
4.967287289992218426e-12
1.087658082619569814e-14
4.118145777570650820e-14
1.015235285245123553e-12
1.420689591529134861e-17
1.981370271196712402e-10
1.168803948097666324e-14
4.241609495246446460e-15
6.399069839380597407e-11
5.558065430800902751e-14
-1.782630279749617567e-14
7.650035342953347091e-14
2.087960488886782537e-16
-4.777739929367272240e-15
-2.068021459721650489e-17
1.275855127454884261e-10
6.816593717382299330e-12
5.929019661291624801e-17
9.215815239482345828e-17
6.884541586598182008e-17
-8.729649801260191137e-14
6.197638221797865442e-18
7.601290763412144191e-12
9.774741569858312521e-14
-3.496736116856594010e-19
6.810814432234070570e-15
2.476163770444058875e-16
1.605368042926772800e-09
1.676430583291116654e-15
1.174611985861336139e-11
3.591888423410890820e-11
1.877208308296679352e-16
2.028138122205277819e-15
6.995312933594740062e-13
7.350780665134841957e-13
1.230897215978804949e-08
1.623514059624319476e-15
-1.023961829846546752e-17
1.730305650470626983e-14
2.446984673361836260e-13
1.259274743048033768e-18
6.586597223502153462e-13
4.847847967951202255e-16
3.538714812420208247e-14
-3.125592204594098524e-18
8.660886915802683174e-18
4.594875024430933446e-11
2.374749309651577024e-18
9.707066564924679468e-17
6.147638575824287171e-17
-7.125803246576040346e-20
1.931479801924592156e-13
1.687069232516984529e-15
1.408633679555295435e-11
7.419348832639990827e-16
3.294254295170287929e-17
3.171570264970757097e-14
8.257396969606570761e-10
5.602263995421578218e-13
8.280221231576482955e-16
2.398243774037014154e-17
1.334281349011253407e-18
2.325402591307785945e-13
1.130559386952422874e-13
3.326203368168388864e-12
6.301861994363155817e-13
1.178551263953991326e-11
4.174343269973263035e-12
2.402052517958509917e-13
1.810542078529226875e-15
6.777366438044293115e-13
5.842341925546087620e-16
8.119599051572032844e-18
5.534349834924569980e-13
3.013857213060268907e-12
-1.718919686664426123e-19
1.774403451735986104e-12
7.126197077373365781e-16
6.505413322586142555e-16
7.748244005354195003e-14
6.837410933650832331e-11
1.189342831592024794e-16
3.930687850209205958e-17
3.462799775640374027e-13
4.829248929737361704e-15
1.222339765093455164e-17
6.794700775109076396e-16
8.494027018021144136e-10
5.911845177630859097e-15
7.373051034535604823e-14
6.617288499437412422e-17
1.965039826416723454e-14
6.274081353807670275e-11
1.093171907030201603e-15
3.395318520174859292e-15
5.968560302769499935e-14
4.827362610792386231e-13
1.891594178503066533e-14
5.490491989151042132e-16
1.496815255383389358e-15
8.940392053120295318e-12
1.482193806767295179e-14
2.068080751323704093e-12
2.032276602466165055e-09
4.427531291885446265e-17
5.922611841410265513e-13
3.846691549912233405e-09
1.813534312080387505e-13
6.934299813019319286e-15
1.040836748419324924e-13
2.249866739997786346e-14
2.913327026973736514e-12
7.766431611274677708e-15
3.001076268354608312e-13
3.320082779088105829e-17
6.074464376237866042e-14
1.479222131528438965e-10
3.489089394751923610e-14
2.159280896561460321e-15
5.453924129839118255e-15
1.265934606417854729e-12
1.794716683113530234e-12
2.179295266124688259e-15
1.973238548258302897e-18
3.354153583370520264e-15
1.133971284352508619e-16
4.156428834786952742e-17
-1.907358521940918264e-18
2.479816893445787723e-14
1.765714424096669986e-12
1.651486337221568673e-13
9.565208861056156899e-19
8.205594445924991252e-17
2.062396385203857047e-13
9.627270501477669803e-09
2.267917832951136118e-15
1.293244443801420040e-13
1.157555989160106610e-10
5.180159610205198714e-15
1.285089172560237696e-17
4.462173223292011123e-15
5.957493894620592973e-12
1.136537520774160056e-11
2.953898754406959013e-17
2.727257409469542003e-19
3.633907115652897455e-18
7.495419704427716886e-13
1.007933298499558779e-14
6.404984145899255916e-15
2.627330585551332784e-17
2.263750566764179817e-13
3.432903950954077082e-14
3.335689700683439932e-11
1.205083598984058574e-15
1.368887555875547391e-16
4.185501230709315565e-11
6.227030876627478636e-14
1.338604835538375520e-17
5.804767472136055388e-16
1.632606890338112690e-12
3.926598580351647178e-15
-2.460575062936769201e-19
1.445485076634296753e-17
2.357432520888831369e-10
1.790659858259331881e-09
2.217994844976179938e-13
5.567577461304715592e-17
7.023674097298058562e-16
7.224301083745039579e-05
9.295578251585628752e-16
5.956491757912361008e-12
6.596904589130401779e-13
1.750882745257771407e-11
1.688232443219225468e-12
7.163239316794791702e-14
4.094417118530559029e-13
2.097784948003902098e-15
3.364108238713150209e-15
5.473313973899232735e-12
3.407562093803453588e-13
1.274636208384545901e-17
1.456434015162357622e-13
1.198791877881416229e-10
3.725062549891160233e-15
4.501346637363699858e-12
1.897334515722312100e-12
1.201806858235084328e-15
1.991764053821968358e-14
1.097152211918029739e-11
3.802419438969257992e-19
6.163475255750635501e-17
3.401104848316898040e-10
1.894276505514987554e-16
1.547759295487029803e-14
5.337252692282315361e-05
6.135432379448224000e-18
1.682968814842625812e-10
2.949598106288960075e-18
1.586206597098943006e-17
2.531310886393920469e-17
2.206071842677245641e-15
2.532156920415631893e-10
1.858903911263965538e-06
2.153840628693492294e-12
3.981845008245181053e-17
7.974809879780463098e-15
6.796139467515796669e-15
5.241752147955714364e-07
1.462405894120066266e-12
3.239034535511407056e-16
1.799433469585510015e-11
7.734937237088360897e-13
9.026029620338696409e-10
-3.545856264478836180e-18
6.171794213032245242e-14
7.611244088970834895e-13
2.712137855589667039e-16
1.245453429750772736e-15
5.851692321601332231e-17
2.486535416707266116e-17
8.911469409271974999e-15
8.699339857403648348e-14
1.802723753230005915e-15
4.893325047234035342e-12
8.767250657492275478e-17
1.966635612820599353e-17
4.163314816071725404e-14
-1.156652328053005166e-17
1.318427979478237970e-17
6.009899328860982492e-16
1.871154025012148329e-14
1.867293290550283785e-14
3.111725062405530239e-15
9.957672867435483874e-17
8.139219472913376953e-12
3.409181561880789908e-19
6.821667885481747304e-17
6.643253363259643409e-11
3.326958897034939211e-16
-4.196893844211938392e-14
4.916849477755539272e-17
5.609943967676219291e-12
4.520843321961213660e-18
5.015553733085362680e-18
2.518191844760750742e-12
7.103400645729094817e-13
7.873567686692398709e-13
1.631532799623248934e-12
1.604368023943968015e-16
2.779908810828829234e-14
-1.431851846187997947e-14
3.370660156069945628e-12
1.854816126551575894e-17
7.625975299947415969e-13
2.164475054394793292e-14
8.151377237350924089e-13
4.591398015752408731e-14
9.351028503496584093e-17
7.549703538043358067e-15
3.199323812447989605e-16
3.577689493195395634e-16
8.755820490494215307e-15
-2.915103448725967588e-10
4.685120437985718140e-17
8.197633672440104548e-11
2.138768951708518920e-12
-5.103878229063631270e-10
2.769023729898118118e-15
3.757376395711075019e-13
1.583726900358367433e-17
2.858666101963951539e-15
2.693457909128678923e-13
-7.372562181954462015e-14
-2.272597387844498187e-16
5.470993810781027887e-12
5.227246998871405138e-16
1.655761060522800696e-11
3.679585274146402846e-14
1.021651231973852532e-06
6.566499391148463242e-18
2.528233849964723008e-18
1.430251095997332508e-10
1.500301095383093400e-14
1.884684212057511849e-13
3.825059090800854843e-11
1.847698448508245871e-17
-2.790946902951864543e-15
7.797663917527184802e-16
1.066567313423991876e-11
7.483245231392486021e-13
7.269285411349492787e-15
6.818563018133460834e-10
2.562131129630874888e-12
-6.259516956933871439e-10
6.667517136103823239e-01
4.474747067546940252e-19
3.428396481716658457e-15
4.989522075605581824e-14
8.840441121539592230e-14
9.927132644035445538e-16
4.673512808818847913e-13
2.488307145823026195e-15
1.238234980326182148e-11
3.711187670230751367e-16
1.888912114572050844e-18
3.926201642252855156e-09
1.536467357301389653e-14
1.637088261334865519e-15
4.487494610200857074e-14
3.643166158071647852e-16
7.031883034057319046e-19
6.912775213330719251e-11
2.658472197529785991e-12
3.222417956853508749e-16
1.749980379840377960e-15
3.247081750860463660e-14
-1.170211535469561656e-18
1.224831400392799650e-15
3.343204758902745267e-15
1.566609457820387391e-18
7.659677672975963160e-12
-1.172408262005536932e-11
1.218184720617621236e-15
8.263908026147195248e-08
1.987422792424545650e-17
3.149101997601244414e-08
1.619777478399811017e-12
7.825612725387018388e-15
1.057079279876120672e-17
9.699282620215192603e-16
1.388557978453753667e-09
1.626937993920093505e-18
1.488579749209515390e-16
1.634728152886917030e-10
-2.142791775990478192e-18
5.454098808532897822e-16
1.153811624048373813e-02
-9.073875624781103255e-20
5.874212779224077623e-14
3.785592921309895008e-14
4.520845169412832190e-13
4.682444830516881655e-18
5.091040672776470310e-10
2.009737317956867275e-13
1.114441141766716543e-13
1.262922383566676821e-11
5.704916229887923867e-11
1.979608996435843014e-05
-1.080419501551941839e-15
5.171055412200304657e-14
1.351821519873462690e-13
5.069732612484439293e-15
1.873461806577141617e-08
-4.243476379833260778e-15
3.294030155509549926e-14
5.125115927467938152e-10
1.601191060690852726e-15
6.725895035051501574e-11
3.741926464974640599e-10
1.180393492055392629e-14
-8.030687368054090084e-19
2.707587109323760439e-15
5.314409962970779881e-19
7.933360738079791566e-14
1.025207401544120796e-18
1.596347544136991735e-15
2.776511231354463091e-11
1.312389723579619562e-11
1.075882144742583849e-14
-3.893481007346024665e-18
7.108904931985596135e-16
1.402154079228672091e-15
4.597136700006658291e-12
5.229794535569080706e-17
7.187635470943932822e-16
2.566375750001436174e-17
1.007652570531415014e-18
2.291008054887338516e-15
4.516827363396941708e-15
3.092732758315590632e-15
3.368672812098580961e-17
1.468411265183122365e-14
-9.881956085118343649e-13
1.152005067987743762e-14
2.979242745016354957e-13
4.162500338012362354e-17
1.321114127751285569e-18
1.840816097432522529e-14
7.805326036343005407e-16
1.134524943058281084e-14
5.315704514271919202e-15
8.285623042374368349e-16
3.331150764053482840e-15
6.060773059171801059e-09
2.457227303519424819e-16
1.111345535954101202e-18
1.505696668103532558e-10
5.677305878460091788e-10
6.770510591874164582e-10
1.071242923358133636e-15
3.164605916979078495e-17
1.398480729829103114e-13
1.481502619650407499e-12
8.617568426818054214e-16
3.221592446129658475e-13
1.504703371698650251e-13
1.205310407664262792e-14
2.060193252418481660e-14
6.770888395676640270e-16
4.054711126546803148e-12
1.032237156104327866e-15
1.811047929746901563e-14
9.345323533547835269e-12
8.056779967168821105e-11
3.405698704489477061e-18
-4.251792259117335776e-11
6.901076011765261305e-15
5.820210453025130684e-17
2.200261667948229487e-18
5.429748707541655960e-15
4.283675693890776323e-13
1.848674658738216737e-14
1.686343085298907425e-15
1.234259561231108697e-15
6.378520430078079007e-14
1.588614265010744730e-17
5.085257018169753983e-12
-3.732850131178099932e-19
2.961097688327945040e-12
1.027993670514804380e-11
6.678298252577247222e-15
1.529858897863534122e-09
7.019989247981163187e-09
1.668841717526246836e-12
1.528895695806066450e-06
2.029289274649133713e-18
3.082625870702148165e-14
6.305688841483435358e-12
6.791282847314902056e-14
3.539456661154357774e-14
1.448901820696158582e-13
7.115857997803168160e-17
3.879820886078698073e-11
5.653976744139017898e-16
1.282023887586068137e-07
1.199018235777101187e-16
1.615705060828664524e-13
4.728896749795410039e-12
1.288772691727709260e-15
2.016023369748519538e-12
1.756920177420649475e-14
2.859705864459309937e-16
-1.281017105088178052e-12
1.469022244452792972e-15
3.304505362538926735e-13
3.215261508414690744e-18
1.352112382199071757e-10
4.792927819672008164e-16
1.559873338618759965e-12
3.580359830262127347e-19
-4.275262347857899880e-19
8.770842206386206998e-14
3.413246771607468945e-13
7.403860877652948256e-19
-6.764244878142725589e-18
2.555784870382650889e-13
6.374298566565952521e-14
3.274252744208787847e-12
9.674005097106268562e-14
8.270066695794806256e-14
2.089028733513518559e-18
8.107484744217476211e-13
1.469947036420223654e-15
3.410501385773610976e-10
5.125388523391151193e-14
5.385084777131559220e-15
5.034450595134176053e-16
9.627739792787663027e-15
6.317902253760268366e-16
4.153555938599303439e-16
7.521706190329134659e-16
4.463973487243170804e-17
5.784838077887176795e-10
1.057734566537890798e-17
7.040929517469877512e-13
3.196157706223210749e-15
1.262483461443588160e-11
3.295443320934489121e-12
1.557735861604092532e-12
4.218771589600207348e-13
2.610922245004380654e-13
1.098914700195340385e-13
1.752626191969312008e-16
2.387895773784212761e-13
1.317583836741024594e-17
3.647636886457589944e-16
1.593231796055330320e-17
2.932979650050312560e-17
3.335279105158649268e-17
-4.745604393387255902e-11
-1.090490115622894535e-19
1.378600500432100228e-13
5.407720113269796326e-15
1.272381795640765890e-14
1.448628709752062507e-11
3.247987543247904329e-16
3.148133275198679294e-16
3.114850088041897845e-15
4.465927928023920076e-17
4.787093259345491587e-10
8.811883936122127055e-18
4.961296281407348441e-12
6.363971190110290473e-13
4.429427876581131128e-11
5.731492017584386682e-18
4.140033201311236680e-12
6.833197100889318673e-10
2.490128867790882503e-15
9.934421596092797136e-13
1.350770756502925559e-12
2.551758360034162976e-15
-2.705754168879547510e-18
1.541980649181808500e-17
5.325506618923608810e-16
4.675487884221702391e-10
3.521178036443595184e-11
3.461921245988943768e-16
2.388257480521633458e-09
4.647319247485110041e-17
1.415790450602453541e-14
3.322073453883329652e-16
2.861364631465625230e-13
1.713152637000637054e-16
3.646378349021836342e-15
5.048221980155492822e-16
1.486690766822915286e-14
8.123586989165111645e-18
1.970187412341852010e-14
6.748067438172251571e-15
6.655901117295123176e-13
5.386211254245639882e-10
6.661023701548507173e-16
3.282480800405765636e-11
3.918778906762699933e-10
-1.662994517326471945e-13
8.038470135707107283e-14
1.389323621839607322e-08
4.487758064206500484e-14
-3.175127358344060391e-08
1.184820123865318616e-16
3.041592218911533910e-13
2.439307823925851678e-14
2.887337089417277372e-18
3.521104385802293198e-14
9.086909118371649231e-15
1.688777378623345306e-18
2.069642986769409208e-19
-4.956637500049836003e-19
8.921455595893202118e-18
2.244525680246569715e-15
3.781978449296105979e-15
4.884187039107730814e-18
4.783849466752798618e-12
6.050104020361728327e-17
2.294792554931699499e-13
-1.108822330946145256e-18
1.984548960027262251e-11
5.523339243232679585e-17
1.138956114428044718e-12
1.081460533266238185e-10
1.129797858189843617e-12
1.978354286021909456e-16
2.093616843564322787e-11
6.120559689006965398e-18
7.400411239166906537e-15
3.442587302905527840e-16
1.616132286123489860e-15
1.455365408107636303e-14
1.024057602671285563e-13
5.800279068121923379e-10
1.510373196146640115e-14
3.063649870926502074e-08
1.767886282878128068e-14
2.662222948897939187e-15
1.812055070429628445e-16
1.713178242370865796e-17
9.278650071383254333e-17
2.564127049815791739e-07
9.550862293757621691e-09
1.044939178054930341e-10
4.838397539488317479e-12
3.000833723044277749e-15
3.992557557292570822e-14
1.010140727365370187e-15
4.341416111130715356e-13
7.673947673365710958e-15
4.257680725634492202e-17
4.322079672467982789e-13
