0.02286
-0.38493
-0.28373
0.19074
-0.37387
-0.25137
-0.35328
-0.50289
-0.43413
0.02508
0.09128
-0.32877
-0.26266
-0.26730
-0.50142
-0.78598
-0.26142
-0.25264
-0.36073
0.12386
-0.35724
-0.32568
-0.30168
-0.13864
0.14062
-0.38164
-0.57642
0.06593
-0.00037
-0.37633
-0.22603
0.06614
-0.39193
-0.29199
-0.05578
0.05895
0.05245
-0.50800
0.04203
-0.13560
-0.22612
-0.23428
-0.07376
0.05418
0.12940
-0.36050
-0.35351
-0.25728
0.12693
0.39307
-0.08667
0.01807
0.35995
-0.51319
-0.34894
-0.54661
0.26057
-0.42669
-0.12665
0.12422
-0.51125
-0.37888
-0.14881
-0.23340
-0.17802
-0.52925
-1.26596
-0.44495
0.17153
-0.27930
-0.14987
-1.16569
-0.46226
-0.23685
-0.00922
0.11348
-0.17757
0.45047
0.40705
-0.35386
-0.33801
-0.56712
-0.02169
-0.38990
0.02164
0.22442
-0.16482
-0.36143
-0.05665
0.04121
0.16369
-0.18663
-0.32844
-0.21693
0.02034
-0.44119
0.23095
-0.17197
0.01514
-0.25930
-0.17629
-0.23850
-0.21651
-0.27137
-0.31740
0.04407
0.10364
-0.31299
-0.42599
-0.12574
-0.09637
-0.27422
-0.27519
-0.47503
0.04442
0.16398
0.26944
-0.42983
0.01870
-0.11483
0.01994
-0.58217
-0.28291
0.03041
-0.46184
-0.48491
-0.00636
0.11608
0.24533
0.06333
-0.33610
0.19588
0.05746
0.20185
-0.31195
-0.32409
-0.23252
0.04002
-0.59028
-0.50101
-0.67963
-0.15332
-0.23766
-0.55763
-0.19770
-0.21426
-0.07254
-0.11089
0.00618
-0.20421
-0.44672
-0.18190
0.13699
-0.57605
-0.07604
-0.00851
0.59914
-0.43421
-0.39804
0.19237
-0.26059
-0.32841
0.29185
-0.30890
-0.04719
0.28640
-0.05973
-0.12676
-0.11024
-0.02991
0.08009
-0.30108
-0.41281
-0.39545
-0.13775
-0.27806
-0.46783
0.40415
-0.47123
0.25487
-0.40304
-0.22608
0.35936
-0.78258
0.12622
-0.22524
-0.27305
-0.55862
-0.33249
-0.19733
-0.19124
-0.23651
-0.55883
-0.47954
-0.18453
-0.19253
-0.44450
0.02781
-0.52663
-0.59146
0.06286
-0.64324
-0.18917
-0.18952
-0.29361
-0.18862
-0.23741
-0.18391
-0.09047
-0.24356
0.10273
0.35675
-0.77707
-0.69376
-0.20143
-0.17291
-0.11973
-0.58658
-0.13946
0.00158
0.06033
-0.01038
-0.05743
-0.62087
-0.16410
-0.86737
-0.69275
-0.03541
0.00712
0.00970
-0.53802
-0.56474
-0.65590
-0.01466
-0.20956
-0.21708
-0.10653
-0.28458
-0.33703
-0.36476
-0.26346
-0.43340
-0.03969
-0.26944
-0.32829
-0.29075
-0.43524
0.14622
-1.12582
-0.24482
-0.04194
-0.40206
-0.51388
-0.36877
-0.66790
0.02000
-0.03891
0.01987
0.33236
-0.23625
0.30055
-0.05680
0.09384
-0.19972
-0.61932
-0.61419
0.12979
-0.29770
-0.29899
0.07093
0.10735
-0.37287
-0.09944
0.11839
0.08629
-0.38061
0.09621
-0.07291
-0.46023
-0.60057
0.01035
-0.57155
-0.15182
-0.06215
0.02057
-0.35774
-0.73598
-0.20483
-0.25629
-0.77021
-0.09584
-0.09383
0.26469
-0.02563
-0.13727
-0.15602
-0.22908
-0.19543
-0.61603
-0.25489
-0.17546
0.09555
-0.22185
-0.56321
-0.45473
0.38568
-0.08355
-0.50325
-0.53684
0.10082
0.04851
-0.31767
0.09180
-0.21573
-0.38610
-0.12439
-0.21966
-0.06312
-0.43981
-0.55553
-0.51732
-0.19984
-0.18637
-0.31817
-0.09802
0.30854
-0.45635
0.20404
0.08033
-0.46687
-0.41601
0.08734
-0.26060
-0.14505
0.06174
-0.70206
-0.55156
-0.36772
-0.21722
-0.38303
0.14513
-0.75137
0.10386
-0.66928
-0.18524
-0.17134
0.16552
-0.43821
-0.16331
-0.28698
-0.52235
-0.19580
-0.82758
-0.34988
-0.48925
-0.64178
-0.01792
-0.28014
-0.21437
-0.05946
0.17301
-0.31920
0.11992
-0.01202
0.10762
0.09503
-0.21761
-0.37402
0.05758
-0.47152
-0.69536
0.18731
-0.11446
-0.27211
-0.64300
0.13410
-0.41293
-0.26564
0.03353
0.23363
-0.61886
-0.32801
0.06233
0.27587
-0.58558
-0.30515
-0.24024
-0.31780
0.15512
-0.30035
-0.25256
0.07146
-0.07355
-0.24428
-0.02362
0.03354
-0.26688
-0.10868
0.07485
-0.31079
-0.24346
-0.65507
-0.46883
-0.18916
-0.25413
-0.08680
-0.03324
-0.57918
-0.06284
-0.12699
-0.50327
-0.17976
-0.54316
-0.30370
-0.14908
-0.44444
0.43038
-0.56873
-0.46629
-0.16005
-0.18779
-0.15594
-0.50519
0.20372
-0.24377
-0.34575
0.49598
-0.13441
0.05755
-0.49392
-0.22630
-0.25646
-0.65447
-0.03563
-0.14930
-0.40203
-0.40084
-0.77606
-0.05475
0.38034
-0.29735
-0.22437
0.28993
-0.31130
-0.05469
-0.30386
0.15372
0.03724
-0.48033
0.24449
-0.12719
0.06079
0.03444
-0.25227
-0.19762
-0.43588
-0.09586
0.06529
-0.33196
-0.67629
-0.27831
0.00885
0.11040
0.31292
-0.22654
-0.22349
-0.28489
-0.45276
-0.37571
-0.41528
-0.23356
0.05190
-0.34108
0.00917
0.10569
-0.39809
-0.52161
0.13746
-0.39689
-0.18051
0.13061
-0.43394
-0.27812
-0.10065
-0.06782
-0.54992
-0.19272
0.00533
-0.05039
-0.80199
0.17526
-0.32779
-0.05813
-0.07940
-0.52393
-0.07291
-0.14630
-0.25715
-0.19458
-0.31659
0.18913
-0.09932
-0.47384
-0.13726
-0.43792
-0.65196
0.06850
-0.29077
-0.80723
-0.28903
-0.12584
-0.34023
-0.35738
-0.32541
-0.12563
-0.08309
0.01709
-0.28247
-0.46957
-0.39623
-0.09369
-0.12854
-0.08391
-0.54905
-0.34917
0.24760
-0.28807
0.06126
-0.01221
0.04097
-0.23003
-0.30059
-0.33495
0.15263
-0.23785
-0.27954
-0.66430
-0.23049
-0.18431
-0.42033
-0.22677
0.16604
-0.10949
-0.66330
-0.37140
0.00963
0.36824
0.22572
-0.43693
-0.28343
-0.12003
0.11446
-0.31784
-0.27716
-0.50104
-0.12242
-0.14252
-0.49597
-0.34469
-0.00991
0.02376
-0.35076
-0.13849
0.20709
0.02558
-0.52661
-0.54145
-0.10937
0.17585
-0.24125
-0.96559
-0.07824
-0.44241
-0.37225
-0.36313
-0.50749
-0.19409
-0.27608
-0.21746
-0.19222
-0.36192
-0.36086
0.08505
-0.40006
-0.39045
-0.39023
-0.24852
-0.57146
-0.12926
-0.16698
-0.56976
0.38545
-0.02400
-0.62413
-0.00724
-0.00338
-0.82433
0.06292
-0.49253
0.07762
0.05475
0.11765
-0.04358
-0.42182
-0.69155
-0.42498
-0.01255
-0.12661
-0.07167
-0.72458
-0.56300
0.12077
-0.43506
-0.18600
-0.57785
0.12457
-0.32854
-0.37631
-0.15672
0.02047
0.05799
0.04075
-0.20727
-0.10122
-0.22133
-0.53066
0.16087
0.05472
-0.35458
0.28745
0.07186
-0.14475
-0.07050
-0.18581
-0.22805
-0.03697
-0.29609
0.37614
0.00927
-0.24238
-0.12314
-0.49974
0.08759
-0.46843
0.03458
0.02989
-0.43146
-0.32082
-0.43715
-0.42636
-0.06243
-0.22839
-0.45617
-0.38781
0.03757
-0.43695
-0.40125
-0.34938
-0.23095
0.05001
-0.25125
0.00846
-0.11790
-0.14281
-0.73934
0.00157
-0.79952
-0.26810
-0.65544
-0.10769
-0.35940
0.19774
-0.07643
-0.41723
-0.44123
-0.03290
-0.37062
-0.21233
-0.50448
-0.09883
-0.66810
0.14879
0.08136
-0.66766
-0.17465
-0.33377
-0.46208
-0.03939
-0.28463
-0.09330
-0.47844
-0.33591
-0.16768
-0.53646
-0.41481
-0.78893
-0.82365
0.26906
-0.21473
-0.22600
-0.18227
0.06620
-0.37123
-0.15585
-0.50304
-0.06339
0.39361
-0.57049
-0.23030
-0.08620
-0.07681
0.12562
0.41681
-0.46506
-0.30760
-0.02765
-0.12938
0.00232
0.29902
0.02236
-0.21732
0.20594
-0.48367
-0.58624
-0.01970
-0.51106
-0.20838
-0.71593
-0.53158
-0.32027
-0.07161
-0.02185
-0.62641
0.39083
0.14642
-0.55463
0.24008
-0.00102
-0.95525
0.31404
-0.38194
-0.20894
-0.10654
0.18472
-0.64466
-0.26804
-0.27289
-0.51054
-0.42745
-0.66900
0.03321
-0.28445
-0.29224
-0.29438
-0.61672
-0.15628
-0.34895
-0.43882
-0.09747
-0.58657
-0.55903
-0.12345
0.27846
-0.23955
0.44797
-0.19805
0.09304
-0.03094
-0.36108
-0.22694
-0.08185
0.23769
-0.02624
-0.12573
-0.47613
0.11482
-0.21253
-0.08530
0.55898
-0.20879
-0.17221
-0.07484
0.07338
-0.33450
-0.44430
-0.08483
0.18590
-0.16841
0.22171
-0.29772
-0.06763
-0.35041
0.05765
-0.14319
-0.21284
-0.65861
0.10574
0.06948
-0.62640
-0.57582
-0.54824
-0.19869
-0.02826
-0.20092
-0.27498
-0.01384
-0.20565
-0.29477
-0.07828
-0.23671
-0.07071
-0.39184
-0.20006
-0.22829
-0.60754
-0.41088
0.33506
-0.62514
-0.18995
-0.10218
0.31799
-0.07706
-0.42777
-0.24819
-0.05870
-0.05523
-0.28851
0.15763
-0.34803
0.34268
-0.49161
-0.59516
-0.15319
-0.76766
-0.61210
-0.38562
-0.99186
0.12126
-0.33997
-0.28976
-0.24537
-0.23223
-0.17039
-0.00662
-0.52659
-0.03039
-0.49179
-0.03854
-0.34260
-0.49370
-0.09943
-0.47509
-0.44933
-0.11352
-0.65199
-0.22428
-0.27659
0.39858
-0.49692
-0.00187
-0.30563
0.07339
0.16441
-0.26059
-0.58446
0.13089
0.41657
-0.35392
-0.45844
-0.34633
-0.15781
-0.34248
0.05865
-0.21390
-0.29787
-0.61342
-0.26595
-0.17570
-0.06739
-0.11391
0.21870
-0.01285
-0.13767
0.00475
-0.55118
0.24245
-0.30390
-0.12349
-0.12873
-0.50821
-0.33179
-0.41395
-0.35124
-0.30961
-0.06499
-0.32860
0.14553
-0.18652
-0.04765
0.19953
0.20192
-0.67839
0.36745
-0.27708
-0.20049
-0.23105
-0.45638
-0.02824
-0.13602
-0.17075
-0.04039
-0.55963
-0.00700
-0.41251
-0.56222
-0.52938
0.13986
-0.38379
-0.59436
-0.14125
-0.34389
-0.40386
-0.02380
0.60174
0.02078
0.09059
-0.79258
-0.57478
-0.07907
-0.67451
-0.03273
-0.02198
-0.03069
-0.29350
0.18320
-0.09650
0.03953
0.04670
0.01120
-0.47910
-0.35976
-0.34752
-0.57482
0.06858
-0.41003
-0.67311
-0.53705
-0.31905
-0.71802
-0.36997
-0.83093
0.13048
-0.15523
-0.11717
0.21726
-0.26551
-0.18600
0.12936
0.25336
0.06427
0.08174
-0.28652
-0.19805
0.31162
-0.28020
-0.07578
-0.29404
0.66563
-0.36558
-0.05837
-0.44096
-0.51864
-0.45466
0.04194
-0.39149
-0.04021
-0.30155
0.04276
-0.27711
-0.34235
-0.46956
-0.56402
-0.24398
-0.53125
-0.13247
-0.20243
0.19993
0.17234
0.15941
-0.82452
-0.49074
-0.48742
-0.51021
-0.07074
-0.23564
0.00322
-0.35563
-0.18897
0.16932
-0.35341
