-1.73344e+00
-1.99188e+00
-1.64277e+00
-1.64277e+00
-1.69668e+00
-1.99188e+00
-1.77397e+00
-1.71322e+00
-1.70766e+00
-1.65004e+00
-1.64115e+00
-1.58413e+00
-1.38918e+00
-1.93740e+00
-1.76517e+00
-1.76385e+00
-1.60588e+00
-1.70691e+00
-1.74060e+00
-1.93740e+00
-1.65004e+00
-1.96967e+00
-1.88248e+00
-1.74060e+00
-1.84133e+00
-1.84133e+00
-1.86073e+00
-1.53073e+00
-1.88248e+00
-1.60508e+00
-1.62092e+00
-1.64264e+00
-1.66722e+00
-1.80543e+00
-1.62092e+00
-1.56102e+00
-1.76385e+00
-1.78531e+00
-1.61010e+00
-1.53073e+00
-1.66424e+00
-1.96967e+00
-1.70691e+00
-1.64277e+00
-1.68361e+00
-1.57732e+00
-1.56875e+00
-1.37310e+00
-1.55185e+00
-1.73772e+00
-1.80413e+00
-1.62200e+00
-1.60703e+00
-1.56875e+00
-1.80413e+00
-1.91589e+00
-1.63179e+00
-1.80413e+00
-1.64277e+00
-1.72060e+00
-1.86516e+00
-1.72060e+00
-1.61127e+00
-1.66952e+00
-1.67147e+00
-1.73826e+00
-1.93740e+00
-1.48262e+00
-1.80543e+00
-1.69132e+00
-1.55517e+00
-1.53692e+00
-1.51707e+00
-1.73415e+00
-1.63489e+00
-1.52467e+00
-2.30387e+00
-1.68024e+00
-1.53296e+00
-1.60703e+00
-1.77397e+00
-1.80543e+00
-1.84133e+00
-1.73175e+00
-1.66175e+00
-1.75439e+00
-1.68024e+00
-1.64050e+00
-1.66925e+00
-1.64381e+00
-1.61970e+00
-1.66955e+00
-1.66955e+00
-1.77883e+00
-1.71349e+00
-1.63489e+00
-1.86073e+00
-1.74060e+00
-1.69179e+00
-1.65004e+00
-1.56346e+00
-1.91589e+00
-1.76517e+00
-1.66925e+00
-1.76517e+00
-1.61886e+00
-1.73772e+00
-1.77883e+00
-1.46523e+00
-1.70691e+00
-1.56875e+00
-1.71696e+00
-1.92858e+00
-1.62092e+00
-1.59455e+00
-1.76115e+00
-1.74747e+00
-1.88248e+00
-1.91589e+00
-1.82684e+00
-1.96079e+00
-1.61418e+00
-1.54087e+00
-1.99188e+00
-1.64277e+00
-1.80413e+00
-1.69695e+00
-1.71349e+00
-1.82395e+00
-1.70766e+00
-1.95910e+00
-1.64381e+00
-1.62466e+00
-1.63489e+00
-1.73826e+00
-1.56875e+00
-1.80413e+00
-1.69012e+00
-2.06398e+00
-1.96079e+00
-1.62092e+00
-1.82395e+00
-1.67884e+00
-1.68845e+00
-1.68783e+00
-1.63124e+00
-1.74653e+00
-1.62719e+00
-1.41662e+00
-1.68024e+00
-1.70080e+00
-1.64277e+00
-1.77883e+00
-1.71349e+00
-1.38807e+00
-1.70691e+00
-1.37713e+00
-1.78531e+00
-1.99188e+00
-1.69132e+00
-1.66925e+00
-1.71696e+00
-1.77397e+00
-1.60542e+00
-1.91589e+00
-1.77397e+00
-1.96079e+00
-1.81254e+00
-1.96079e+00
-1.70167e+00
-1.66604e+00
-1.73415e+00
-2.06398e+00
-1.56102e+00
-1.76385e+00
-1.63124e+00
-1.57751e+00
-1.65244e+00
-1.70766e+00
-1.70080e+00
-1.68783e+00
-1.64381e+00
-1.62200e+00
-1.96967e+00
-2.06398e+00
-1.64277e+00
-1.65057e+00
-1.67127e+00
-1.70691e+00
-1.74747e+00
-1.74653e+00
-1.78531e+00
-1.54057e+00
-1.92858e+00
-1.76517e+00
-1.95910e+00
-1.69153e+00
-1.57076e+00
-1.54057e+00
-1.61418e+00
-1.62466e+00
-1.74880e+00
-1.68783e+00
-1.56875e+00
-1.91589e+00
-1.70691e+00
-1.71349e+00
-1.96079e+00
-1.96079e+00
-1.50073e+00
-1.60588e+00
-1.66722e+00
-2.06398e+00
-1.56102e+00
-1.64050e+00
-1.54649e+00
-1.88248e+00
-1.65296e+00
-1.64868e+00
-1.96967e+00
-1.99188e+00
-1.73772e+00
-1.65244e+00
-1.55400e+00
-1.68361e+00
-1.74747e+00
-1.46412e+00
-1.42087e+00
-1.48685e+00
-1.76115e+00
-1.77883e+00
-1.60906e+00
-1.65244e+00
-1.44133e+00
-1.56102e+00
-1.64050e+00
-1.60588e+00
-1.56875e+00
-2.06398e+00
-1.53296e+00
-1.73772e+00
-1.57449e+00
-1.74880e+00
-1.71349e+00
-1.86516e+00
-1.70766e+00
-1.60090e+00
-1.60906e+00
-1.62466e+00
-1.68361e+00
-1.54675e+00
-1.60703e+00
-1.55517e+00
-1.53814e+00
-1.60588e+00
-1.71696e+00
-1.68024e+00
-1.80543e+00
-1.82684e+00
-1.59735e+00
-1.70080e+00
-1.68845e+00
-1.56102e+00
-1.86073e+00
-1.54807e+00
-1.99188e+00
-1.68845e+00
-1.67127e+00
-1.64381e+00
-1.78531e+00
-1.72060e+00
-1.80543e+00
-1.76115e+00
-1.77883e+00
-1.70691e+00
-1.61418e+00
-1.93740e+00
-1.72751e+00
-1.69153e+00
-1.70691e+00
-1.63179e+00
-1.53099e+00
-1.74747e+00
-1.42432e+00
-1.93740e+00
-1.73415e+00
-1.63489e+00
-1.66955e+00
-1.64050e+00
-1.56875e+00
-1.96079e+00
-1.53814e+00
-1.61148e+00
-1.57146e+00
-1.64411e+00
-1.37310e+00
-1.57732e+00
-1.49651e+00
-1.71287e+00
-1.50860e+00
-1.50860e+00
-1.64115e+00
-1.96079e+00
-1.81254e+00
-2.30387e+00
-1.63128e+00
-1.73344e+00
-1.93740e+00
-1.60542e+00
-1.80543e+00
-1.78531e+00
-1.62719e+00
-1.57751e+00
-1.67147e+00
-1.71349e+00
-1.47775e+00
-1.80543e+00
-1.99188e+00
-1.76115e+00
-1.66952e+00
-1.73344e+00
-1.96079e+00
-1.71322e+00
-1.48685e+00
-1.64115e+00
-2.30387e+00
-1.93740e+00
-1.63128e+00
-1.76517e+00
-1.64050e+00
-1.52467e+00
-1.51451e+00
-1.77883e+00
-1.72751e+00
-1.59140e+00
-1.59140e+00
-1.66925e+00
-1.76115e+00
-1.67601e+00
-1.62466e+00
-1.69021e+00
-1.49356e+00
-1.69132e+00
-1.47676e+00
-1.73415e+00
-1.71349e+00
-1.53099e+00
-1.72751e+00
-1.52230e+00
-1.86073e+00
-1.77883e+00
-1.80413e+00
-1.70080e+00
-1.72751e+00
-1.73344e+00
-1.60588e+00
-1.54091e+00
-1.80413e+00
-1.62719e+00
-1.73175e+00
-2.06398e+00
-1.74880e+00
-1.78531e+00
-1.50165e+00
-1.88248e+00
-1.74060e+00
-1.88248e+00
-1.76385e+00
-1.92858e+00
-1.66925e+00
-2.06398e+00
-1.96967e+00
-1.62281e+00
-1.74060e+00
-1.57146e+00
-2.06398e+00
-1.66604e+00
-1.71349e+00
-1.77883e+00
-1.63124e+00
-1.82684e+00
-1.49651e+00
-1.65809e+00
-1.93740e+00
-1.53510e+00
-1.31214e+00
-1.61010e+00
-1.69132e+00
-1.50084e+00
-1.96967e+00
-1.65697e+00
-1.54091e+00
-1.69153e+00
-1.66175e+00
-1.80543e+00
-1.37269e+00
-1.54577e+00
-1.49356e+00
-1.66925e+00
-1.72060e+00
-1.68024e+00
-1.96967e+00
-1.74060e+00
-1.68453e+00
-1.71696e+00
-1.70454e+00
-1.53378e+00
-1.27885e+00
-1.62281e+00
-1.80413e+00
-1.74060e+00
-1.69021e+00
-1.96967e+00
-1.66604e+00
-1.71349e+00
-1.76115e+00
-1.51326e+00
-1.61970e+00
-1.77883e+00
-1.80543e+00
-1.61127e+00
-1.67147e+00
-1.82012e+00
-1.95910e+00
-1.64050e+00
-1.69132e+00
-1.93740e+00
-2.06398e+00
-1.86073e+00
-1.82012e+00
-1.74747e+00
-1.71696e+00
-1.76115e+00
-1.93740e+00
-1.67147e+00
-1.71696e+00
-1.77397e+00
-1.60219e+00
-1.68361e+00
-1.52738e+00
-1.77397e+00
-1.70691e+00
-1.63489e+00
-1.72751e+00
-1.71349e+00
-1.86073e+00
-1.72751e+00
-1.82684e+00
-1.43304e+00
-1.76517e+00
-1.82684e+00
-1.81254e+00
-1.60219e+00
-1.60588e+00
-1.93740e+00
-1.54150e+00
-1.71696e+00
-1.69132e+00
-1.63128e+00
-1.95910e+00
-1.76517e+00
-1.82012e+00
-1.86073e+00
-1.64115e+00
-1.53785e+00
-1.71696e+00
-1.74653e+00
-1.73344e+00
-1.78531e+00
-1.67147e+00
-1.77883e+00
-1.66604e+00
-1.80543e+00
-1.69668e+00
-1.73344e+00
-1.86073e+00
-1.44133e+00
-1.70691e+00
-1.65244e+00
-1.58016e+00
-1.37310e+00
-1.56102e+00
-1.82684e+00
-1.77883e+00
-1.55517e+00
-1.82684e+00
-1.63124e+00
-1.82395e+00
-1.77883e+00
-1.64050e+00
-1.74060e+00
-1.56346e+00
-1.54057e+00
-1.62466e+00
-1.73630e+00
-1.92858e+00
-1.61351e+00
-1.66925e+00
-2.06398e+00
-1.65244e+00
-1.78531e+00
-1.96079e+00
-1.75439e+00
-1.49356e+00
-1.76115e+00
-1.93740e+00
-1.77397e+00
-1.74060e+00
-1.80413e+00
-1.70691e+00
-1.80543e+00
-2.06398e+00
-1.82395e+00
-1.63128e+00
-1.88248e+00
-1.73175e+00
-1.96079e+00
-1.65244e+00
-1.69509e+00
-1.68024e+00
-1.67127e+00
-1.73630e+00
-1.64115e+00
-1.67884e+00
-1.86073e+00
-1.78531e+00
-1.55184e+00
-2.06398e+00
-1.92858e+00
-1.61970e+00
-1.69132e+00
-1.53296e+00
-1.63179e+00
-1.63124e+00
-1.71349e+00
-1.70691e+00
-1.61148e+00
-1.86073e+00
-1.57146e+00
-1.62772e+00
-1.76115e+00
-1.77883e+00
-1.80413e+00
-1.62466e+00
-1.81254e+00
-1.63124e+00
-1.61127e+00
-1.64115e+00
-1.74653e+00
-1.80543e+00
-1.78531e+00
-1.73415e+00
-1.60703e+00
-1.71322e+00
-1.55185e+00
-1.49356e+00
-1.62092e+00
-1.37269e+00
-1.55742e+00
-1.84133e+00
-1.78531e+00
-1.65004e+00
-1.84133e+00
-1.54576e+00
-1.37713e+00
-1.62092e+00
-1.65244e+00
-1.80413e+00
-1.96079e+00
-1.65244e+00
-1.72060e+00
-1.73175e+00
-1.69132e+00
-1.64050e+00
-1.56102e+00
-1.50634e+00
-1.49356e+00
-1.74880e+00
-1.61970e+00
-1.74880e+00
-1.76385e+00
-1.61510e+00
-1.77397e+00
-1.75985e+00
-1.55333e+00
-1.57076e+00
-1.53510e+00
-1.75985e+00
-1.70167e+00
-1.67147e+00
-1.77883e+00
-2.30387e+00
-1.60443e+00
-1.69668e+00
-1.54398e+00
-1.95910e+00
-1.92858e+00
-1.74880e+00
-1.45509e+00
-1.82395e+00
-1.96079e+00
-1.73415e+00
-1.96967e+00
-1.65373e+00
-1.59140e+00
-1.64945e+00
-1.96079e+00
-1.72060e+00
-1.69153e+00
-1.63489e+00
-2.30387e+00
-1.76115e+00
-1.86073e+00
-1.64264e+00
-1.66925e+00
-1.93740e+00
-2.30387e+00
-1.95910e+00
-1.55517e+00
-1.74060e+00
-1.78531e+00
-2.06398e+00
-1.68024e+00
-1.93740e+00
-1.84133e+00
-1.60588e+00
-1.66604e+00
-1.57052e+00
-1.54675e+00
-1.71349e+00
-1.47775e+00
-1.46412e+00
-1.80413e+00
-1.62281e+00
-1.62092e+00
-1.61418e+00
-1.54091e+00
-1.62092e+00
-1.55517e+00
-1.69179e+00
-1.71349e+00
-2.30387e+00
-1.55517e+00
-1.61656e+00
-1.65697e+00
-1.74880e+00
-1.73630e+00
-1.80413e+00
-1.74653e+00
-1.67147e+00
-1.39577e+00
-1.56346e+00
-1.69668e+00
-2.06398e+00
-1.62092e+00
-1.65057e+00
-1.95910e+00
-1.68361e+00
-1.93740e+00
-1.99188e+00
-1.73175e+00
-1.73630e+00
-1.61886e+00
-1.82395e+00
-1.49411e+00
-1.81254e+00
-1.57751e+00
-1.61656e+00
-1.73630e+00
-1.99188e+00
-1.69179e+00
-1.60906e+00
-1.86073e+00
-1.72751e+00
-1.73344e+00
-1.43635e+00
-1.68877e+00
-1.51707e+00
-1.62092e+00
-1.96079e+00
-1.51387e+00
-1.71349e+00
-1.65004e+00
-1.69012e+00
-1.75985e+00
-1.78531e+00
-1.68024e+00
-1.74880e+00
-1.69695e+00
-1.46412e+00
-1.91589e+00
-1.58003e+00
-1.68361e+00
-1.62092e+00
-1.63124e+00
-1.74653e+00
-1.99188e+00
-1.62010e+00
-1.70766e+00
-1.84133e+00
-1.76115e+00
-1.69668e+00
-1.77883e+00
-2.06398e+00
-1.68845e+00
-1.77883e+00
-1.76115e+00
-1.69021e+00
-1.96079e+00
-1.77883e+00
-2.06398e+00
-1.70691e+00
-1.71349e+00
-1.57751e+00
-1.96967e+00
-1.71349e+00
-1.80413e+00
-1.64115e+00
-2.30387e+00
-1.80543e+00
-1.77883e+00
-1.77397e+00
-1.54398e+00
-2.30387e+00
-1.91589e+00
-1.67147e+00
-1.48657e+00
-1.74060e+00
-1.73415e+00
-1.55274e+00
-1.82395e+00
-1.69668e+00
-1.56637e+00
-1.99188e+00
-1.77883e+00
-1.66722e+00
-1.78531e+00
-1.96079e+00
-1.55400e+00
-1.88248e+00
-1.64381e+00
-1.50860e+00
-1.77883e+00
-2.06398e+00
-1.62235e+00
-1.67330e+00
-1.60219e+00
-1.62284e+00
-1.62466e+00
-1.73415e+00
-1.73415e+00
-1.76115e+00
-1.96967e+00
-1.66955e+00
-1.64945e+00
-2.30387e+00
-1.62281e+00
-1.80413e+00
-1.53073e+00
-1.84133e+00
-1.62772e+00
-1.70080e+00
-1.43631e+00
-1.57751e+00
-1.64050e+00
-1.71287e+00
-1.54091e+00
-1.53296e+00
-1.65708e+00
-1.71287e+00
-1.67147e+00
-1.65697e+00
-1.67884e+00
-1.62235e+00
-1.70167e+00
-1.77397e+00
-1.62281e+00
-1.60703e+00
-1.78531e+00
-1.74653e+00
-1.55185e+00
-1.67147e+00
-1.82684e+00
-1.84133e+00
-1.73175e+00
-1.60588e+00
-1.76115e+00
-1.76115e+00
-1.82012e+00
-1.70167e+00
-1.86073e+00
-1.77397e+00
-1.64050e+00
-1.66722e+00
-1.64115e+00
-1.68361e+00
-1.62284e+00
-1.51451e+00
-2.30387e+00
-1.69012e+00
-1.56875e+00
-1.72751e+00
-1.71696e+00
-1.69021e+00
-1.69153e+00
-1.63489e+00
-1.81254e+00
-1.84133e+00
-1.71287e+00
-1.91589e+00
-1.60588e+00
-1.68024e+00
-1.71322e+00
-1.69021e+00
-1.70080e+00
-1.25564e+00
-1.65004e+00
-1.60588e+00
-1.96079e+00
-1.82684e+00
-1.93740e+00
-1.72751e+00
-1.65004e+00
-1.69132e+00
-1.65697e+00
-1.73175e+00
-1.74653e+00
-1.86073e+00
-1.54807e+00
-1.82395e+00
-1.80543e+00
-1.96967e+00
-1.74060e+00
-1.82012e+00
-1.64381e+00
-1.64050e+00
-2.30387e+00
-1.69021e+00
-1.93740e+00
-1.89787e+00
-1.56875e+00
-2.06398e+00
-1.71349e+00
-1.73344e+00
-1.80413e+00
-1.80413e+00
-1.70167e+00
-1.37492e+00
-1.71696e+00
-1.69012e+00
-1.91589e+00
-1.71696e+00
-1.61886e+00
-1.76115e+00
-1.73772e+00
-1.61148e+00
-1.53073e+00
-1.66925e+00
-1.71696e+00
-1.91589e+00
-1.66955e+00
-1.93740e+00
-1.59140e+00
-1.73415e+00
-1.63489e+00
-1.63179e+00
-1.96079e+00
-1.96079e+00
-1.65057e+00
-1.95910e+00
-1.53510e+00
-1.71349e+00
-1.44422e+00
-1.70454e+00
-1.55378e+00
-1.61418e+00
-1.80543e+00
-1.62092e+00
-1.69012e+00
-1.82012e+00
-1.70691e+00
-1.69179e+00
-1.36843e+00
-1.82684e+00
