7.37058e+02
7.37935e+02
7.04279e+02
7.09387e+02
7.38406e+02
7.37936e+02
1.89369e+02
7.38770e+02
1.88365e+02
7.37932e+02
7.30799e+02
7.29276e+02
7.37953e+02
9.10133e+02
7.44673e+02
7.21019e+02
7.36515e+02
7.35541e+02
7.30326e+02
8.88072e+02
7.37935e+02
7.37934e+02
1.35545e+03
7.34062e+02
7.37866e+02
7.37753e+02
7.45606e+02
7.37801e+02
1.35300e+03
7.35006e+02
6.13570e+02
7.37997e+02
7.36119e+02
7.71338e+02
7.37855e+02
7.37732e+02
7.45480e+02
7.46421e+02
7.37736e+02
7.37138e+02
7.24892e+02
7.32267e+02
3.51379e-02
7.37842e+02
7.38197e+02
7.38295e+02
7.30188e+02
7.37900e+02
7.38299e+02
7.38282e+02
7.25447e+02
2.80298e-01
7.40055e+02
7.09509e+02
7.34119e+02
3.21720e+03
6.04918e+02
7.35530e+02
7.26817e+02
7.37510e+02
3.14804e+02
7.35236e+02
9.82229e-02
7.27278e+02
7.18982e+02
7.37936e+02
8.24417e+02
7.37710e+02
7.75514e+02
7.04609e+02
7.37590e+02
7.07700e+02
7.37931e+02
7.36226e+02
7.36854e+02
7.37741e+02
1.99986e+07
7.37937e+02
7.36316e+02
7.38101e+02
5.87043e+02
7.76612e+02
7.37537e+02
7.37834e+02
7.36126e+02
7.37225e+02
7.37950e+02
7.35324e+02
7.29813e+02
7.29356e+02
6.85303e+02
7.38242e+02
7.38207e+02
7.37263e+02
7.26595e+02
7.19309e+02
7.43116e+02
7.37272e+02
7.33288e+02
7.37932e+02
7.19454e+02
2.98977e+03
7.44668e+02
7.30446e+02
7.44666e+02
4.16804e-03
7.20964e+02
7.38164e+02
7.38603e+02
7.37724e+02
7.36379e+02
7.37430e+02
7.37935e+02
7.35974e+02
7.38417e+02
7.26303e+02
7.37936e+02
1.35810e+03
3.27094e+03
8.11428e+02
1.35624e+04
7.16445e+02
7.37697e+02
7.37818e+02
7.10790e+02
6.85427e+02
7.39181e+02
7.39011e+02
5.96806e+02
7.29480e+02
1.14029e+04
7.39070e+02
6.41590e+02
7.29396e+02
7.37935e+02
7.14930e+02
7.39244e+02
7.22060e+02
4.55511e-08
1.35076e+04
7.37372e+02
7.34995e+02
7.38954e+02
2.53888e-01
7.38027e+02
7.34654e+02
4.89698e+02
7.37662e+02
7.38276e+02
7.37927e+02
7.37607e+02
7.19064e+02
7.36863e+02
7.39083e+02
7.37931e+02
7.36675e+02
7.37918e+02
7.37011e+02
7.37350e+02
7.38048e+02
7.38023e+02
7.33787e+02
4.19554e+02
7.37803e+02
7.38126e+02
1.87828e+02
1.35625e+04
6.78160e+02
1.35661e+04
7.38547e+02
7.24217e+02
7.39889e+02
6.48552e+05
7.37962e+02
7.42086e+02
7.17390e+02
7.37883e+02
7.37035e+02
7.38731e+02
7.38242e+02
7.37913e+02
7.38024e+02
7.39889e+02
7.37935e+02
4.67955e+05
7.37818e+02
7.37916e+02
7.16998e+02
6.68125e+02
7.33097e+02
7.34881e+02
6.95114e+02
7.37984e+02
7.14862e+02
7.44786e+02
1.26463e+04
7.36646e+02
7.37974e+02
7.37562e+02
7.28080e+02
7.26784e+02
7.40321e+02
7.38309e+02
7.22860e+02
2.98651e+03
7.37561e+02
7.39115e+02
1.35617e+04
1.35724e+04
7.32751e+02
7.35513e+02
1.28979e-02
7.11662e+05
7.37224e+02
7.36853e+02
7.37589e+02
1.35815e+03
7.37151e+02
7.37772e+02
7.37911e+02
7.37937e+02
7.40816e+02
7.37274e+02
7.36906e+02
8.36887e+01
7.37419e+02
7.37846e+02
7.37397e+02
7.37248e+02
7.38337e+02
7.38044e+02
7.32421e+02
7.37100e+02
7.37927e+02
6.99072e+02
7.36830e+02
7.36104e+02
7.16424e+02
5.95738e+05
5.96051e+02
7.22173e+02
7.37994e+02
7.41590e+02
7.39093e+02
1.05488e+03
7.37182e+02
7.37232e+02
6.53180e+02
6.81088e+02
7.38038e+02
7.37677e+02
7.39938e+02
7.37936e+02
7.37915e+02
7.16662e+02
7.31161e+02
7.37877e+02
7.75429e+02
8.11966e+02
7.37935e+02
7.28910e+02
7.38407e+02
7.39128e+02
6.10203e+02
6.69288e+02
7.37935e+02
7.38054e+02
7.22359e+02
7.27758e+02
6.26040e+02
7.37771e+02
7.70940e+02
7.43113e+02
7.36593e+02
7.36888e+02
7.37699e+02
8.21775e+02
7.39520e+02
7.36992e+02
7.34181e+02
6.12206e+02
7.36772e+02
7.34911e+02
7.37649e+02
9.08717e+02
7.39977e+02
7.33201e+02
7.38018e+02
7.35625e+02
6.46017e+02
1.34816e+04
7.37606e+02
7.27859e+02
7.31675e+02
7.37932e+02
7.37473e+02
7.37690e+02
7.34781e+02
7.36371e+02
7.40264e+02
7.32711e+02
7.37789e+02
1.35343e+04
7.32839e+02
8.20535e+04
7.37086e+02
7.37818e+02
1.06126e+03
7.37337e+02
9.25861e-02
7.18204e+02
7.35175e+02
7.37934e+02
7.37923e+02
7.38912e+02
7.37927e+02
7.65419e+02
7.37938e+02
7.35856e+02
6.76768e+02
1.59465e+02
1.35654e+04
7.39171e+02
7.31879e+02
7.30724e+02
7.40534e+09
9.09767e+02
7.35263e+02
7.44790e+02
7.35204e+02
2.11138e+00
7.37766e+02
7.37192e+02
7.39486e+02
6.88932e+02
7.29550e+02
7.38158e+02
7.42853e+02
7.29987e+02
7.02004e+02
7.37475e+02
7.37933e+02
7.38017e+02
7.38211e+02
7.41732e+02
7.39084e+02
7.36847e+02
7.39177e+02
7.31534e+02
7.46789e+02
7.22396e+02
7.42448e+02
7.38354e+02
7.39496e+02
7.37252e+02
7.25598e+02
7.35472e+02
6.15625e+02
7.03171e+02
7.20072e+02
7.05871e+05
7.41677e+02
7.28179e+02
7.38016e+02
1.35860e+03
7.38002e+02
1.35872e+03
1.79812e+02
7.23656e+02
7.38839e+02
6.22560e+05
7.37948e+02
7.37927e+02
7.19505e+02
7.30968e+02
6.21591e+05
7.32336e+02
5.38501e-02
7.22121e+02
7.11044e+02
8.11933e+02
7.33259e+02
7.37532e+02
9.26789e+02
7.37832e+02
7.37832e+02
7.36788e+02
7.37937e+02
7.11409e+02
7.33851e+02
7.06201e+02
7.30970e+02
7.37413e+02
7.37912e+02
7.69678e+02
7.37921e+02
7.30473e+02
7.32626e+02
7.33587e+02
7.24860e+02
7.37941e+02
7.37926e+02
7.00867e+02
7.38476e+02
6.37033e+02
7.37935e+02
7.36405e+02
7.37934e+02
7.37331e+02
6.87543e+02
7.17237e+02
7.36945e+02
7.32312e+02
7.37713e+02
1.95082e+02
7.35230e+02
7.37928e+02
1.98716e+02
7.37045e+02
7.71584e+02
7.31974e+02
7.37934e+02
7.88476e+02
1.17010e+04
7.37852e+02
5.18779e+02
9.03855e+02
7.05847e+05
7.46759e+02
7.77844e+02
7.34218e+02
6.57642e+02
7.43331e+02
9.10377e+02
7.36608e+02
7.31138e+02
7.25173e+02
7.33563e+02
7.37449e+02
6.62919e+02
5.11121e+02
7.37856e+02
7.32969e+02
7.24513e+02
7.38230e+02
7.42968e+02
7.39871e+02
8.13836e+02
7.11202e+02
7.44799e+02
8.11077e+02
7.39237e+02
7.35918e+02
7.37798e+02
8.57573e+02
7.34626e+02
7.27227e+02
7.38319e+02
7.37912e+02
1.25571e+04
7.44801e+02
6.58423e+02
7.46587e+02
7.37935e+02
7.27870e+02
7.37817e+02
5.18975e+02
7.36725e+02
6.39598e+02
7.37925e+02
7.37635e+02
7.21979e+02
7.76974e+02
7.14220e+02
7.37426e+02
7.46676e+02
7.37841e+02
7.35533e+02
7.33531e+02
7.39893e+02
7.37501e+02
6.48059e+02
8.11953e+02
7.35399e+02
7.37898e+02
8.10377e+02
7.22519e+02
6.78957e+02
7.22782e+02
7.36288e+02
7.29074e+02
6.90148e+02
7.38018e+02
7.32530e+02
7.40198e+02
7.37935e+02
7.37348e+02
7.37740e+02
5.15083e+05
7.37918e+02
7.16729e+02
1.35605e+04
7.37987e+02
7.37324e+02
7.37232e+02
7.99159e+02
6.49886e+02
7.32500e+02
6.63368e+02
7.34135e+02
7.71632e+02
6.84870e+05
7.26267e+02
7.37767e+02
1.35600e+03
7.19882e+02
1.00977e+04
7.37969e+02
7.37910e+02
7.37924e+02
7.37917e+02
7.39912e+02
6.85560e+02
7.37811e+02
7.44501e+02
7.36586e+02
7.37617e+02
6.10154e+05
7.37935e+02
6.49179e+02
7.38312e+02
7.33962e+02
3.55315e-01
7.10132e+02
7.38858e+02
7.39794e+02
7.36312e+02
7.45767e+02
7.38926e+02
7.37914e+02
7.40146e+02
7.35101e+02
7.40417e+02
6.38498e+02
7.37306e+02
7.00186e+02
7.20697e+02
7.37926e+02
5.75523e+02
7.76613e+02
7.26162e+02
7.38686e+02
7.37960e+02
7.38834e+02
7.37339e+02
7.37931e+02
7.35852e+02
7.37934e+02
7.38593e+02
7.35437e+02
6.33944e+02
7.37909e+02
7.37956e+02
7.37932e+02
7.37439e+02
7.37915e+02
7.37336e+02
7.01665e+02
1.34809e+04
7.34472e+02
7.32069e+02
7.32216e+02
7.37927e+02
7.35897e+02
7.37798e+02
7.37940e+02
7.37907e+02
7.41483e+02
3.38286e+02
7.41062e+02
7.44757e+02
7.25549e+02
5.14282e+02
7.36312e+02
7.36753e+02
7.37970e+02
2.00814e+00
7.30932e+02
7.38553e+02
7.37590e+02
7.38205e+02
1.55069e-03
7.37936e+02
7.34338e+02
7.37900e+02
8.75691e+03
7.37403e+02
7.41663e+02
7.37762e+02
7.40052e+02
1.35625e+04
7.26854e+02
7.37936e+02
7.37894e+02
6.97781e+02
7.36025e+02
1.35664e+04
7.35909e+02
7.34656e+02
7.32130e+02
-5.98538e-09
7.42931e+02
7.44066e+02
7.37734e+02
7.30103e+02
9.08126e+02
-1.17447e-08
1.13667e+04
7.36827e+02
6.87474e+02
7.43548e+02
6.93067e+05
7.33056e+02
9.10315e+02
7.33676e+02
1.35645e+02
7.37922e+02
7.37410e+02
7.14943e+02
7.40020e+02
7.37931e+02
7.37935e+02
7.28527e+02
7.36616e+02
6.06533e+02
7.39072e+02
7.36824e+02
6.13377e+02
6.66625e+02
7.38769e+02
7.39985e+02
-7.87464e-05
7.37872e+02
7.38032e+02
6.91612e+02
7.41606e+02
7.40294e+02
7.36695e+02
7.37383e+02
7.37900e+02
7.37585e+02
7.35530e+02
7.11232e+02
5.25337e+05
7.37739e+02
7.36847e+02
1.13258e+04
7.38214e+02
9.09455e+02
7.37935e+02
7.31300e+02
7.40196e+02
7.36225e+02
7.40188e+02
7.37936e+02
6.56089e+02
7.36105e+02
7.37574e+02
7.40249e+02
7.37932e+02
7.35191e+02
7.07623e+02
7.45311e+02
7.39496e+02
7.36565e+02
7.37925e+02
7.31135e+02
7.27802e+02
7.13473e+02
1.35625e+04
7.37499e+02
6.61887e-02
7.37935e+02
3.48844e+02
1.80273e+02
7.30425e+02
7.37768e+02
7.41052e+02
7.38614e+02
7.37926e+02
3.22139e+03
7.26315e+02
7.38218e+02
7.36859e+02
7.35810e+02
6.40959e+02
7.24047e+02
7.37274e+02
1.83407e+02
7.32760e+02
7.43323e+02
4.61137e+02
7.36847e+02
6.98675e+05
7.39353e+02
7.37045e+02
7.42602e+02
7.35516e+02
1.35624e+04
7.37853e+02
6.84591e+05
7.37973e+02
7.39468e+02
7.34401e+02
7.34145e+02
7.37372e+02
6.67737e+02
7.37741e+02
4.48822e-09
7.73050e+02
7.22031e+02
1.95924e+02
7.37928e+02
-1.08017e-08
3.11986e+03
4.22642e+02
7.37703e+02
7.17846e+02
7.39390e+02
7.37925e+02
7.37294e+02
7.14841e+02
7.37595e+02
7.36226e+02
7.33853e+02
7.32259e+02
7.40785e+02
4.44775e+01
7.38003e+02
1.35810e+03
7.37993e+02
7.35381e+02
7.38190e+02
7.16773e+05
7.37601e+02
6.04444e+02
7.33786e+02
7.37956e+02
4.60563e+02
7.39953e+02
7.39783e+02
7.42764e+02
7.37961e+02
7.37945e+02
7.38065e+02
-6.93913e-09
7.38333e+02
6.60520e+02
7.37932e+02
7.37937e+02
7.33445e+02
7.37802e+02
7.37941e+02
7.35936e+02
7.36745e+02
7.37935e+02
7.37540e+02
7.24729e+02
7.28841e+02
7.37931e+02
7.37957e+02
6.26604e+02
7.32035e+02
7.37256e+02
7.38005e+02
7.31271e+02
7.37615e+02
7.38082e+02
5.74606e+02
5.12622e+02
7.37072e+02
2.30382e-02
8.15612e+02
7.37875e+02
7.23469e+02
7.36581e+02
7.42661e+02
7.38438e+02
7.87896e+02
7.38746e+02
7.32835e+02
6.72339e+02
7.37585e+02
7.25498e+02
7.37934e+02
7.38190e+02
7.22491e+02
7.37777e+02
-1.44307e-04
7.37472e+02
6.57204e+02
7.39682e+02
7.32582e+02
7.37647e+02
7.36828e+02
7.37905e+02
6.54261e+02
7.37810e+02
7.27625e+02
7.48928e+02
7.20525e+02
7.37936e+02
7.38703e+02
7.37545e+02
7.38178e+02
7.37930e+02
7.03130e+02
7.22382e+02
1.35472e+04
8.11024e+02
3.38676e+02
7.39501e+02
7.37935e+02
7.35692e+02
7.35585e+02
7.37926e+02
7.34648e+02
7.27680e+02
6.65174e+02
7.40098e+02
7.71614e+02
7.37878e+02
7.37521e+02
7.88310e+02
7.37871e+02
7.35300e+02
-2.13775e-08
7.22704e+02
8.22206e+02
4.73141e-08
7.19004e+02
6.69000e+05
7.38735e+02
7.37964e+02
7.31437e+02
7.38308e+02
7.38504e+02
7.37935e+02
7.37321e+02
6.82730e+02
2.22893e+03
7.37496e+02
6.65266e+02
7.43293e+02
7.40649e+02
7.36063e+02
7.37640e+02
7.28380e+02
7.36342e+02
3.01024e+03
7.39392e+02
9.08683e+02
7.37185e+02
7.42116e+02
7.33017e+02
7.22071e+02
1.35622e+04
1.35574e+04
7.35476e+02
1.14327e+04
7.37905e+02
6.95746e+02
7.37940e+02
7.37935e+02
6.47349e+00
7.38546e+02
7.69256e+02
7.37682e+02
7.35716e+02
7.56808e+02
7.36593e+02
7.37285e+02
7.37933e+02
7.37896e+02
