-0.88797
-0.90178
-0.88082
-0.77950
-0.85137
-0.77245
-0.84746
-0.85118
-0.83802
-0.88680
-0.82858
-0.85738
-0.92854
-0.84291
-0.80972
-0.86783
-0.90472
-0.92639
-0.66794
-1.00975
-0.84089
-0.70765
-0.90367
-0.85084
-0.99002
-0.91080
-1.07602
-0.80608
-0.80283
-0.87975
-1.00306
-1.02233
-0.86518
-0.90812
-1.00120
-0.94121
-0.80288
-0.96236
-1.02851
-0.83757
-0.88896
-0.92762
-0.78036
-0.69125
-0.78220
-0.71385
-0.73391
-0.86567
-0.76261
-0.96488
-0.70190
-1.01572
-0.99069
-0.75792
-0.94960
-0.90969
-0.85999
-0.90477
-0.79945
-0.90027
-0.93711
-0.87678
-0.87286
-0.93213
-0.93176
-0.74899
-0.92715
-1.00837
-0.89772
-0.88448
-0.81947
-0.80748
-0.79386
-0.69060
-0.87138
-0.80939
-0.94495
-0.95498
-0.70480
-0.96910
-0.93629
-0.74836
-0.84479
-0.83441
-0.85266
-0.76755
-0.71155
-0.92704
-0.93427
-0.82978
-0.88280
-0.95760
-0.69443
-0.86822
-0.85607
-0.90188
-0.90683
-0.82659
-0.79137
-0.81915
-0.84294
-0.86105
-0.88403
-0.90363
-0.76157
-0.87415
-0.83886
-0.83206
-0.89095
-1.01258
-0.91610
-0.86200
-0.76656
-0.94229
-0.77497
-0.94354
-1.04951
-0.88431
-0.71856
-1.03792
-0.93619
-0.81438
-0.94824
-0.85294
-0.91152
-0.90981
-0.82261
-0.82020
-0.82826
-0.78289
-0.89904
-0.78186
-0.83128
-0.78951
-1.01144
-0.77802
-0.82858
-0.77120
-0.87629
-0.76063
-0.84488
-0.59107
-0.92626
-0.86974
-0.85497
-0.85483
-0.88251
-0.75506
-0.94434
-0.76796
-0.93189
-0.87579
-0.94552
-0.70638
-0.65898
-0.95183
-0.78135
-0.78058
-0.91252
-0.77869
-0.86595
-0.85545
-1.03862
-0.75277
-0.89079
-0.81291
-0.90217
-0.78521
-0.83458
-0.91301
-0.84539
-0.75649
-0.92083
-0.87111
-0.80338
-0.88856
-0.80359
-0.78693
-0.76985
-0.84655
-0.89863
-0.76164
-0.88613
-0.91814
-0.89104
-0.98541
-0.77731
-0.87102
-0.75815
-0.78421
-0.92254
-0.65169
-0.86379
-0.83769
-0.77555
-0.95050
-0.87290
-0.85478
-0.89901
-0.84101
-0.80023
-0.93344
-0.81589
-0.81857
-0.88666
-0.97049
-0.79024
-0.95752
-0.97666
-0.77967
-0.78352
-0.97276
-0.61759
-0.89063
-0.88031
-0.76143
-0.93514
-0.81817
-0.72094
-0.81086
-0.89109
-0.91766
-0.83344
-0.83638
-0.90319
-0.89580
-0.98215
-0.63491
-0.87798
-0.84221
-0.72732
-0.90972
-0.84220
-0.89117
-1.03663
-0.84834
-0.81423
-0.81232
-0.65709
-0.89583
-0.97242
-0.88804
-0.84787
-0.79170
-1.00674
-0.87684
-0.99809
-0.73597
-0.83710
-0.84622
-0.82775
-0.76043
-0.92127
-0.81825
-1.06860
-1.00040
-0.93434
-0.81134
-0.82474
-0.84754
-0.95671
-0.86166
-0.89869
-0.75922
-0.84288
-0.93838
-0.86434
-0.84405
-0.86885
-0.83368
-0.90263
-0.88088
-0.77104
-0.79391
-0.95043
-0.99628
-0.83989
-0.94193
-0.99176
-0.76440
-0.82230
-0.83022
-0.85039
-0.80149
-0.89970
-0.91133
-0.97465
-0.87382
-0.81183
-0.83810
-0.94684
-0.63653
-1.02803
-0.95608
-0.74291
-0.81525
-0.75734
-0.72632
-0.79861
-0.75810
-0.86979
-0.72974
-0.72057
-0.88957
-0.87233
-0.82657
-0.84829
-0.83277
-0.98440
-0.81930
-0.90423
-0.76654
-0.79493
-0.67334
-0.76438
-0.88111
-0.72894
-0.93727
-0.77450
-1.06945
-0.80303
-0.81316
-0.75858
-0.83659
-0.94768
-1.09230
-0.82613
-0.85865
-0.85766
-0.82256
-0.85674
-0.92101
-0.68503
-0.84117
-0.89945
-0.87182
-0.96604
-0.87420
-0.90684
-0.91007
-0.75905
-0.81203
-0.75621
-0.78501
-0.77395
-0.93364
-0.90636
-0.88227
-0.99517
-0.83095
-0.83067
-0.86507
-0.91099
-0.78510
-0.76385
-0.68712
-0.86626
-0.75041
-0.97940
-0.94081
-0.87942
-0.67625
-0.82828
-0.83584
-0.96239
-0.87444
-0.91696
-0.77692
-0.86043
-0.96910
-0.86314
-0.71550
-0.86391
-0.81100
-0.85047
-0.85037
-0.91705
-0.87953
-0.75755
-0.94472
-0.87670
-0.72037
-0.80014
-0.74686
-0.71273
-0.88279
-0.73738
-0.84052
-0.72262
-0.87754
-0.78337
-0.89795
-1.00019
-0.77488
-0.81304
-0.79588
-0.90928
-0.94123
-0.89058
-1.05720
-0.77205
-0.74776
-0.84478
-0.80374
-0.69167
-0.98869
-0.87932
-0.84243
-0.82995
-0.91261
-0.79373
-0.66885
-0.76420
-0.74175
-0.95872
-0.79383
-0.90623
-0.78142
-0.86647
-0.89691
-0.67576
-0.73066
-0.73586
-0.78870
-0.99635
-0.91756
-0.94413
-0.83671
-0.69140
-0.90136
-0.82766
-0.88221
-0.89032
-0.96989
-1.02441
-0.85552
-0.90132
-0.85103
-1.02874
-0.88659
-0.87298
-0.73384
-0.95258
-0.76992
-0.86244
-0.65708
-1.03175
-0.90976
-0.84595
-0.65055
-0.68204
-0.80665
-0.80236
-0.88757
-0.79529
-0.91485
-0.76334
-0.64237
-0.94484
-0.91534
-0.95005
-0.98427
-1.00040
-0.86433
-0.95645
-0.84187
-0.89300
-0.86341
-0.82628
-0.85612
-0.94984
-0.77014
-0.79616
-0.98846
-0.86105
-0.82261
-0.84669
-0.93269
-1.00512
-0.82934
-0.67035
-0.85969
-0.94391
-0.70540
-0.80319
-0.88078
-0.96751
-0.91675
-1.00278
-0.97468
-0.84767
-0.84462
-0.81051
-0.98015
-0.92980
-0.90298
-0.98728
-0.72492
-0.89809
-0.82444
-0.65634
-0.91975
-0.77210
-0.98808
-0.71250
-0.88349
-0.80031
-0.61285
-0.73157
-0.89591
-0.88946
-0.87682
-0.96907
-0.84567
-0.80539
-0.70794
-0.90578
-0.94916
-0.87930
-0.81581
-0.66241
-0.87457
-0.95751
-0.79976
-0.92190
-0.76872
-0.93495
-0.90319
-0.88527
-0.86960
-0.90486
-0.88043
-0.79178
-0.83777
-0.88613
-0.95965
-0.93303
-0.86214
-0.94831
-0.78785
-0.88926
-0.83948
-0.69833
-0.77054
-0.73049
-0.80249
-0.87852
-0.94378
-0.86536
-0.89462
-0.85818
-0.87669
-0.94334
-0.78778
-0.88374
-0.79043
-0.82595
-0.77335
-0.94609
-0.87620
-0.84913
-0.88227
-1.01004
-0.73163
-0.87281
-0.83987
-0.78743
-0.89873
-0.83285
-0.84432
-0.88707
-0.84418
-1.01666
-0.99631
-0.82950
-0.91105
-1.02954
-0.69900
-0.76353
-0.96771
-0.94639
-0.85841
-0.59349
-0.78087
-0.73171
-0.95547
-0.90932
-0.81818
-0.83495
-0.74374
-0.83368
-0.90418
-0.73802
-0.92614
-0.91504
-0.96635
-0.81853
-0.80758
-0.81933
-0.91334
-0.88835
-0.86088
-0.72807
-0.95974
-1.05602
-0.81398
-0.78507
-0.82506
-0.77628
-0.85511
-0.81187
-0.69648
-0.78029
-0.70240
-1.15642
-0.74969
-0.82289
-0.77825
-0.91065
-0.91852
-0.70617
-0.95415
-0.79146
-0.79594
-0.84969
-0.74548
-0.90501
-0.89253
-1.04124
-0.80853
-0.82512
-0.78341
-0.97808
-0.91315
-0.91271
-0.74730
-0.93139
-0.97025
-0.96617
-0.86700
-0.92832
-0.75273
-0.84458
-0.87925
-0.81546
-0.77976
-0.87479
-0.73389
-0.91628
-0.76886
-0.90716
-0.87599
-0.84675
-1.03506
-0.78236
-0.85629
-0.88720
-0.87674
-0.68061
-0.87350
-0.87905
-0.83123
-0.83725
-0.79163
-0.82744
-0.70109
-0.83748
-0.78222
-0.94985
-0.87751
-1.00985
-0.66273
-0.75182
-0.84305
-0.84036
-0.90911
-0.92360
-0.83127
-0.78243
-0.79236
-0.86377
-0.80608
-0.94721
-0.82051
-0.86025
-0.83891
-0.83471
-0.88091
-0.89325
-0.87193
-0.73046
-1.06364
-0.93913
-0.80523
-0.71556
-0.88750
-0.80839
-0.76622
-0.84014
-0.90643
-0.90577
-1.04239
-0.78793
-0.85362
-0.83972
-0.97990
-0.97197
-0.97044
-0.92298
-0.76966
-0.83472
-0.78790
-0.92472
-1.00183
-0.77589
-0.75921
-0.68047
-0.83901
-0.79202
-0.84528
-0.91816
-0.72431
-0.92003
-0.92435
-0.72698
-0.92404
-0.82453
-0.83219
-0.85236
-1.02582
-0.91602
-1.00134
-0.88418
-0.96288
-0.90892
-0.72654
-0.90688
-0.87725
-0.80298
-0.84033
-0.81842
-0.92361
-0.78610
-0.78339
-0.84594
-0.83848
-0.82897
-0.86286
-0.82450
-0.66344
-0.75879
-0.79552
-0.70403
-0.98288
-0.86345
-0.95658
-0.92802
-0.92373
-0.87563
-0.82112
-0.81297
-0.75620
-0.80320
-0.96985
-0.86181
-0.84005
-0.74447
-0.89572
-0.99365
-0.85752
-1.06603
-0.93003
-0.89072
-0.84069
-0.87929
-0.87909
-0.88419
-1.00329
-0.71495
-0.85703
-0.85842
-0.70439
-0.77594
-0.89021
-0.73812
-0.84667
-0.84326
-0.74014
-0.83363
-0.90503
-0.82332
-1.04915
-0.92197
-0.75472
-0.84688
-0.89323
-0.88499
-0.94953
-0.70034
-0.94698
-0.84367
-0.98285
-0.90558
-0.88323
-0.80186
-0.87589
-0.82549
-0.76714
-0.98598
-0.74539
-0.68638
-0.88516
-0.81810
-0.84557
-0.95330
-0.72409
-0.85537
-0.95475
-0.97062
-0.77629
-0.93483
-0.99463
-0.95411
-0.90690
-0.69017
-0.90535
-0.86273
-0.84201
-0.82878
-0.72656
-0.83471
-0.69364
-0.83986
-0.98351
-0.86059
-0.73656
-0.79305
-0.94223
-0.88216
-0.72074
-0.83776
-0.87248
-0.84499
-0.89925
-0.90908
-0.74062
-0.84021
-0.93193
-0.67706
-0.83354
-0.91971
-0.79393
-0.82326
-0.87178
-0.77530
-0.86501
-0.81070
-0.95127
-0.89872
-0.84414
-0.95645
-0.74353
-0.94918
-0.85288
-0.79760
-0.92685
-0.82792
-0.89182
-0.78696
-0.82134
-0.92642
-0.77747
-0.95068
-0.93858
-0.81900
-0.93766
-0.93347
-0.81987
-0.83458
-0.93768
-0.83753
-0.99389
-0.83473
-0.88599
-0.77064
-0.89444
-0.77896
-0.79936
-0.87774
-0.82086
-0.71590
-0.90203
-0.82746
-0.92751
-0.93850
-0.95841
-0.96214
-0.84898
-0.96091
-0.88607
-0.82327
-0.83226
-0.95458
-0.81356
-0.90983
-0.81829
-0.78112
-0.72188
-0.91176
-0.79861
-0.91084
-0.95104
-0.93337
-0.78206
-0.86007
-0.78582
-0.87240
-0.96174
-0.82332
-0.80144
-0.74887
-0.77995
-0.80485
-0.79142
-0.95960
-0.93014
-0.94632
-0.84700
-0.81637
-0.79768
-1.04940
-0.84271
-0.88927
-0.89526
-0.85946
-0.80993
-0.86854
-1.00670
-0.87195
-0.93288
-0.69439
-0.75958
-0.94776
-0.89233
-0.84487
-1.03848
-0.92697
-0.83610
-0.83674
-0.84511
-0.97566
-0.92839
-0.91164
-0.83326
-0.79706
-0.86613
-0.75670
-0.86558
-0.99420
-0.84232
-0.98480
-0.81280
-0.84789
-0.83948
-0.87754
-0.70740
-0.82916
-0.90545
-0.89309
-0.60669
-0.82868
-0.74773
-0.93948
-0.87150
-0.94281
-0.86861
-0.81983
-0.79218
-0.81174
-0.83362
-0.90124
-0.81656
-0.86770
-0.79511
-0.88599
-0.78606
-1.01654
-1.02814
-0.89063
-0.74721
-1.00287
-0.85964
-0.78001
-0.83169
-0.88877
-0.80807
-0.69492
-0.80906
-0.81529
-0.81794
