-0.58772
-0.58036
-0.55036
-0.69797
-0.67022
-0.65322
-0.66074
-0.59888
-0.62212
-0.70558
-0.63371
-0.60573
-0.62636
-0.65541
-0.58146
-0.61014
-0.70255
-0.61712
-0.65016
-0.52429
-0.66418
-0.65365
-0.60804
-0.66125
-0.53303
-0.61322
-0.56034
-0.59378
-0.63339
-0.68405
-0.63575
-0.60661
-0.65404
-0.61764
-0.63156
-0.62142
-0.68184
-0.65163
-0.60514
-0.65715
-0.59732
-0.59058
-0.65104
-0.60032
-0.68214
-0.66215
-0.60586
-0.65396
-0.65608
-0.63623
-0.64369
-0.62002
-0.64298
-0.64242
-0.60747
-0.55417
-0.64430
-0.61993
-0.62012
-0.65256
-0.55780
-0.59892
-0.60719
-0.55181
-0.53169
-0.64676
-0.60740
-0.67964
-0.65892
-0.67070
-0.60027
-0.68260
-0.60252
-0.66417
-0.62775
-0.72735
-0.60132
-0.60632
-0.64596
-0.64810
-0.63478
-0.58001
-0.70222
-0.69186
-0.69049
-0.69319
-0.73165
-0.63856
-0.57961
-0.57367
-0.64112
-0.58905
-0.65397
-0.68187
-0.65025
-0.64420
-0.65367
-0.59974
-0.60438
-0.76070
-0.68215
-0.65510
-0.62409
-0.57616
-0.71021
-0.67868
-0.67414
-0.66795
-0.57933
-0.62334
-0.60004
-0.57975
-0.65751
-0.55598
-0.61564
-0.64629
-0.65188
-0.62720
-0.59973
-0.58030
-0.63466
-0.71379
-0.54734
-0.66656
-0.52536
-0.69629
-0.59643
-0.64794
-0.68689
-0.62354
-0.57376
-0.69140
-0.59966
-0.73263
-0.57090
-0.64698
-0.57341
-0.64095
-0.64651
-0.63811
-0.63922
-0.65253
-0.60044
-0.67244
-0.60761
-0.64233
-0.57443
-0.67560
-0.61850
-0.66981
-0.61571
-0.59442
-0.65794
-0.65258
-0.67514
-0.63581
-0.66227
-0.56829
-0.62592
-0.58394
-0.65258
-0.62108
-0.56570
-0.67673
-0.63165
-0.58878
-0.59926
-0.61971
-0.59925
-0.60655
-0.66482
-0.57758
-0.64941
-0.52422
-0.66054
-0.53914
-0.57881
-0.62389
-0.52028
-0.70440
-0.72789
-0.70469
-0.61729
-0.64564
-0.63364
-0.62144
-0.58879
-0.63867
-0.77797
-0.58842
-0.57725
-0.78757
-0.66718
-0.65290
-0.63321
-0.75085
-0.60086
-0.64233
-0.62395
-0.63350
-0.60673
-0.58280
-0.64129
-0.67158
-0.64157
-0.63741
-0.62243
-0.65010
-0.62453
-0.64242
-0.65378
-0.63079
-0.65250
-0.64922
-0.63636
-0.60892
-0.68008
-0.69313
-0.66875
-0.66165
-0.59349
-0.66399
-0.72309
-0.66508
-0.62768
-0.60301
-0.59610
-0.67719
-0.60988
-0.55077
-0.69561
-0.62331
-0.67555
-0.62735
-0.57231
-0.60938
-0.66384
-0.64411
-0.68210
-0.69936
-0.64426
-0.65665
-0.68777
-0.65473
-0.56838
-0.57905
-0.58554
-0.59961
-0.58203
-0.64948
-0.62392
-0.68114
-0.56939
-0.69287
-0.58991
-0.58304
-0.60859
-0.60803
-0.63735
-0.71385
-0.59234
-0.62025
-0.66071
-0.64873
-0.68545
-0.70701
-0.61855
-0.59464
-0.64366
-0.55912
-0.64645
-0.61935
-0.66923
-0.61319
-0.69332
-0.66614
-0.66047
-0.58957
-0.58015
-0.60452
-0.70010
-0.74033
-0.62879
-0.58261
-0.71364
-0.61084
-0.59054
-0.64349
-0.71868
-0.68494
-0.66038
-0.69527
-0.60530
-0.56717
-0.63456
-0.64351
-0.64493
-0.64461
-0.54505
-0.60975
-0.69232
-0.63515
-0.66923
-0.57385
-0.63482
-0.70346
-0.58202
-0.67895
-0.67066
-0.61098
-0.62118
-0.63481
-0.69237
-0.73744
-0.66510
-0.68048
-0.64522
-0.60607
-0.69218
-0.67120
-0.64169
-0.66428
-0.66360
-0.58494
-0.56445
-0.56779
-0.75247
-0.55973
-0.63474
-0.64063
-0.62013
-0.67493
-0.68753
-0.66472
-0.61102
-0.60930
-0.51716
-0.69375
-0.56284
-0.68149
-0.63883
-0.61648
-0.57839
-0.66210
-0.68923
-0.58815
-0.67085
-0.62672
-0.61609
-0.56641
-0.67344
-0.60422
-0.54084
-0.61381
-0.60340
-0.59360
-0.60494
-0.67696
-0.69973
-0.70945
-0.57506
-0.74503
-0.64210
-0.63592
-0.64983
-0.75695
-0.62384
-0.66142
-0.52546
-0.58086
-0.61416
-0.55053
-0.69896
-0.64453
-0.56368
-0.64987
-0.54457
-0.68950
-0.62923
-0.64374
-0.54575
-0.64200
-0.64802
-0.62067
-0.68245
-0.55596
-0.67614
-0.63053
-0.69110
-0.52831
-0.72366
-0.58946
-0.64865
-0.66811
-0.61636
-0.60843
-0.65510
-0.62418
-0.68531
-0.55863
-0.61317
-0.65629
-0.62020
-0.65203
-0.59566
-0.59484
-0.69633
-0.63730
-0.61906
-0.64220
-0.53713
-0.73157
-0.67966
-0.59527
-0.60834
-0.67567
-0.78784
-0.61444
-0.69739
-0.65512
-0.71232
-0.59733
-0.66393
-0.63026
-0.64903
-0.57192
-0.70145
-0.69405
-0.62656
-0.64637
-0.62449
-0.57453
-0.66639
-0.66188
-0.58436
-0.65434
-0.61513
-0.61290
-0.55747
-0.64958
-0.65295
-0.66634
-0.67535
-0.63795
-0.67431
-0.66223
-0.53050
-0.65242
-0.65297
-0.67689
-0.67215
-0.65662
-0.61419
-0.61646
-0.66710
-0.58313
-0.58834
-0.59665
-0.58680
-0.59840
-0.67280
-0.68879
-0.55549
-0.56680
-0.57065
-0.57468
-0.65882
-0.67008
-0.71132
-0.59659
-0.60884
-0.66645
-0.74376
-0.64095
-0.60772
-0.67642
-0.66755
-0.63569
-0.63634
-0.66466
-0.64006
-0.62680
-0.60081
-0.64645
-0.70444
-0.59583
-0.62649
-0.72596
-0.68043
-0.54609
-0.75515
-0.64542
-0.67792
-0.66692
-0.59351
-0.55990
-0.55829
-0.66758
-0.67445
-0.55073
-0.63564
-0.58027
-0.61385
-0.58427
-0.70267
-0.63659
-0.73414
-0.71131
-0.69039
-0.68827
-0.64704
-0.65745
-0.60386
-0.65026
-0.63089
-0.63545
-0.67343
-0.68555
-0.70559
-0.57860
-0.75912
-0.56968
-0.66670
-0.61120
-0.63571
-0.62999
-0.68047
-0.74531
-0.61298
-0.65582
-0.60592
-0.57126
-0.76708
-0.63155
-0.57486
-0.67861
-0.60885
-0.64676
-0.57583
-0.64388
-0.59212
-0.68658
-0.61561
-0.61483
-0.64519
-0.61055
-0.65030
-0.57962
-0.63980
-0.66608
-0.65341
-0.67101
-0.57071
-0.63931
-0.68257
-0.63237
-0.63415
-0.66823
-0.60443
-0.63799
-0.64517
-0.60372
-0.61928
-0.74677
-0.66029
-0.60989
-0.63324
-0.72320
-0.65494
-0.66079
-0.63931
-0.65784
-0.55230
-0.63206
-0.63500
-0.67630
-0.52146
-0.78275
-0.64604
-0.69542
-0.59785
-0.63396
-0.72340
-0.67164
-0.64683
-0.65885
-0.62247
-0.65096
-0.63882
-0.57565
-0.65393
-0.60479
-0.68733
-0.65123
-0.69355
-0.58814
-0.63643
-0.67391
-0.59405
-0.60383
-0.68016
-0.65576
-0.64939
-0.60117
-0.59274
-0.59491
-0.67784
-0.59612
-0.61630
-0.68503
-0.61142
-0.66226
-0.64302
-0.67644
-0.56256
-0.65968
-0.63983
-0.68019
-0.56429
-0.61802
-0.59198
-0.67966
-0.69527
-0.69313
-0.69454
-0.66365
-0.62509
-0.62921
-0.56302
-0.57862
-0.71353
-0.63535
-0.64529
-0.65297
-0.57513
-0.77499
-0.60314
-0.58210
-0.61300
-0.64852
-0.55853
-0.54970
-0.61815
-0.64467
-0.63476
-0.67273
-0.66108
-0.65767
-0.62676
-0.67561
-0.62138
-0.69145
-0.64762
-0.62008
-0.60550
-0.67210
-0.64267
-0.66716
-0.67925
-0.69882
-0.56855
-0.63411
-0.73785
-0.67395
-0.64774
-0.60975
-0.63990
-0.61372
-0.65583
-0.60071
-0.60509
-0.68318
-0.66827
-0.57815
-0.66628
-0.64654
-0.57983
-0.65284
-0.63454
-0.68090
-0.63171
-0.68528
-0.54325
-0.68014
-0.59104
-0.64022
-0.61048
-0.74689
-0.71041
-0.59634
-0.67909
-0.61033
-0.60830
-0.61845
-0.71382
-0.56934
-0.64304
-0.65545
-0.66778
-0.59253
-0.60789
-0.53629
-0.58455
-0.69979
-0.57006
-0.58830
-0.57449
-0.59754
-0.60414
-0.66029
-0.63749
-0.64625
-0.61686
-0.68018
-0.70300
-0.63026
-0.58580
-0.61062
-0.55344
-0.64503
-0.68580
-0.62821
-0.61421
-0.59857
-0.64700
-0.60016
-0.63616
-0.64230
-0.62975
-0.56144
-0.65222
-0.67319
-0.63824
-0.54038
-0.59381
-0.55125
-0.65585
-0.56315
-0.68109
-0.64207
-0.59615
-0.62713
-0.69514
-0.62073
-0.65689
-0.56991
-0.59778
-0.60588
-0.58188
-0.67498
-0.63903
-0.69851
-0.72097
-0.63273
-0.65317
-0.64686
-0.65218
-0.58843
-0.58856
-0.65873
-0.62646
-0.67261
-0.58330
-0.57113
-0.59684
-0.60243
-0.59434
-0.59746
-0.57592
-0.70852
-0.64152
-0.65614
-0.64273
-0.67411
-0.61093
-0.71746
-0.59184
-0.61843
-0.65674
-0.64947
-0.67057
-0.71017
-0.64444
-0.66987
-0.64099
-0.66552
-0.58956
-0.57485
-0.59977
-0.64795
-0.62748
-0.61063
-0.61912
-0.69116
-0.58799
-0.64645
-0.63369
-0.52258
-0.66770
-0.62199
-0.57645
-0.56600
-0.63234
-0.66729
-0.55676
-0.70683
-0.70654
-0.56260
-0.65019
-0.70656
-0.70261
-0.57482
-0.74046
-0.67985
-0.69219
-0.61401
-0.63169
-0.60674
-0.62080
-0.71760
-0.52034
-0.65799
-0.57559
-0.69943
-0.56996
-0.69115
-0.68404
-0.64024
-0.62210
-0.61698
-0.58784
-0.71884
-0.64031
-0.51106
-0.65159
-0.74431
-0.57546
-0.59997
-0.67342
-0.66742
-0.62689
-0.65316
-0.68020
-0.59812
-0.64929
-0.68342
-0.71355
-0.61642
-0.64976
-0.65677
-0.64381
-0.67615
-0.63759
-0.63229
-0.66922
-0.62973
-0.64871
-0.64076
-0.64603
-0.69402
-0.60545
-0.61602
-0.58454
-0.62260
-0.67176
-0.65080
-0.69246
-0.68061
-0.67623
-0.61696
-0.64013
-0.60664
-0.64349
-0.59159
-0.67334
-0.62454
-0.63864
-0.66146
-0.65049
-0.61345
-0.69536
-0.59681
-0.63342
-0.63482
-0.65255
-0.67749
-0.62131
-0.60360
-0.57250
-0.58616
-0.67858
-0.61461
-0.60192
-0.61876
-0.62754
-0.64755
-0.72286
-0.60902
-0.67842
-0.62896
-0.64215
-0.71094
-0.65272
-0.61971
-0.64006
-0.61714
-0.70731
-0.64541
-0.68321
-0.65020
-0.66107
-0.69633
-0.73233
-0.68987
-0.61748
-0.68596
-0.54436
-0.58412
-0.68120
-0.71466
-0.67260
-0.65761
-0.61714
-0.60495
-0.58376
-0.72571
-0.62021
-0.70749
-0.63541
-0.61527
-0.54200
-0.65860
-0.65174
-0.56519
-0.69400
-0.65510
-0.64935
-0.57192
-0.61418
-0.64625
-0.63111
-0.65191
-0.60547
-0.61491
-0.64531
-0.59931
-0.63669
-0.55185
-0.61672
-0.68457
-0.65819
-0.52794
-0.62477
-0.62656
-0.62653
-0.61983
-0.63561
-0.62089
-0.65926
-0.59207
-0.58411
-0.70705
-0.62696
-0.64227
-0.71692
-0.60674
-0.68546
-0.58134
-0.62611
-0.62257
-0.62801
-0.70771
-0.57875
-0.70084
-0.65726
-0.70334
-0.59973
-0.66338
-0.66647
-0.61630
-0.55372
-0.59728
-0.65730
-0.70861
-0.69002
-0.64276
-0.62841
-0.52669
-0.62588
-0.66101
-0.64342
-0.64287
-0.62986
-0.61715
-0.61247
-0.64938
-0.65242
-0.58806
-0.67472
-0.58865
