-0.30025
-0.32142
-0.33046
-0.08153
-0.18115
-0.11923
-0.18672
-0.25230
-0.21590
-0.18122
-0.19487
-0.25165
-0.30218
-0.18750
-0.22826
-0.25769
-0.20217
-0.30927
-0.01777
-0.48546
-0.17670
-0.05400
-0.29563
-0.18960
-0.45699
-0.29758
-0.51568
-0.21230
-0.16944
-0.19570
-0.36731
-0.41572
-0.21114
-0.29048
-0.36963
-0.31978
-0.12104
-0.31073
-0.42337
-0.18042
-0.29164
-0.33704
-0.12932
-0.09093
-0.10005
-0.05170
-0.12805
-0.21171
-0.10653
-0.32864
-0.05820
-0.39570
-0.34771
-0.11551
-0.34213
-0.35552
-0.21569
-0.28484
-0.17932
-0.24771
-0.37931
-0.27786
-0.26567
-0.38032
-0.40007
-0.10223
-0.31976
-0.32873
-0.23880
-0.21377
-0.21920
-0.12488
-0.19134
-0.02642
-0.24363
-0.08204
-0.34362
-0.34867
-0.05884
-0.32100
-0.30150
-0.16835
-0.14257
-0.14255
-0.16217
-0.07437
0.02010
-0.28848
-0.35466
-0.25611
-0.24167
-0.36855
-0.04047
-0.18635
-0.20582
-0.25767
-0.25316
-0.22685
-0.18699
-0.05845
-0.16079
-0.20595
-0.25994
-0.32748
-0.05136
-0.19547
-0.16472
-0.16411
-0.31162
-0.38925
-0.31606
-0.28225
-0.10905
-0.38631
-0.15933
-0.29725
-0.39763
-0.25711
-0.11883
-0.45762
-0.30153
-0.10059
-0.40090
-0.18639
-0.38616
-0.21352
-0.22618
-0.17227
-0.14138
-0.15935
-0.32528
-0.09046
-0.23162
-0.05688
-0.44054
-0.13104
-0.25517
-0.13025
-0.22978
-0.12251
-0.20566
0.06146
-0.32582
-0.19730
-0.24737
-0.21250
-0.30809
-0.07945
-0.32584
-0.09815
-0.31619
-0.28137
-0.28759
-0.05380
0.01616
-0.31602
-0.11908
-0.21229
-0.28660
-0.19475
-0.21337
-0.23436
-0.47292
-0.07604
-0.25913
-0.22413
-0.30291
-0.16550
-0.23532
-0.30646
-0.18057
-0.17891
-0.27142
-0.34690
-0.14284
-0.34942
-0.22478
-0.16304
-0.24957
-0.14215
-0.17074
-0.05695
-0.26884
-0.27250
-0.25740
-0.36397
-0.18852
-0.23234
0.01981
-0.19579
-0.34529
0.13588
-0.19661
-0.18478
-0.14234
-0.19965
-0.27204
-0.21244
-0.27506
-0.20751
-0.19350
-0.35064
-0.17460
-0.14699
-0.24509
-0.33308
-0.16781
-0.30742
-0.35213
-0.13725
-0.12975
-0.34198
0.03490
-0.24141
-0.24395
-0.15252
-0.25506
-0.12504
-0.05219
-0.14921
-0.29760
-0.25367
-0.11035
-0.17130
-0.27551
-0.29280
-0.38605
0.04228
-0.26810
-0.29145
-0.03170
-0.28641
-0.16665
-0.26382
-0.46433
-0.23895
-0.15038
-0.16821
0.02501
-0.19647
-0.32816
-0.23139
-0.16010
-0.13697
-0.43836
-0.29779
-0.41255
-0.13636
-0.25507
-0.19674
-0.20383
-0.07929
-0.35188
-0.12538
-0.47868
-0.41735
-0.32575
-0.20331
-0.18739
-0.13369
-0.36437
-0.24141
-0.23799
-0.11049
-0.15743
-0.23137
-0.24579
-0.24941
-0.22519
-0.27456
-0.25617
-0.26154
-0.10181
-0.18072
-0.25711
-0.33014
-0.17942
-0.35236
-0.41161
-0.15988
-0.12220
-0.08989
-0.22161
-0.21888
-0.18606
-0.30050
-0.38411
-0.23034
-0.09315
-0.15316
-0.28646
0.05873
-0.42273
-0.38891
-0.10835
-0.17174
-0.11241
-0.08172
-0.25356
-0.14836
-0.17747
-0.09459
-0.05133
-0.31573
-0.23751
-0.12311
-0.26628
-0.15381
-0.31375
-0.20832
-0.28305
-0.13173
-0.10256
0.06410
-0.09928
-0.20062
-0.08372
-0.33120
-0.08232
-0.39825
-0.16134
-0.14887
-0.09499
-0.25165
-0.38323
-0.52451
-0.07366
-0.29893
-0.22291
-0.18192
-0.23661
-0.24608
0.00250
-0.17644
-0.28844
-0.26252
-0.44888
-0.18045
-0.34400
-0.22858
-0.12021
-0.19555
-0.17783
-0.12291
-0.08472
-0.34548
-0.23551
-0.25555
-0.37908
-0.26455
-0.15724
-0.26085
-0.37015
-0.17129
-0.16045
-0.09352
-0.26132
-0.07345
-0.27967
-0.23136
-0.30436
0.06878
-0.18618
-0.19992
-0.31255
-0.11748
-0.29312
-0.11550
-0.33498
-0.38824
-0.24898
-0.16498
-0.16495
-0.16647
-0.28679
-0.20051
-0.37248
-0.19003
-0.12832
-0.30098
-0.33095
-0.07836
-0.15212
-0.12619
-0.03028
-0.32683
-0.06124
-0.20999
-0.03152
-0.34923
-0.05971
-0.30849
-0.35153
-0.10676
-0.19667
-0.18745
-0.25418
-0.31705
-0.20527
-0.49857
-0.15888
-0.09146
-0.22458
-0.15170
-0.09601
-0.39384
-0.18299
-0.20513
-0.21089
-0.27041
-0.25661
0.06272
-0.08454
-0.14648
-0.35038
-0.11816
-0.11838
-0.16697
-0.16908
-0.24179
0.03656
-0.13332
-0.07193
-0.15844
-0.34732
-0.34563
-0.24268
-0.14266
-0.06483
-0.25499
-0.20317
-0.30768
-0.22393
-0.30802
-0.44005
-0.20118
-0.28619
-0.23813
-0.47127
-0.23701
-0.22003
-0.06750
-0.27722
-0.13197
-0.18813
0.00516
-0.50125
-0.25734
-0.19299
0.02634
-0.00989
-0.15003
-0.18816
-0.27111
-0.12819
-0.33172
-0.17500
-0.04572
-0.35803
-0.31694
-0.27725
-0.29547
-0.44492
-0.29753
-0.38580
-0.26719
-0.23418
-0.19333
-0.11497
-0.25952
-0.34100
-0.10370
-0.05240
-0.34751
-0.25332
-0.14619
-0.17914
-0.29700
-0.36878
-0.16468
-0.03029
-0.23289
-0.34310
-0.05895
-0.09875
-0.28495
-0.34102
-0.19079
-0.32235
-0.42859
-0.09252
-0.19920
-0.13259
-0.31323
-0.33629
-0.34308
-0.42900
-0.05735
-0.22365
-0.27371
-0.02070
-0.33948
-0.15825
-0.40381
-0.00983
-0.24690
-0.06617
0.09845
-0.04118
-0.20765
-0.24243
-0.21937
-0.36520
-0.19541
-0.17451
-0.07249
-0.23235
-0.26361
-0.17371
-0.23720
0.09671
-0.30489
-0.29080
-0.18856
-0.28619
-0.13873
-0.25448
-0.15789
-0.27229
-0.21378
-0.29894
-0.30917
-0.02470
-0.20621
-0.31127
-0.28105
-0.32418
-0.21537
-0.37248
-0.14397
-0.29713
-0.15290
-0.08272
-0.15570
-0.08530
-0.19194
-0.22822
-0.36416
-0.22556
-0.22854
-0.20477
-0.20568
-0.37263
-0.14847
-0.20118
-0.15806
-0.19180
-0.10512
-0.34166
-0.23821
-0.20396
-0.27855
-0.39076
0.01515
-0.21252
-0.22998
-0.15419
-0.17553
-0.17791
-0.18353
-0.24776
-0.18634
-0.46436
-0.36425
-0.19449
-0.23474
-0.50808
0.08375
-0.11749
-0.27229
-0.34855
-0.22445
0.12991
-0.10923
-0.08488
-0.29662
-0.28685
-0.16722
-0.19613
-0.16809
-0.17975
-0.29939
-0.05069
-0.27491
-0.22150
-0.37821
-0.18210
-0.13367
-0.22528
-0.30951
-0.20819
-0.20511
-0.07869
-0.35857
-0.46328
-0.21907
-0.10723
-0.22894
-0.15999
-0.17008
-0.20045
-0.03422
-0.13727
-0.02596
-0.59387
-0.09001
-0.18306
-0.09805
-0.34636
-0.30051
-0.11419
-0.27448
-0.09619
-0.10281
-0.15515
-0.08183
-0.27992
-0.26332
-0.47822
-0.22991
-0.11159
-0.14806
-0.33279
-0.26018
-0.33758
0.02769
-0.32825
-0.38815
-0.35317
-0.21849
-0.36979
-0.20303
-0.22642
-0.23458
-0.18070
-0.10703
-0.21372
-0.07622
-0.28952
-0.09326
-0.28578
-0.18454
-0.19913
-0.41498
-0.17686
-0.18419
-0.24453
-0.20958
-0.00136
-0.17467
-0.31050
-0.19712
-0.09940
-0.11769
-0.17969
-0.09134
-0.19758
-0.16850
-0.29402
-0.27680
-0.40475
0.02045
-0.08355
-0.26490
-0.17408
-0.26257
-0.34377
-0.17844
-0.14789
-0.11146
-0.23206
-0.12080
-0.40397
-0.14037
-0.26922
-0.19869
-0.22423
-0.13402
-0.18283
-0.27559
-0.05137
-0.45331
-0.33083
-0.18678
-0.00174
-0.31816
-0.16536
-0.11078
-0.17236
-0.31390
-0.29788
-0.50610
-0.20339
-0.15383
-0.26966
-0.39160
-0.39748
-0.37290
-0.31884
-0.10937
-0.19722
-0.14165
-0.30786
-0.32165
-0.07289
-0.12896
-0.09467
-0.22840
-0.23859
-0.20025
-0.23235
-0.09610
-0.30583
-0.32579
-0.07997
-0.32388
-0.18836
-0.18989
-0.22260
-0.46438
-0.26379
-0.32814
-0.24594
-0.42251
-0.31510
-0.17529
-0.25103
-0.31411
-0.12188
-0.19826
-0.22227
-0.29648
-0.09097
-0.16266
-0.18905
-0.26857
-0.23120
-0.25698
-0.24262
0.01153
-0.11977
-0.09701
0.01694
-0.35015
-0.21027
-0.30972
-0.27584
-0.33530
-0.28707
-0.16240
-0.18651
-0.08359
-0.21991
-0.39872
-0.26497
-0.23762
-0.15014
-0.29826
-0.41773
-0.14899
-0.42451
-0.27389
-0.24799
-0.16658
-0.26836
-0.16164
-0.29235
-0.38486
-0.05821
-0.20756
-0.18786
0.00578
-0.13150
-0.22034
-0.09713
-0.18115
-0.25370
-0.16529
-0.23386
-0.25708
-0.19584
-0.43851
-0.30285
-0.06356
-0.25890
-0.24678
-0.25130
-0.42695
-0.03264
-0.32499
-0.26721
-0.41684
-0.27324
-0.21594
-0.24510
-0.16906
-0.11894
-0.20454
-0.33580
-0.03883
0.01623
-0.31034
-0.07764
-0.16571
-0.26110
-0.11008
-0.22368
-0.34801
-0.34982
-0.05869
-0.41450
-0.33664
-0.37851
-0.20747
-0.12020
-0.21420
-0.17869
-0.20177
-0.20668
-0.10958
-0.24686
0.02521
-0.19954
-0.47246
-0.20899
0.00775
-0.21759
-0.34226
-0.20874
-0.05332
-0.21087
-0.21932
-0.16479
-0.30113
-0.25979
-0.05721
-0.12666
-0.31551
-0.02730
-0.17677
-0.27590
-0.11778
-0.18567
-0.23949
-0.10608
-0.23528
-0.16199
-0.31051
-0.25269
-0.15012
-0.35100
-0.12751
-0.36464
-0.23029
-0.12585
-0.27605
-0.13546
-0.21121
-0.11073
-0.20438
-0.28628
-0.17083
-0.30719
-0.34699
-0.14566
-0.31312
-0.29484
-0.15841
-0.18410
-0.32423
-0.14217
-0.39708
-0.20131
-0.25117
-0.11809
-0.21695
-0.15765
-0.19576
-0.30525
-0.23470
-0.03733
-0.28742
-0.22554
-0.30875
-0.31096
-0.31086
-0.23929
-0.23996
-0.28250
-0.25711
-0.18112
-0.12132
-0.30186
-0.19384
-0.26977
-0.20115
-0.07381
-0.07646
-0.22855
-0.14841
-0.24977
-0.25471
-0.20103
-0.09219
-0.24259
-0.09986
-0.32804
-0.37762
-0.14212
-0.08679
-0.07627
-0.12234
-0.18771
-0.18647
-0.37584
-0.20443
-0.32611
-0.13951
-0.18096
-0.18241
-0.50740
-0.18411
-0.23753
-0.33007
-0.16547
-0.15483
-0.21918
-0.43477
-0.25777
-0.28662
-0.06327
-0.10767
-0.34230
-0.27742
-0.19956
-0.43917
-0.29028
-0.28424
-0.22002
-0.16055
-0.31747
-0.40045
-0.28686
-0.20670
-0.17053
-0.24630
-0.12109
-0.24470
-0.33493
-0.25025
-0.40069
-0.10575
-0.22093
-0.19721
-0.16062
-0.10067
-0.14370
-0.32411
-0.26697
0.01587
-0.20067
-0.04002
-0.36073
-0.17066
-0.28554
-0.16527
-0.22011
-0.12879
-0.14527
-0.21733
-0.34752
-0.21928
-0.21039
-0.08650
-0.19598
-0.14330
-0.38813
-0.50145
-0.26475
-0.08621
-0.35945
-0.21676
-0.15015
-0.21454
-0.27630
-0.15868
-0.04250
-0.22100
-0.14057
-0.22929
