0.00382
-0.35538
-0.21553
0.11276
-0.36470
-0.27177
-0.22716
-0.35231
-0.44137
-0.07720
0.10238
-0.36379
-0.09708
-0.33001
-0.53166
-0.78024
-0.28937
-0.23436
-0.41891
0.14787
-0.50062
-0.24973
-0.19886
-0.27552
0.14992
-0.36096
-0.30709
-0.03777
-0.18312
-0.30180
-0.51224
-0.02704
-0.34854
-0.32503
-0.14731
0.00191
0.08364
-0.49095
0.00863
-0.14713
-0.27623
-0.34671
-0.02387
-0.03755
0.07020
-0.24306
-0.54385
-0.35332
0.16692
0.24084
-0.02558
-0.06177
0.39260
-0.55781
-0.26236
-0.49631
0.12992
-0.46486
-0.18837
0.00112
0.08231
-0.22123
-0.09977
-0.32120
-0.12160
-0.35832
-1.02917
-0.25725
-0.04219
-0.28201
-0.22683
-1.00318
-0.45706
-0.19133
-0.25821
0.12742
-0.29796
0.27410
0.35560
-0.34508
-0.19606
-0.60518
-0.01240
-0.41419
-0.12061
0.21568
-0.18744
-0.39220
-0.14094
-0.04428
0.07160
-0.15507
-0.30289
-0.32933
-0.15901
-0.25008
0.12520
-0.09268
-0.15315
-0.34677
-0.35846
-0.38214
-0.16976
-0.24304
-0.25821
0.03180
-0.06916
-0.35568
-0.41949
-0.20722
0.03745
-0.43193
-0.38278
-0.34317
-0.03012
0.02478
0.28219
-0.21250
0.08564
-0.17907
-0.00789
-0.57596
-0.18639
0.05399
-0.35913
-0.38543
0.06463
0.08279
0.10063
0.01189
-0.41334
0.02862
0.13296
0.09471
-0.28570
-0.25215
-0.34631
0.11379
-0.52932
-0.48879
-0.69377
-0.04331
-0.20871
-0.55580
-0.21118
-0.27375
-0.20097
-0.21824
0.00552
-0.27130
-0.55182
-0.21745
0.24329
-0.57667
-0.21491
-0.11703
0.29853
-0.25836
-0.50199
0.21417
-0.11665
-0.18038
0.23251
-0.43717
-0.06522
0.25301
0.07184
-0.01315
-0.08721
0.02359
0.23948
-0.44260
-0.56772
-0.27646
-0.03948
-0.27763
-0.43800
0.31693
-0.55426
0.21296
-0.36220
-0.21032
0.34463
-0.62980
0.00289
-0.38981
-0.28389
-0.60087
-0.35495
-0.10562
-0.22647
-0.09341
0.56257
-0.38639
-0.24152
-0.22206
-0.46478
-0.01813
-0.47293
-0.53280
0.10493
-0.70472
-0.39925
-0.37487
-0.29370
-0.30459
-0.06310
-0.06948
0.01976
-0.40269
0.01055
0.25449
-0.31206
-0.58666
-0.26601
-0.22963
-0.41447
-0.56616
-0.19495
-0.06237
-0.08455
0.00756
-0.13371
-0.46372
-0.14852
-0.93655
-0.58812
-0.00407
-0.10059
-0.04218
-0.29661
-0.39623
-0.52704
-0.12768
-0.12411
-0.24764
-0.12866
-0.16790
-0.33564
-0.37331
-0.09495
-0.29431
-0.01849
-0.44485
-0.30273
-0.25714
-0.41280
-0.09132
-1.02252
-0.32786
-0.05082
-0.15215
-0.38984
-0.33209
-0.59046
0.11589
-0.06496
0.06014
-0.03737
-0.20104
0.12924
-0.07851
0.09253
-0.25061
-0.53800
-0.69436
0.10565
-0.23167
-0.39603
0.11545
0.12347
-0.29342
-0.15896
0.10166
-0.06282
-0.19297
-0.01911
-0.34224
-0.27587
-0.51887
-0.01678
-0.43458
-0.16926
-0.15464
-0.05490
-0.25998
-0.72754
-0.24016
-0.23712
-0.83811
-0.06558
-0.00452
0.29244
0.01384
-0.12780
-0.29358
-0.21786
-0.10161
-0.46361
-0.25616
-0.13033
-0.07073
-0.32269
-0.45469
-0.39177
0.33322
-0.10684
-0.26448
-0.53395
0.20968
0.11709
-0.30488
0.02916
-0.19008
-0.31940
-0.12674
-0.25942
0.05255
-0.39374
-0.48108
-0.62021
-0.18063
-0.23336
-0.33024
-0.35509
0.11687
-0.52314
0.24429
0.12911
-0.53983
-0.46742
-0.11397
-0.38761
-0.21449
-0.14925
-0.63651
-0.50982
-0.41044
-0.18638
-0.36207
0.19633
-0.54019
0.04059
-0.50368
-0.28038
-0.19608
0.00111
-0.43497
-0.17027
-0.24108
-0.44407
-0.14111
-0.85019
-0.28948
-0.34480
-0.70580
-0.14543
-0.21788
-0.15543
-0.23184
0.24164
-0.30366
0.12203
0.10487
0.06156
-0.00058
-0.19275
-0.21644
0.15378
-0.43282
-0.62253
-0.03366
-0.16941
-0.24107
-0.72896
0.13595
-0.49481
-0.31421
0.06250
0.21004
-0.58420
-0.29016
0.13149
0.41987
-0.77288
-0.01485
-0.19971
-0.28117
0.06689
-0.40971
-0.21922
-0.00290
-0.15069
-0.07360
-0.18033
0.09738
-0.32373
-0.06091
0.02047
-0.33294
-0.09864
-0.65804
-0.36050
-0.18945
-0.23367
0.08192
-0.08291
-0.59941
-0.12960
-0.05439
-0.38947
-0.11049
-0.62112
-0.40624
-0.27685
-0.67734
0.38393
-0.46222
-0.41211
-0.10155
-0.13455
-0.28182
-0.59730
0.26567
-0.14473
-0.19634
0.41011
-0.02933
0.07398
-0.51632
-0.09416
-0.15919
-0.69223
0.00563
-0.02369
-0.40122
-0.22427
-0.71217
-0.09062
0.33133
-0.47371
-0.17548
0.21644
-0.13065
-0.01314
-0.24919
0.08113
0.04867
-0.35405
0.10189
-0.19484
-0.01298
-0.12957
-0.12953
-0.29886
-0.52060
-0.20951
0.00901
-0.22334
-0.55041
-0.18885
0.08309
0.08271
0.45240
-0.33142
-0.17159
-0.31466
-0.51795
-0.38525
-0.38159
-0.23199
0.13585
-0.40036
0.07133
0.18831
-0.26926
-0.69351
0.07074
-0.41787
-0.32221
0.04328
-0.38131
-0.40831
-0.22247
-0.08951
-0.53043
-0.35193
0.00780
-0.09715
-0.75256
0.24137
-0.51025
-0.04622
-0.03601
-0.53706
-0.11469
-0.28059
-0.37526
-0.19872
-0.34270
0.17202
-0.20610
-0.34764
-0.12913
-0.49486
-0.77293
0.03711
-0.34724
-0.63139
-0.25572
-0.19372
-0.44178
-0.33650
-0.18185
-0.19679
-0.15770
-0.00477
-0.29041
-0.49710
-0.44695
-0.14026
-0.03337
-0.18605
-0.56763
-0.34093
0.00498
-0.36048
-0.03604
-0.15149
-0.01212
-0.22971
-0.39870
-0.39844
0.02005
-0.24715
-0.43599
-0.63472
-0.15135
-0.05384
-0.43894
-0.23056
0.23476
-0.15523
-0.48135
-0.30327
0.05591
0.01940
0.24323
-0.29425
-0.20675
0.00452
0.01518
-0.65783
-0.23223
-0.28639
-0.03503
-0.05860
-0.77796
-0.51818
-0.06463
-0.02107
-0.39192
-0.07555
-0.10684
-0.11471
-0.51437
-0.29043
-0.17208
0.25837
-0.23677
-0.86063
-0.22136
-0.54182
-0.36022
-0.39018
-0.48161
-0.11602
-0.29709
-0.13055
-0.08523
-0.27928
-0.20836
0.20782
-0.23444
-0.28640
-0.39848
-0.17027
-0.52494
-0.25500
-0.19599
-0.48743
0.37858
-0.04586
-0.70442
-0.20936
-0.09962
-0.66566
-0.16857
-0.31250
0.02928
-0.01383
0.20557
0.01727
-0.43133
-0.62230
-0.46069
-0.01950
-0.30061
-0.22724
-0.49223
-0.52545
0.09042
-0.35576
-0.28200
-0.69251
-0.00834
-0.36868
-0.31084
-0.26754
-0.01706
0.05424
0.14681
-0.28006
-0.17647
-0.09859
-0.38295
0.12786
-0.03041
-0.33398
0.07716
-0.14131
-0.19183
-0.26667
-0.24661
-0.23036
-0.11053
-0.28702
0.22716
-0.08262
-0.06889
-0.16602
-0.33591
-0.08570
-0.30612
0.04903
0.11267
-0.30301
-0.25144
-0.39904
-0.38484
0.03499
-0.35021
-0.46551
-0.30354
-0.01111
-0.40628
-0.30112
-0.45447
-0.25741
-0.28622
-0.32667
-0.10109
0.00123
-0.19966
-0.82538
-0.03200
-0.86565
-0.38714
-0.66558
-0.12489
-0.34905
0.12487
-0.27004
-0.49468
-0.46373
0.07964
-0.42368
-0.26741
-0.53759
-0.11825
-0.67309
0.20483
-0.10190
-0.66620
0.11184
-0.42048
-0.44850
-0.15161
-0.45141
-0.02573
-0.46947
-0.51914
-0.19373
-0.50098
-0.19040
-0.64421
-0.48569
0.28491
-0.30903
-0.36682
-0.21032
0.08143
-0.29348
-0.13014
-0.40406
0.20597
0.41363
-0.63471
-0.36651
-0.06684
-0.07938
0.18198
0.28264
-0.40899
-0.19884
-0.02167
-0.08808
0.17315
0.21222
-0.03661
-0.23667
-0.02890
-0.41242
-0.75006
0.07480
-0.48942
-0.27361
-0.69073
-0.59646
-0.57545
-0.13630
-0.10837
-0.48595
0.40855
0.28838
-0.51604
0.17713
-0.02912
-0.86623
0.23486
-0.56562
-0.18090
-0.07095
0.12024
-0.81405
-0.49050
-0.13618
-0.40056
-0.36589
-0.62055
0.04536
-0.26816
-0.36281
-0.20432
-0.72302
-0.18474
-0.38847
-0.10668
-0.19388
-0.63733
-0.50963
-0.12673
0.26828
-0.24749
0.19813
-0.13772
0.13893
-0.05599
-0.42611
-0.11731
-0.14846
0.33844
-0.02456
-0.24106
-0.57084
0.03951
-0.10408
-0.07124
0.41990
-0.15336
0.04785
-0.18821
0.06830
-0.44248
-0.58157
-0.12735
-0.10435
-0.35283
0.16093
-0.29071
-0.12754
-0.29669
0.04370
-0.05732
-0.17364
-0.67584
0.06395
0.08488
-0.76566
-0.42358
-0.66261
-0.24316
-0.09309
-0.21372
-0.17823
0.17413
-0.24545
-0.26190
-0.19452
-0.28661
-0.22077
-0.49697
-0.19166
-0.11420
-0.58764
-0.38308
0.26052
-0.79511
-0.26391
-0.17525
0.12243
-0.14874
-0.31498
-0.41605
0.07877
-0.03723
-0.06630
0.02951
-0.18596
0.11667
-0.41014
-0.51561
-0.00502
-0.72806
-0.37656
-0.34669
-0.86417
-0.20180
-0.39291
-0.15306
-0.32616
-0.31572
-0.27423
-0.05615
-0.35677
-0.26523
-0.46140
-0.13905
-0.36773
-0.34196
0.01403
-0.38174
-0.43116
-0.22680
-0.62555
-0.20335
-0.40837
0.25020
-0.42637
-0.15474
-0.29763
0.15865
0.19189
-0.53564
-0.59552
0.10292
0.33809
-0.10936
-0.30443
-0.42896
-0.26793
-0.34039
0.19533
-0.19927
-0.36927
-0.54930
-0.15105
-0.10853
-0.21636
-0.21259
0.22692
0.05995
-0.21464
-0.11575
-0.22661
0.24880
-0.19460
-0.05068
-0.18749
-0.29529
-0.34379
-0.31645
-0.31919
-0.34202
0.01873
-0.12805
0.20282
-0.20495
-0.30310
0.17289
0.09079
-0.54351
0.22362
-0.32409
-0.08254
-0.21605
-0.46314
-0.28224
-0.24387
-0.14717
-0.24756
-0.57873
-0.07269
-0.28891
-0.49010
-0.62638
0.05212
-0.48043
-0.54740
-0.08546
-0.26782
-0.39266
0.05856
0.62396
-0.10917
0.05817
-0.74216
-0.49470
-0.10923
-0.65656
-0.06374
-0.02791
-0.07339
-0.16449
0.26972
-0.08304
-0.07741
-0.01117
-0.03707
-0.39542
-0.42158
-0.33865
-0.48121
-0.08439
-0.28489
-0.68149
-0.50198
-0.23836
-0.75271
-0.22443
-0.70818
0.08905
-0.16371
-0.24968
0.10962
-0.26245
-0.31949
0.12723
0.16413
0.00918
-0.02116
-0.13765
-0.28900
0.13026
-0.19568
0.06440
-0.53566
0.48295
-0.34293
-0.18139
-0.53422
-0.54110
-0.38194
-0.02889
-0.38025
-0.16570
-0.37076
0.17914
-0.15540
-0.35812
-0.48860
-0.36800
-0.32902
-0.53029
-0.04970
-0.26921
0.20008
-0.04337
0.17294
-0.63929
-0.37593
-0.41533
-0.58296
0.03830
-0.36991
-0.02151
-0.31862
-0.43904
0.25946
-0.36895
