-0.82081
-1.07806
-1.06939
-0.76509
-1.12479
-1.02027
-1.01352
-1.09477
-1.20730
-0.89939
-0.88576
-1.09147
-0.94149
-1.02692
-1.16578
-1.37006
-1.05400
-1.02666
-1.13919
-0.84573
-1.10002
-1.08064
-0.90366
-0.94219
-0.67259
-1.05919
-1.03953
-0.88972
-0.95152
-1.05187
-1.22370
-0.92321
-1.04970
-1.04994
-0.94680
-0.78650
-0.77896
-1.20671
-0.91786
-0.90048
-1.08122
-1.05255
-0.85486
-0.84762
-0.93945
-0.97075
-1.25603
-1.08485
-0.70703
-0.62991
-0.80964
-0.90086
-0.69985
-1.33842
-1.10193
-1.21275
-0.80127
-1.21251
-0.97817
-0.93016
-0.94534
-1.06281
-0.94073
-1.06561
-0.88003
-1.01447
-1.62507
-0.97334
-0.87309
-0.94675
-1.08408
-1.56225
-1.11919
-0.98142
-1.07092
-0.85362
-1.06926
-0.59597
-0.65930
-1.00012
-0.91909
-1.21316
-0.89656
-1.14906
-0.88619
-0.76986
-0.95163
-1.07245
-0.94061
-0.92418
-0.77992
-0.97570
-1.01513
-1.08032
-0.97908
-0.97897
-0.80687
-0.86416
-1.04124
-1.13134
-1.01973
-1.18591
-0.96667
-0.93849
-1.04045
-0.89131
-0.95203
-1.16959
-1.15192
-0.99596
-0.82743
-1.07999
-1.08583
-1.06581
-0.85054
-0.76653
-0.69237
-0.96504
-0.78534
-0.95141
-0.83608
-1.33339
-0.96964
-0.83495
-1.06423
-1.01060
-0.79960
-0.80998
-0.79969
-0.84471
-1.12133
-0.83408
-0.76224
-0.87914
-0.96583
-0.96664
-1.15116
-0.70683
-1.31617
-1.16615
-1.36516
-0.89936
-1.03684
-1.20603
-1.24623
-0.98473
-0.98822
-0.98192
-0.90917
-1.08225
-1.24549
-1.06547
-0.69653
-1.30447
-0.97829
-0.94442
-0.63749
-0.99683
-1.12602
-0.74010
-0.95534
-0.79968
-0.69318
-1.08737
-0.91370
-0.69198
-0.83237
-0.92570
-0.89366
-0.83038
-0.80751
-1.26012
-1.23042
-1.02223
-0.85615
-0.91417
-1.22743
-0.73855
-1.20558
-0.77720
-1.11180
-1.03250
-0.76880
-1.30756
-0.87013
-1.08448
-1.01795
-1.21329
-1.04418
-0.91150
-0.93270
-0.98849
-0.82301
-1.07737
-1.05528
-0.98461
-1.19398
-0.81548
-1.28024
-1.20499
-0.70241
-1.38779
-1.12309
-1.07316
-1.08402
-1.02817
-0.80178
-0.94355
-0.88922
-1.15937
-0.79817
-0.68391
-1.15359
-1.12329
-1.05490
-0.90009
-1.06679
-1.16107
-0.99016
-0.83615
-0.86416
-0.82833
-0.88920
-1.06911
-0.94853
-1.40046
-1.20807
-0.83337
-0.94556
-0.87937
-1.04635
-1.10711
-1.17701
-0.92581
-0.95119
-1.06132
-0.97836
-0.91895
-1.08039
-1.24850
-0.91833
-1.09221
-0.88436
-1.13434
-1.04642
-0.99430
-1.12657
-0.88780
-1.51410
-0.93471
-0.85063
-0.87380
-1.14675
-1.06042
-1.29845
-0.77618
-0.97387
-0.82117
-0.94435
-0.96014
-0.75519
-0.93223
-0.72436
-1.03560
-1.21250
-1.33209
-0.78405
-0.92196
-1.15522
-0.82475
-0.71807
-0.98639
-0.92445
-0.82966
-0.84329
-1.05296
-0.94158
-1.10284
-1.03540
-1.17360
-0.86284
-1.13474
-0.89281
-0.90640
-0.82818
-1.05445
-1.35092
-1.04644
-1.04796
-1.40625
-0.82703
-0.91183
-0.64946
-0.85457
-0.90673
-1.13341
-0.91601
-0.95859
-1.15046
-1.02473
-0.92563
-0.89609
-1.10163
-1.21581
-1.14537
-0.69204
-0.89398
-1.03756
-1.14181
-0.74661
-0.70404
-1.07876
-0.89638
-0.99180
-1.08941
-0.91027
-1.07456
-0.82073
-1.13553
-1.29666
-1.30396
-0.94346
-1.10343
-1.09298
-1.07174
-0.81331
-1.28425
-0.64557
-0.71173
-1.15479
-1.09458
-0.85885
-1.10368
-1.00262
-0.95029
-1.16723
-1.18790
-1.04336
-0.99156
-1.13200
-0.84785
-1.31131
-0.77229
-1.16436
-0.96755
-0.97244
-0.77289
-1.22018
-0.96262
-1.00882
-1.15106
-1.03301
-1.37005
-1.01226
-1.06227
-1.32591
-1.00616
-0.94785
-0.91903
-0.98563
-0.69120
-1.12909
-0.76923
-0.74254
-0.79011
-0.79797
-0.92731
-0.94302
-0.67676
-1.13189
-1.31446
-0.82406
-0.93610
-0.92681
-1.31561
-0.78094
-1.12833
-1.02494
-0.85912
-0.74983
-1.16011
-1.02058
-0.78729
-0.71699
-1.42039
-0.94671
-0.88581
-1.02797
-0.77064
-1.12884
-0.99847
-0.92718
-1.02885
-0.93513
-0.97787
-0.84818
-1.11114
-0.90338
-0.87524
-1.11906
-0.94244
-1.28775
-1.06530
-1.04939
-1.02553
-0.78792
-0.84024
-1.21588
-0.85387
-0.86532
-1.09320
-0.88644
-1.18251
-1.15330
-1.01810
-1.25531
-0.55959
-1.14587
-1.06559
-0.88863
-0.91208
-1.01043
-1.20956
-0.63451
-0.89873
-0.88190
-0.51688
-0.91489
-0.80882
-1.21536
-0.86259
-1.01494
-1.26418
-0.81388
-0.87738
-1.05673
-0.93938
-1.28600
-0.93390
-0.56326
-1.21939
-1.00070
-0.75366
-0.94776
-0.82705
-0.94912
-0.77550
-0.78578
-1.07092
-0.82296
-1.00956
-0.93313
-0.93038
-0.94409
-1.06290
-1.18205
-1.00868
-0.83879
-0.94929
-1.18809
-0.94064
-0.88152
-0.75773
-0.55168
-1.09144
-0.98065
-1.09305
-1.12692
-1.13622
-1.11005
-1.06028
-0.77620
-1.09951
-0.79479
-0.71613
-1.03469
-1.22406
-0.80129
-1.08216
-1.02562
-0.82673
-1.09429
-1.18727
-0.99680
-0.93550
-1.15234
-0.99275
-0.73072
-0.94134
-1.30152
-0.67134
-1.14736
-0.89019
-0.87514
-1.17146
-0.98858
-0.96530
-1.17987
-1.00187
-1.11346
-0.87005
-1.03060
-1.00368
-0.92867
-1.11530
-1.36231
-0.80702
-1.09713
-1.23829
-0.94902
-1.04013
-1.13339
-1.03459
-0.95948
-0.98166
-1.08258
-0.80552
-1.03970
-1.16214
-1.07585
-1.00197
-0.90532
-0.98411
-1.16521
-0.96503
-0.85444
-0.94251
-0.97915
-1.01841
-0.77051
-1.03777
-1.15856
-1.10341
-0.88577
-0.97507
-1.11824
-1.31503
-1.00185
-0.95297
-1.32267
-0.95689
-0.70581
-0.91734
-1.04746
-1.01391
-0.73709
-0.95044
-0.74433
-0.99663
-0.94405
-0.88161
-0.76609
-1.23011
-1.01959
-1.04507
-0.88173
-0.84237
-1.36451
-1.17351
-0.81440
-0.93519
-1.12379
-0.85960
-0.87556
-0.98345
-1.20152
-1.02532
-1.00773
-0.61887
-0.94649
-1.49184
-0.93239
-1.17666
-1.02844
-1.18171
-1.10523
-0.91450
-1.02796
-0.92906
-0.92383
-0.96171
-0.96199
-0.69743
-0.95946
-1.05941
-0.99654
-0.99031
-1.16237
-0.95555
-1.06882
-1.15764
-0.63103
-0.81084
-1.26998
-0.97778
-0.84330
-1.25922
-0.93472
-1.08052
-0.84495
-0.82928
-0.79646
-0.83939
-1.15719
-1.28546
-1.09188
-0.80538
-1.02571
-1.00740
-1.21723
-1.09893
-0.73585
-1.18298
-1.08745
-1.40510
-0.83716
-1.04489
-1.03742
-0.98182
-0.89502
-0.81283
-0.76947
-1.02833
-0.99320
-0.84225
-1.06380
-0.77688
-0.90100
-1.10863
-0.83577
-0.92696
-0.95948
-1.08600
-1.00832
-0.93937
-0.89182
-1.21997
-0.76800
-0.97867
-0.87685
-0.86280
-1.05649
-0.89359
-1.08223
-0.80881
-0.70641
-1.05102
-1.02455
-1.04062
-1.03128
-0.85780
-1.03897
-1.08306
-1.07920
-0.88589
-1.12276
-0.98136
-1.20397
-1.09508
-1.01751
-1.07515
-0.99079
-0.78126
-1.00468
-1.40043
-0.89160
-1.34627
-1.15083
-1.37104
-0.89531
-1.07379
-0.84384
-0.94806
-1.15060
-1.14918
-0.83880
-1.17456
-0.93461
-1.21428
-0.88684
-1.35769
-0.70784
-0.94971
-1.25919
-0.76584
-1.17431
-1.17108
-0.84529
-1.17480
-0.81683
-1.10449
-1.34648
-0.98243
-1.23035
-1.02682
-1.25502
-1.13474
-0.67528
-1.04448
-1.09750
-0.96533
-0.80383
-1.06698
-0.93494
-1.06119
-0.78586
-0.65269
-1.32174
-1.11041
-0.87909
-0.95096
-0.76580
-0.69212
-1.14023
-0.96199
-0.92249
-0.93375
-0.73038
-0.87050
-0.91514
-1.00481
-0.91331
-1.11575
-1.38956
-0.84287
-1.24924
-0.95173
-1.37201
-1.25166
-1.14641
-0.91812
-0.87505
-1.19934
-0.61872
-0.70876
-1.19582
-0.77385
-0.85297
-1.46204
-0.69048
-1.40779
-0.98628
-0.89421
-0.81549
-1.39626
-1.21239
-0.92203
-1.11441
-1.06689
-1.22686
-0.85187
-1.05749
-1.05340
-0.95391
-1.39621
-1.03091
-1.01084
-0.99608
-1.02822
-1.27368
-1.23141
-0.97029
-0.62113
-1.00895
-0.72646
-1.01181
-0.70445
-0.82535
-1.22362
-1.02273
-0.97725
-0.58065
-0.94581
-1.00246
-1.19321
-0.87755
-0.92585
-0.87933
-0.49692
-0.95593
-0.74964
-0.99685
-0.85481
-1.13315
-1.34820
-1.00628
-0.92828
-1.06062
-0.71396
-1.05619
-0.93725
-1.00180
-0.85751
-0.84579
-0.96268
-1.33631
-0.76741
-0.78107
-1.32837
-0.87276
-1.25562
-0.99872
-0.92586
-0.92822
-0.97574
-0.76480
-1.09279
-1.00675
-1.03165
-0.99866
-1.03413
-1.19054
-0.94938
-0.96409
-1.18068
-1.13574
-0.68621
-1.42079
-1.04270
-0.94380
-0.73126
-0.99180
-1.13267
-1.12030
-0.76605
-0.90144
-0.91227
-0.84502
-1.02717
-0.72872
-1.16724
-1.14912
-0.85855
-1.25242
-1.10912
-1.07530
-1.38200
-0.92349
-1.10810
-1.00928
-1.05531
-1.06164
-1.01400
-0.86783
-1.08134
-1.05367
-1.19973
-0.98577
-1.07063
-1.04398
-0.76131
-1.03114
-1.03637
-0.92281
-1.24541
-0.98265
-1.08124
-0.69664
-1.12468
-0.88984
-0.99734
-0.67161
-0.59761
-1.18707
-1.21046
-0.71358
-0.65745
-0.96544
-1.03602
-1.23123
-0.93139
-1.01165
-0.68332
-0.98825
-1.04827
-1.28242
-0.92757
-0.88153
-1.00179
-0.97584
-0.77920
-0.83292
-0.97015
-0.94790
-0.96452
-0.72606
-0.95722
-0.84258
-1.06775
-1.00397
-1.10436
-1.07400
-1.05657
-1.02688
-0.75022
-0.91922
-0.72022
-0.92119
-1.03931
-0.73071
-0.80468
-1.17334
-0.69625
-1.12379
-0.87462
-0.93300
-1.14405
-0.99255
-1.04718
-0.90583
-0.98785
-1.13825
-0.84680
-1.02006
-1.16148
-1.27482
-0.90971
-1.16178
-1.23800
-0.83398
-1.06436
-1.08995
-0.82861
-0.41574
-0.92082
-0.82524
-1.32718
-1.14360
-0.96131
-1.29327
-0.91983
-0.90312
-0.92833
-0.94992
-0.68777
-0.87292
-0.90947
-0.84739
-0.84302
-1.12806
-1.06133
-1.05428
-1.16186
-0.87450
-1.07439
-1.25345
-1.13861
-0.98651
-1.36731
-0.90789
-1.36795
-0.78213
-0.93039
-1.00401
-0.75731
-0.96772
-1.04612
-0.67964
-0.65391
-0.79247
-0.93834
-0.91878
-1.03768
-0.84383
-0.97919
-0.78651
-1.25550
-0.52066
-1.10913
-0.88682
-1.28360
-1.28552
-1.06249
-0.96510
-1.06469
-0.88716
-1.05826
-0.77850
-0.96098
-1.07110
-1.19707
-1.09889
-1.17105
-1.20119
-0.93175
-0.99294
-0.81349
-0.90985
-0.74866
-1.30486
-1.18485
-1.21234
-1.30229
-0.82320
-1.14876
-0.81457
-1.02775
-1.19817
-0.71335
-1.11128
