2.981040227003527765e-14
4.204712413586981183e-10
1.742127264174828586e-09
1.270535336170046763e-14
-1.388970320636008824e-09
4.450912466940010635e-11
-2.039106615594222648e-11
-1.407168407883174100e-10
-7.061023975695599782e-08
1.000383240490773161e-12
1.056713195113775689e-13
5.880107861428819528e-09
-1.811735319743108920e-12
1.694633688179820099e-10
1.252804961149615517e-08
1.223816718201596292e-05
1.208079405863712440e-10
5.926116207741805278e-11
-4.244590946713812859e-09
2.644785095016712116e-11
9.704712945772498462e-09
-4.679664265502420223e-10
-2.247370329751700993e-13
6.018184861511537636e-13
7.635705808550194102e-17
2.862050579379467877e-10
-2.671554424619788765e-11
1.926593538573466782e-14
6.808160642022817912e-12
2.966181187881034808e-10
7.486873792357988956e-08
4.454784317723468250e-13
1.497298713476426269e-10
3.050361539283056750e-10
5.320320226042383101e-12
5.345963521060124884e-15
9.695419974055108010e-15
6.251422250247120499e-08
8.823328062855364970e-13
2.530525177157483012e-11
7.041981854558531233e-10
-1.717134571302686611e-10
5.381768446788698375e-13
-3.416250864392790813e-14
8.336154679673273445e-13
-7.181697169032974696e-12
4.011551701328201949e-07
5.338695035959782307e-09
1.790095991361718255e-15
2.773480104786746269e-17
3.690378504434797351e-14
1.728962479352935875e-10
3.829180472606023839e-16
2.002331802540449179e-04
-5.939956691996639432e-10
9.120619860985167943e-07
4.058669101782700990e-14
1.079328492783045061e-07
3.125489272563287221e-11
7.533072440186633075e-12
2.069974421570872005e-11
-1.539872259392555176e-10
-2.147173517111830557e-14
2.958034112799754783e-09
5.477535134047908655e-13
1.403446444760428391e-11
-7.405192553404118527e-01
6.720877216546907578e-12
6.599068657506211593e-13
-1.890513588715697653e-12
3.587799200443842070e-09
5.724068815118479869e-02
7.394709476286692507e-10
3.617966988003769209e-13
3.260500775735278882e-10
1.770443805986665308e-14
4.476534160411255145e-10
1.190681644710938835e-15
8.168542378129455604e-17
5.445892963690679665e-11
9.156829337369829692e-11
9.216136537514968903e-08
7.015893383279920044e-13
-7.430838095758801983e-09
2.018330815788799947e-13
1.761661309603634230e-14
1.347589163140644031e-11
1.050674831287808091e-10
2.009978374783262680e-12
1.105181672524980186e-12
1.761944278658775558e-13
-2.431662977475110853e-12
3.140250935410281471e-11
2.122425766163328341e-09
-9.394603640121162145e-12
2.270415616923111546e-11
9.406216404031169835e-15
-7.423896100447258761e-14
2.434158033302897663e-10
-3.742109188817433568e-09
4.302433963892215795e-11
1.113931219231167239e-10
8.777946758433586088e-12
2.459156468902601874e-12
1.177172589443786528e-10
5.283767101962347218e-12
-9.816060717043113503e-13
4.019337425033386565e-08
6.276599241392668931e-09
1.399893649368187020e-11
1.940951002837822468e-13
3.692098533322017276e-10
3.028808567549295607e-10
5.591954712996764157e-11
8.761417676098442653e-14
2.622673051049521768e-15
1.939104596509350107e-16
2.390215806720681369e-11
-4.656465612148939653e-15
3.223617379397932363e-12
1.095738080061658531e-13
8.458705846645600291e-06
2.412274297481118103e-09
-4.745202115883013317e-15
1.874326409980579466e-10
2.949274042687319012e-11
9.179740190739613416e-15
5.724155660608496521e-14
3.732430151500835379e-12
3.560361434920055890e-13
1.732243463076571847e-09
-3.217672201041444543e-14
2.450361515326208861e-14
4.234334174213150253e-14
2.320962419726922094e-11
1.140364491932055740e-11
9.123409332255251016e-09
2.552633959677524808e-16
-2.937953314591001911e-06
2.550853455045136732e-07
3.048377700927011307e-05
1.991366148613026144e-12
1.645216439025860509e-10
5.871568047932031946e-08
1.535190947958431774e-06
6.072842658487017332e-09
-1.246040729526676658e-11
1.020659148934539641e-11
1.076544966120509736e-11
2.644984303434238243e-09
-3.087815380801233976e-07
1.426032659024685586e-07
1.920954517938517680e-15
2.648844183304404398e-06
7.194523771345885702e-11
2.728323945629534778e-13
-1.188769528135087613e-17
1.031268344451981875e-10
3.174232882145250521e-08
5.024790499091990073e-14
1.853287011712203107e-09
6.140995674599175067e-14
1.946468144933399819e-16
1.213064979127538230e-10
1.110468381178448965e-12
6.596069093311208427e-16
1.199912767799534404e-13
1.803327621269074946e-11
6.216311899969617350e-13
1.477572149738452440e-11
1.470842852287736965e-13
3.811881547118411565e-07
-7.721919044899397976e-08
4.018214024760970202e-10
3.715069971280686811e-13
6.651311000137893826e-13
2.377662155685732628e-06
6.398451123050561274e-16
5.640227195019877836e-07
1.286239174444506754e-15
1.122188261540695042e-08
7.206297607917078129e-11
5.768864452788501436e-14
3.013902784227845083e-06
1.106006427075450929e-14
5.775707126765020638e-10
2.021570136258417407e-11
5.196222252824255882e-08
-3.499780892217565690e-12
1.084501499088913169e-13
3.520825758563898245e-12
4.791280972335601885e-12
2.353102221968420074e-14
-5.590712888215634182e-11
-1.394264810277240193e-11
-1.015907227861828707e-11
3.879096030589254218e-08
6.897562489651580548e-12
-1.187776021948027681e-06
5.702537366595953697e-08
2.975216207664111614e-15
-7.607973909367069301e-05
2.224236911072670293e-09
4.646114769555609672e-10
1.062128992674443438e-08
1.219442910848701233e-10
1.740263788492428937e-14
1.693254097513929897e-12
7.605747789584081871e-14
6.182219914583058198e-08
8.125681264807165814e-15
7.265798257406267320e-15
2.565363044255163376e-08
-2.596858483249502022e-09
4.001106131386200000e-10
5.070267197423929313e-12
3.087272422125463079e-10
6.721174174965456887e-09
1.010924327247487742e-10
9.805915794363698725e-14
2.377881814590081539e-13
3.094576227343210692e-13
3.764889610181793546e-14
3.871129506341408315e-10
1.333869290794710059e-09
8.120304042645606186e-05
7.764079472453208514e-08
4.954583040254882030e-13
2.208681400954751246e-12
1.327162896653563313e-12
1.223383223377081836e-10
-1.467527140625197041e-09
1.971425475004961233e-08
3.328557566651285706e-10
-3.401253400147506150e-12
2.601477338442709387e-09
1.528768957317707740e-10
1.004741328485948901e-12
1.063048090427178336e-09
2.799669776889231609e-07
4.420510748493351209e-10
4.328121506096826629e-10
1.853871859644456123e-12
2.654512928050102642e-09
2.704803876293534703e-09
5.671700802924260497e-09
4.748731040653074479e-09
2.091800371079593488e-12
9.687782686289772224e-03
1.136416709818445485e-11
1.988904366092627468e-11
2.477819885771079200e-13
-1.026111789952858561e-09
2.103828787651677047e-10
2.117820320565187701e-06
1.388842151741959998e-15
9.894806874791983115e-11
7.709795105611029157e-12
3.622463417213206717e-12
5.786079934461647151e-12
2.155797717765164216e-15
4.590222887061098547e-12
9.340233909882286495e-14
3.008682989152162079e-10
-8.663437006834858295e-08
5.666248240685885492e-06
9.020244629784801085e-15
1.731816332124661394e-12
5.706794579022999556e-08
2.761371234620346881e-14
2.509157708709985573e-15
2.798704968837440120e-09
5.572126629246110014e-12
6.001860014796819282e-13
9.260660458903716881e-13
8.982792500255484459e-08
1.621747375860194217e-11
-7.314918068400628595e-10
1.160870622400193190e-09
-1.407967194155196950e-08
1.777531623458647004e-12
3.544138805699680313e-09
-2.392273281091812855e-13
5.089315695232593117e-13
4.387099749054414560e-14
3.760822450382843280e-10
1.168994445891353566e-04
1.886879547252804573e-10
4.792985072670240212e-11
1.371155665017960391e-04
1.013494267469261522e-13
1.465651165979021757e-11
4.651275127421560217e-16
6.410375585383636261e-13
6.081892306086163679e-13
2.901415805330781175e-09
7.013070314140171022e-13
1.536294003581106883e-11
6.903186211004633491e-09
-2.270353832793325945e-11
8.969342365390594948e-13
1.358174553459517866e-10
8.977895396744246854e-10
4.571587010691165103e-07
3.484041056802752197e-09
1.017855321002161707e-14
3.396154905502439488e-13
8.849750489280762146e-11
1.294526965216771882e-09
1.063023714626184166e-14
9.593519156135548600e-16
4.834107856887512862e-10
3.778474960445059894e-13
1.838298524504862115e-11
2.366636874630718290e-09
5.610820559226991556e-13
4.387024140884203395e-09
-1.294188514487577358e-15
1.234825430545158838e-09
-9.721768667209238508e-07
2.069304818140882055e-06
2.445926499278929634e-11
3.474444133502273140e-10
3.777346410987896763e-09
3.823384426057626771e-10
1.943528345151790319e-14
-1.376283423913372318e-06
6.198802402919452263e-17
2.947089973244481696e-16
2.460496827025377118e-09
8.325176831206733194e-10
5.906288090646614614e-14
2.438781501595455824e-09
3.357316845471958756e-11
1.120977065866226221e-11
1.404959578330614555e-08
1.123676509549455358e-05
1.256794782619989335e-10
1.044450730389238669e-10
1.229629107183897300e-09
5.774404505817714058e-14
9.526556198430496144e-06
-2.457543909393987763e-15
-1.318693810142566499e-08
9.113325096141507690e-12
1.014146140520682921e-11
1.831381538242172478e-15
1.101975169159182819e-07
2.926021739663768248e-12
-2.579211915422133781e-11
1.102116468039070861e-08
1.227756006018556391e-10
1.072421130927055165e-05
3.246145697315546031e-11
1.373435319725742170e-10
6.017249720814640404e-06
1.601693694645077372e-10
1.146704088828818547e-09
1.647431145931669310e-12
1.983923617349424896e-11
9.523838427714001047e-16
5.298398855313764363e-08
1.786449191288657750e-14
7.960581867550191800e-16
6.159158233369645392e-15
1.587490702622213051e-14
6.870526598266954051e-10
2.253618989566733444e-12
1.140754780629803251e-15
4.058214171301341669e-08
-1.981389544897353874e-06
2.136224808082820704e-12
7.696577801734262560e-13
-1.206757272209085587e-12
1.491272640235945349e-06
3.587575454605881622e-14
3.158038065808380812e-09
6.704047445722296972e-11
2.907908503700772758e-12
1.403863560508381552e-13
7.858676309490207245e-09
1.428009823411777252e-10
2.878723039259408518e-15
4.241055344049004100e-16
-2.666857999986038869e-04
1.299707346031446165e-11
9.636318180315656119e-14
5.042076087349299912e-10
7.048537773610784898e-14
-1.589432335784963300e-09
-2.139708160636541942e-12
3.384204158646660339e-12
4.650180456988481626e-09
7.532782195702807013e-12
5.195683218784878881e-11
9.848520280295154162e-13
8.042555617427514532e-09
2.072588655433546148e-11
7.845997899162947554e-11
7.751189076231420164e-10
1.711485423285734213e-12
1.658506557217989951e-05
3.954859370786126993e-08
1.179812085900728204e-10
9.114521708964738064e-11
2.095277258348291718e-13
4.377949505657830324e-13
7.393981927453450235e-07
4.279716358488231569e-12
2.895338170380571920e-13
1.193145444315884447e-09
2.703553118607309839e-12
-2.709107206147707623e-08
9.899616102693719642e-09
2.912739892733746766e-10
-4.528989639390023910e-07
-3.949381654783394816e-19
5.742618941617170358e-09
2.803426562589519602e-10
-7.890661755538079491e-14
-2.610541355737480303e-13
-2.931984699764717926e-11
-7.723509717762160224e-08
2.719485093885042779e-17
2.011916404807326038e-10
5.732472323238573652e-13
7.584620791675577816e-18
-1.534019489056309846e-13
7.994711855981278515e-14
4.316460265609308844e-05
8.811289615890720554e-14
6.367962851403424694e-10
4.162876069620963664e-07
3.626112166738386264e-14
4.296475559981715115e-13
2.250928791943772426e-10
3.369586800894509554e-12
4.754017733591760177e-07
3.649697495194654032e-11
2.252108050925123047e-18
6.669218960724318399e-08
4.947552927090466282e-12
7.316008033711035095e-15
1.501982394310443215e-11
-1.532062472983083429e-14
2.881486178619863011e-12
3.004274302287090602e-15
1.827176968937341073e-13
2.828757253112522874e-10
-1.960142751787068608e-14
2.962051887983957532e-11
1.227606776774042115e-12
1.128750227385469798e-11
1.388741824960611098e-11
4.291346455407649909e-10
1.809444003548140720e-08
2.272419603118336387e-11
3.778761453715948176e-14
1.377474624489820232e-12
2.926517937865423234e-08
3.175084733373861289e-12
2.370622920321644395e-13
4.936090506833372270e-13
1.197345085760846297e-18
8.356027664885487372e-10
3.353086738312870018e-10
1.797944756146458560e-08
2.623306025753813400e-10
2.885518388217342899e-09
1.487595318995039816e-09
2.205933855808958506e-10
4.991906274138039787e-14
7.548909522330828986e-10
8.013830097841356879e-14
5.645946315140182201e-15
7.426826600499752786e-11
9.262625067129721381e-08
1.335458263863482895e-15
8.594573712025453691e-10
4.465751044739500779e-11
1.320634846381704813e-11
7.728416017489237726e-10
1.619793808280296630e-05
2.746102875763765168e-11
1.824721059281475508e-12
-5.157978991771321106e-09
7.451621703415622499e-12
4.014657828605017066e-15
3.760470024210217043e-12
2.384070527478847728e-06
2.557399619265502194e-14
8.020982067132261663e-09
4.018784680345135842e-13
8.192478953113445993e-11
4.859926566966717538e-09
1.047287996145555854e-11
1.702208896216048116e-11
6.867674088156132881e-09
1.798051126039147422e-11
1.801678963966281041e-09
8.491472851980661354e-13
1.739331724414257381e-11
2.320253497944896359e-11
2.872765495965460564e-11
2.699546339418707180e-09
-1.264449729321657960e-05
2.040966867480496971e-13
6.516620285724229000e-10
-1.018331220958356918e-07
1.814766565542982182e-11
3.260074160082401810e-11
3.720598797409369360e-09
1.467092366939732060e-10
1.240447008440558963e-12
6.123005072546878120e-12
2.538194912865984539e-07
1.270089885716893871e-14
3.095999228168178256e-11
9.390241744256415345e-09
1.615961690171681545e-10
2.273748482266862226e-11
8.837232765336920801e-13
6.099263651060095041e-09
8.215809080613279586e-09
5.932271207660143232e-12
5.079415205700118802e-12
8.154184626330765120e-13
1.319957160759171844e-11
4.376381510969027347e-11
2.817820834201742134e-15
2.830900870469299306e-11
1.479570757820789537e-08
9.271498240016103658e-09
1.979041814971651771e-13
-4.315838179242539157e-12
1.478120405792849830e-09
1.225876803427107482e-06
2.251471851305904441e-11
1.427597768826783626e-12
8.445380944139369928e-06
2.557971315266309876e-12
2.221691180001226877e-15
8.109132556347811545e-12
8.365861064929839198e-11
7.571396302668657736e-10
8.899586694415245538e-15
2.667455752948427532e-12
1.716362564800065254e-14
7.140464464666660231e-11
1.633078983635600965e-12
2.085733287768783170e-11
9.600900528907541099e-14
1.426817217130193653e-07
3.056778620191134861e-11
8.867303649604461050e-11
3.633097497842501027e-13
-7.730699887517633796e-15
3.538239497922935104e-05
-7.055246772152276697e-09
2.952256565563562902e-14
2.793261709525945631e-11
2.074590699242794508e-08
9.305088350530023695e-14
-1.830884360565044120e-13
4.967846157326096711e-11
-2.507711487155412104e-08
3.081990207857554329e-08
7.237829310871663536e-10
1.832733439585641873e-17
1.631502032092445393e-11
3.676449025446919781e-03
2.005011769471946282e-12
2.586886554316411413e-08
2.629742603408672634e-11
7.621578791241442845e-09
2.713850839042347270e-10
7.166308157127346947e-12
6.040279728147531280e-10
-1.068627946025418250e-12
5.352847496686043378e-13
2.380316921068028141e-09
1.561309961573012612e-11
3.333304998493271170e-16
-4.661680136123994808e-12
1.478312114889997126e-10
3.244023107305262782e-11
2.733609820540090890e-10
-7.461088328259560017e-09
4.721505179027437979e-12
2.222198808419888173e-10
9.345812923047086247e-09
2.727501095634289918e-17
3.208464025046773008e-12
2.581817462332087445e-07
1.671530032814078081e-11
2.387009567029726674e-11
2.621100630932326472e-04
-1.813059813529090880e-12
8.444642207949808533e-11
8.358632253123361882e-13
1.221167905871475042e-13
2.151064982271156205e-14
2.079716130948145705e-13
1.582218274728248092e-07
1.518432478958306663e-05
4.614464174547571076e-10
6.401739047723997392e-15
2.699244111496810366e-11
6.471916054366888134e-11
4.532383693510310603e-07
1.095955774728321942e-09
2.110763291879363223e-13
1.898522887257023373e-08
7.903629471172850136e-09
1.286509905630760730e-04
2.125104778698469853e-13
3.180444590149092874e-11
6.093527286363160718e-10
1.810077039926790805e-12
1.965246953613503456e-13
4.859681391261092469e-14
2.821048683554800311e-15
4.368664742569040805e-10
2.775902815078348404e-10
7.720814290727100713e-13
-4.432559546363074002e-11
6.261817518334231479e-14
7.106726930836964039e-13
1.282691748661149224e-09
2.874345507766701207e-14
8.867971930994000052e-12
2.034581562346504373e-11
6.813169001302677579e-09
4.412955733042955790e-11
1.947530988370971553e-12
1.289209786445716905e-12
8.069010426475144693e-08
1.393071298920348731e-15
7.716705113008406842e-12
3.521839846315081402e-12
4.578641969826668556e-12
1.842118040192216198e-10
6.180755052944523449e-12
4.442309376887674387e-10
2.979382242071018445e-14
-6.681743555002635125e-17
1.309163797436155529e-10
-7.179319373827845683e-12
1.803629480623606878e-10
2.599739944980117910e-08
8.811408514031204425e-14
2.042074930951340992e-10
-5.778243054613457420e-10
3.446535755841761411e-10
-2.508311298025898819e-13
-1.701312165538563667e-09
9.874572715797471451e-12
1.747372843666454005e-08
-9.203050408257269773e-10
3.583254989121241684e-10
3.856207377988419355e-10
2.197166882442977314e-10
-8.819886352247752746e-16
1.565972824629472902e-11
-1.243687329761583918e-04
2.914737542382614259e-13
-1.521619490880479550e-05
5.435769112533000436e-09
-3.998876271235141041e-05
9.566281771443910684e-12
-1.825033372290160650e-10
6.802223141395826171e-14
1.538847714275977052e-09
-3.906652481257173323e-09
-5.663289332494719555e-09
5.603417044082018406e-14
6.363595337176418307e-09
2.159302415978098664e-12
1.007716552557549577e-07
7.422532151265037803e-14
7.602294820800285507e-06
1.010708350952686125e-15
8.558298598041048088e-13
5.054691222694292995e-07
1.281205793640398363e-14
1.651297627164877270e-08
-1.718076338137804763e-08
3.873658723792218761e-14
-1.917660773834206399e-08
8.304554647034646663e-14
4.558685882512443084e-10
1.395691348022615857e-05
-5.363014269745864091e-13
1.942854000179565864e-07
2.179687956976720463e-11
-4.495361878650044183e-07
2.124030831012808030e-06
1.154598760502150388e-16
-2.822384829272695203e-11
2.925212506337429006e-10
5.515591246739368007e-11
4.599688512097821103e-12
6.474385064555790210e-10
1.451482782715786442e-12
6.196478455460850374e-11
1.488954614899899372e-14
3.085947709790432791e-15
5.635348551373769916e-06
-7.183662248820292671e-10
8.138636582493298898e-14
4.204488125785557553e-11
5.335855427384298567e-14
4.881158873093270388e-17
3.913951134164300816e-08
5.850067347321243701e-11
3.684739576407621857e-13
1.363139801440062146e-12
6.492558978289808840e-14
4.531054444642577186e-14
8.553665641563284591e-13
-6.143276081151309448e-12
9.478763169990439223e-12
2.787457940005883460e-09
-8.188281214780098220e-05
2.142491409391429186e-11
3.051408079107746189e-07
2.607933448091027441e-13
1.159897946419032267e-05
-3.460702916558783350e-07
-6.306791506315908984e-09
1.139799899153614492e-12
1.256825315609407998e-12
2.129186803433879571e-08
2.605786760703812064e-17
1.513564548712115601e-15
6.278232758525781954e-08
2.676499291125850190e-15
-1.712562760590257304e-14
6.695124917410062437e-01
4.329343668976025599e-17
-1.606572512304958560e-04
1.518398407596572006e-11
1.721594656335920939e-10
2.209201211521488121e-14
2.905983611094139487e-05
7.577976940231323066e-08
2.668731313387202128e-13
1.682207982128537778e-09
1.139775631628233630e-07
4.533775394134182993e-08
1.130817763648908097e-13
6.442180166320855588e-11
3.658776981859012268e-10
3.281359964566137271e-12
9.608851664222581898e-05
-7.598258017151629618e-11
3.117854243235210117e-11
2.729489452904219983e-11
6.658700869521702994e-11
5.072683734094706983e-07
-7.797104343254649434e-08
9.937775912009249406e-12
1.400183487644172780e-15
1.319082563759717166e-11
2.005848637750408406e-15
-1.097892886009538808e-11
2.648503963399985395e-15
2.104014857838265488e-14
3.726077120252565219e-08
8.135502047618592833e-10
3.904670641266014354e-11
1.997499574659758030e-18
1.275245475835212359e-12
-1.034560485911003517e-11
4.044183603192823173e-08
1.814119360712586626e-13
-1.018638049390201760e-12
-1.117833864976956526e-13
2.001705106414491345e-19
-2.271988270887550122e-12
-6.924852997304943448e-16
1.333277222630835175e-11
1.094471505437249652e-13
2.412077711504977103e-09
-1.633737186826728853e-05
2.173436067638177278e-11
4.394341788743384794e-12
2.124472638737430266e-10
2.900385109836713557e-15
3.502934595622888939e-11
1.712896281801205590e-12
-1.524895773261503197e-11
1.944817205966669547e-11
2.067391049770467807e-14
2.649911707636979878e-12
1.176860850650684547e-05
6.872316374679902985e-13
4.569085142236769369e-14
4.993006643535079976e-06
8.159017468400186870e-13
2.815098317981287654e-07
2.851652522047558250e-10
2.148287681792573696e-11
4.898531856846876274e-10
9.562690729581148551e-11
2.358735705558989174e-14
2.009157682037355075e-09
2.744967539271840297e-11
5.558044656811547177e-10
1.442701006718836978e-10
5.955844906126315657e-11
2.330961808531879877e-08
-4.493091592085921527e-13
6.634832330753359473e-13
1.752222260610295625e-08
1.202505575451288290e-09
1.612161934128862872e-15
-2.740127327942448450e-04
1.103737264476140493e-10
-1.445192286663712254e-12
1.025820863653613834e-15
1.165483869129341807e-10
-3.879364987626400507e-09
1.528031935366024870e-10
2.386827179840636735e-14
2.304810505204325102e-13
-4.676650331131962840e-13
6.306145789046244857e-13
1.458933194376352863e-11
4.585010656506739761e-14
1.323929202520869220e-08
6.536671645690274484e-09
6.353204799411294462e-14
2.983896125334388335e-07
8.308196614888863972e-10
1.510718826490131720e-09
5.846506489120225128e-05
4.205493478541127560e-12
1.416960279902061859e-09
1.324549907881657896e-11
2.569732451449330275e-10
2.011047063412857750e-10
9.446724880338565491e-10
1.170259289970031684e-12
1.979524963873781597e-10
1.293668494325701448e-10
8.144116369498750855e-07
6.646493604168895314e-12
3.991391819397745665e-10
2.371737568159278966e-10
1.894353390002180900e-13
9.373148099652004243e-11
6.743633823738653569e-11
9.525134375787220203e-13
-3.089644406895307650e-07
1.270019401113666283e-09
4.478285613891330092e-09
1.571172604666573022e-16
1.275569507262805317e-08
7.905548202853530922e-13
3.183943331258673811e-09
5.678902892110444474e-17
1.362438595163010034e-17
3.699506835466355746e-08
-7.925958471511477485e-08
3.890954734234386139e-14
3.671335687148006914e-16
-3.408077748585504661e-12
-9.226219252135675219e-11
1.248406877917681259e-07
4.102640293588786157e-12
3.199563228718713545e-11
2.952140186769444149e-16
4.252447978825450064e-11
-3.535843661587130525e-11
3.626801148259201273e-07
7.432329854201355921e-11
2.218691593832844099e-12
3.811044330074716908e-11
3.176411385570114310e-12
7.366886020566904487e-14
2.982184971533289148e-14
2.058907817869312749e-11
2.704548039478130036e-12
2.689374116289325525e-12
7.530168567080929504e-14
1.261291676868322048e-10
1.240943292139271638e-13
1.539410543541547182e-07
2.135761616565158503e-11
4.294966529197958603e-10
3.568085381321907024e-10
5.845084485655489315e-11
6.544119876302421519e-11
1.884737694550721188e-15
1.918536679227990743e-13
5.331867223076549946e-16
1.229698412607336775e-12
1.035017789409211102e-10
9.955381042792477157e-15
4.648636213315337254e-12
-1.907465521464271118e-08
2.285469206795484285e-15
1.253801847558743392e-08
3.052738846189736415e-13
2.084280805697255480e-12
1.167750486290122390e-09
3.838482691219099308e-11
1.882798860831772954e-10
5.273643896104877140e-13
1.202177103407000125e-11
5.391282885019777421e-09
1.909204385810533775e-14
9.037805913197589099e-11
-1.181134123747060206e-08
-3.990142643123539675e-07
6.018386275164564954e-12
7.548964693241893662e-09
1.618291241579260232e-07
1.144903591833722619e-13
2.279838476509414612e-10
5.177781352647123852e-10
5.420325406356726657e-12
6.324519441807098670e-19
9.881346029967479106e-13
3.514582221918600178e-12
7.015832140960963893e-06
1.039910336423771563e-08
1.738201309172690377e-12
-8.329459437770194318e-07
9.256048551526207094e-13
2.285462448078890433e-12
1.538535874115344337e-12
2.266915395942678175e-11
9.155581453432463912e-17
7.309356625682305197e-13
9.655911551082481231e-12
5.302076852568663773e-14
8.947276537280247752e-15
2.753615839452707866e-09
-1.283623172077048415e-10
1.973943636305368214e-10
8.172434803358177878e-09
9.021300748933977336e-11
-1.955246181976167092e-10
4.378884419615035423e-07
-4.932044997717133919e-09
9.088892975473901143e-12
3.902794839369579523e-05
1.384075734827209409e-13
-3.548061159470646437e-05
8.323323570607394848e-13
7.452745673188110293e-10
4.196311435492714206e-10
1.532198653006468201e-14
6.822583031310237942e-11
1.455365480306422272e-09
-3.337764252594120739e-18
1.771499727500788508e-16
7.062423186674964997e-15
1.504383472735903957e-12
-5.426801303859972698e-13
8.782154849141501461e-11
6.722169963114662646e-14
5.000309539326605179e-09
-3.919174252667323477e-15
2.551431951806760349e-07
2.453532165364361995e-19
-4.904203662243911097e-10
1.820003457710749763e-12
-7.667741530694768784e-07
1.637162935376355462e-06
8.181405049686215035e-11
1.833467941447140571e-12
5.042420964285753222e-09
-1.402225532661416723e-13
3.468047043895784504e-10
2.226463060377345830e-15
-3.139163357303333169e-12
8.287518217781305006e-10
-4.389202570153120741e-08
1.027121159284969428e-09
-1.607663229366638977e-08
2.772444524027845768e-05
1.287830850244258945e-11
7.744978293348473856e-11
3.873795864902652110e-14
1.865815276692072178e-12
1.344498323078490203e-15
-1.900766785035374826e-06
1.326205655485679859e-05
-2.848018192563663105e-08
2.525703538407256552e-06
3.034258283956169821e-14
4.611222205203594301e-09
2.539609067704526492e-12
1.782702346421619597e-10
-2.123192900224510550e-08
4.604546146486503015e-16
4.229454585283676383e-09
