1.316927601252977281e-15
-1.602737985480601353e-10
9.209920101483281671e-10
6.636753653132706825e-15
-2.602804995862727218e-09
-1.611900495527062756e-11
-3.729321349863193857e-11
-6.227294623848424106e-10
-8.569056990226518087e-08
3.716249369660479560e-13
-1.276454204120557842e-13
3.477922172047485294e-09
-2.585987504582651014e-12
6.838633340540957281e-11
-4.748439003969127616e-09
-1.855039416332068963e-05
-4.611987443429381926e-11
-1.891752532637381108e-11
-5.743801095551124360e-09
1.761704567357500476e-11
5.860368248748772649e-09
-6.100172926593473639e-10
-4.679665086179104020e-13
-1.307930418638819636e-12
-1.356793796531512642e-17
-9.153868538465669564e-13
-9.196524504428973970e-11
-2.025428975880074933e-13
2.140182858406894155e-12
5.746485407275967762e-11
-4.150978653954425483e-08
-5.514486698703441217e-13
-4.109116546909398728e-11
1.074235828927555258e-10
1.572692046949971832e-12
-1.229893102979801558e-15
3.438044767438335611e-15
-2.015641809708435831e-08
-1.805907755296608035e-14
1.647192890984134685e-11
1.332026542337033223e-10
-2.118425543204816704e-10
3.108499467562663140e-13
-6.118385798209346070e-14
-1.036198574593993616e-12
-8.915387783148994815e-12
-1.301124223760804741e-07
3.219637878185079632e-09
9.991760396880034613e-16
7.818255198930390030e-18
1.464533091919131099e-14
1.143968849974220193e-10
9.163301973969834245e-17
1.258104838692492911e-04
-1.087373834457829805e-09
5.628323084869983364e-07
2.020145534557306086e-14
1.786672162374022358e-08
1.408778701052420478e-11
3.922387153841629704e-12
1.223916417530245337e-11
-2.543651208279416156e-10
-1.557374167413505382e-12
1.817190772433436245e-09
2.312945481387938094e-13
-2.106188737120957180e-11
-8.960644324631783508e-01
-3.028621682166478995e-12
3.387051932265596943e-13
-2.901928918104060311e-12
1.919969442078209322e-09
-2.183633623147075709e-02
-1.137692577522005881e-09
-7.332865143679886203e-12
-1.056464685582875067e-10
-4.368992897191903326e-14
8.295447313382740475e-11
7.884940076725291926e-16
2.722319733457653586e-17
2.156595429110429317e-11
6.017928993339346196e-11
5.990861906333427800e-09
1.972152475490328976e-13
-9.013014532762702387e-09
-8.538927911748876538e-14
9.799158082735764899e-15
6.521563207900820226e-12
-1.960086588659743148e-10
-6.950574332750035712e-13
-3.948263678596922073e-13
1.141109784656051121e-13
-7.723364934987420656e-12
-1.641029895823992197e-11
1.065570089912172713e-09
-1.196310525390970874e-11
7.855618315232887855e-12
-4.043097748196856627e-15
-1.239886098625315286e-13
9.169158687729549858e-11
-4.540232881986245684e-09
-1.396069614040013023e-11
-1.805747757932570010e-08
1.773645506829951808e-12
2.561135354930108605e-13
-1.678882069486124258e-11
3.291293405171781332e-12
-2.881160946781955565e-12
1.582331347507881284e-08
-8.694536080424201954e-10
-6.045550095131325058e-12
1.098261792739273778e-13
-6.823670297221296592e-11
-2.450413848382697300e-10
-1.818097196067721502e-10
1.501714233419376175e-14
-7.901134492754914133e-16
6.781448745066690070e-18
1.090344057370621416e-11
-6.330582187908268269e-15
-1.057614620716282446e-12
4.826520767948792557e-14
-2.726804324498620239e-06
1.596102247173297399e-09
-2.622625966667548333e-14
-8.875715167203252536e-11
-2.844492585172341634e-12
-2.828218544785760267e-15
2.662728173682062820e-14
2.470223425475075017e-12
1.970045170922810568e-13
-9.032550700057370160e-10
-4.305343138165696220e-14
1.487355210669021109e-14
-1.151577251252151068e-13
1.156420666821812807e-11
3.584779864815374985e-12
1.069835176850197281e-09
-5.864335895294871821e-17
-4.692824182091760813e-06
1.599443336208396110e-07
-7.903539285060379795e-06
1.025706898350281272e-12
4.607388274065695897e-11
-2.166484750709306231e-08
7.989372483416830346e-07
4.021394530527845066e-09
-1.645813724283404026e-11
-3.878549165780840838e-12
6.714987002104713541e-12
1.368333463364627323e-09
-3.750291783242520736e-07
9.454125239502395313e-08
1.158863910763186191e-15
-8.394367502205957229e-07
4.237866507418419230e-11
-1.409787423184628878e-12
-1.955678857928067277e-17
5.548261960888592825e-11
1.958164451262108250e-08
3.262115216802408958e-14
1.234215314944976173e-09
3.199983995365262295e-14
2.363186259626087715e-17
-3.812407986141950742e-10
1.148696437908320873e-14
3.096618434211185147e-16
4.825312361213116176e-14
1.115280124614650622e-11
1.563996589965412168e-13
9.808079572640754982e-12
8.886665371350250677e-14
-1.661617391204581788e-07
-1.513612995460884415e-07
2.303184273581595271e-10
1.814137635551248438e-13
-2.013449455847027592e-13
1.482601503988740342e-06
-2.971197668199916215e-16
3.396139301724859484e-07
-2.065376366130910511e-15
6.490149571142151879e-09
-2.730081291249511198e-11
3.612594418602414055e-14
-1.148751983242541644e-06
-8.130816500155005974e-14
-1.152067034244495967e-10
-1.872962267556573241e-11
-2.274003902067283136e-08
-8.530714967695938153e-11
-3.877512239307875106e-13
8.538948993184235831e-13
-7.196605805686432489e-12
-6.339182320388944093e-15
-3.335777810844498981e-10
-1.425919001626837375e-10
-1.407756709158767102e-11
-7.171047331476943869e-10
4.565027398558816810e-12
-1.440763111637107214e-06
-2.175332599385179910e-08
1.819601760271318358e-15
-9.229366705246828029e-05
-2.128204709377286435e-10
6.369298497566037804e-11
6.672163568912418614e-09
4.012299410349886980e-11
5.231492298333208412e-15
-8.376406291156969251e-13
-1.366822612265380013e-13
3.391976967904220429e-08
-2.663608272966946316e-15
4.742711803315139616e-15
1.174268768937419109e-08
-3.241071324717222791e-09
1.283692147465309329e-10
3.124798889266800372e-12
1.546183442274293015e-11
-4.321723861659814902e-09
5.828683395898741046e-11
3.772322665245044223e-14
7.644420020491539383e-14
1.845309489018776404e-13
-1.909493651836211371e-13
2.425207084638345828e-11
8.829239441588721747e-10
-4.060786102893962054e-05
5.268953040681941744e-09
3.054834584585467424e-13
-4.211306860211125270e-13
7.606550646847706883e-13
-3.774731000894596179e-11
-1.778909074766942407e-09
-6.511900676648073856e-09
2.199981064848730302e-10
-4.199266929791495377e-12
1.604984479827481014e-09
9.521537710300648375e-11
-2.408788146091743989e-13
3.146264317842097087e-10
-3.141194236706899862e-08
2.944083791107253070e-10
-3.280684374789737446e-10
1.083687254725795555e-12
-9.834886965165220813e-10
1.704878687487346831e-09
3.751496319388783699e-09
1.236188871514937637e-09
1.221402040255785725e-12
-2.513026066985326375e-03
6.257536926214853118e-12
1.315230671282647083e-11
4.246619089988612845e-14
-5.006270173019737860e-09
-6.496970341807897545e-11
-8.084741175537198287e-07
-1.786422294861550106e-15
6.015439535966031883e-11
5.100835353771599114e-12
6.468040189962960849e-13
7.516760994801264305e-13
2.895252805616109881e-16
2.018425658316534288e-12
6.164283134863816693e-14
1.443719781840951258e-10
-1.049727108898330621e-07
-2.923841215637838648e-06
1.718697508166174454e-15
2.034764126118749978e-13
3.182908404015811689e-08
-5.752772212438857553e-15
1.392008821781960589e-15
1.848372064200716358e-09
2.979856259376962281e-12
3.764905125566236403e-13
5.823283882555561639e-13
5.948784703617036214e-08
9.135957491573337777e-12
-1.201395171142111018e-09
6.941674579600890121e-10
-2.075153114461828823e-08
1.108068641443935126e-12
-1.536120645096105302e-09
-3.715437607070368490e-13
-1.661672668322587187e-13
4.104992643912547342e-15
1.226949098841086575e-10
6.762505238314304740e-05
1.263362483730113658e-12
-7.168640920920327130e-11
-5.230528475348582729e-05
4.775972769725247157e-14
9.196246121180375485e-12
2.899315143551007699e-16
3.763304666373098225e-13
-1.626468141824510310e-13
-1.229148474049625900e-09
-2.721337821425711326e-13
6.925248481030835036e-12
-2.602357955611989355e-09
-5.017548507509289654e-11
-4.141206878014741627e-13
8.985389703895259354e-11
-1.735097570881530893e-10
2.379580068856934510e-07
-2.110779136360128116e-09
6.643418657651303550e-15
-1.289278895371780844e-13
-2.824442922594311938e-11
-3.291498217715363946e-09
6.265941279175466782e-15
4.867637946566541604e-16
-7.904362441529121326e-11
-1.233269038546344857e-13
1.698656719727639109e-12
1.128288535503589446e-09
-1.748632800956735194e-13
2.708791084776429505e-09
-1.453969052724504302e-14
-2.233841686924210879e-09
-1.944522220071400117e-06
-9.133371327080134765e-07
1.491137429023523158e-11
-6.507086705561582864e-10
1.959877121410874874e-09
2.387727876532662954e-11
-7.205396330041456580e-16
-1.676647372438568320e-06
2.252695755330186954e-17
-1.041584465929539226e-16
-4.767701588242267086e-09
-1.398820801790396356e-11
-2.442500630761254515e-14
7.720456042601815525e-10
6.299929200153708311e-12
5.033466462446280855e-12
-3.920923052660247882e-09
7.434764337578304195e-06
5.673857432751720099e-13
5.908912953202576233e-11
-1.856439664776457033e-09
-1.858471708624233613e-14
3.557256122609522036e-06
-3.584484415927191031e-15
-1.614467203896169377e-08
1.843217068193085729e-12
1.644798797575684210e-12
-1.396025729682463080e-15
-2.974856747859822036e-08
-2.101555873362180595e-12
-3.639160069142993685e-11
1.757193523662834307e-09
2.452545157773147354e-11
-1.941676148331837544e-05
-1.054140873428056387e-11
-9.996654554963464087e-11
-1.949848459364635906e-06
8.995182432556541912e-11
7.587775578924924101e-10
3.291414591521115627e-13
4.940424446661776737e-12
5.149470560197494022e-16
3.303694807293127377e-08
9.980395732428841398e-15
-3.177385602615427162e-16
-2.294208243765543696e-15
4.863354304623948869e-15
4.549944481536489857e-10
-7.320250006767749064e-13
7.037634801555124749e-16
2.355562849840428091e-08
-3.899285911418058525e-06
1.399454035398185124e-12
-8.699125159225710706e-13
-1.564700287081351645e-12
-2.257262728853663389e-06
2.110597296204322265e-14
-8.439568615962555314e-10
6.545536614616174444e-12
1.878675064231459270e-12
9.264973801822994265e-14
-3.544629977599055647e-09
6.483643814865932732e-11
-2.428105062485298421e-15
-1.439262548026498955e-18
-3.245936356434794487e-04
6.812650016975440977e-12
-1.330334910991558005e-13
2.982265480954137438e-10
4.510424676835431842e-14
-3.005782037179865762e-09
-1.535435352059466458e-11
1.392649271408455202e-12
3.041043563865430112e-09
3.746264508293494177e-12
2.831794818539270476e-11
6.129448356164941720e-13
4.197029692646111898e-09
1.342629043587233189e-11
5.225306219492509584e-11
-1.106127574042882380e-09
-8.144667012456569344e-13
1.023383357633073672e-05
2.606387789839650719e-08
-1.936077673392734994e-11
1.783355150996877658e-11
1.355007766281766181e-13
2.602974916854879312e-13
4.385524263051322160e-07
2.795219336623533781e-12
1.083244677775042331e-13
2.013974151871359242e-10
1.580293395327808713e-12
-3.286397553593369143e-08
1.155744570220267931e-09
1.677014385651711693e-10
-5.492592580840500119e-07
-5.471249650534208636e-19
-1.934707334232618393e-09
-5.444912339790448138e-11
-2.439965005837305332e-13
-6.706919247304066147e-13
-3.922343893286219836e-11
-9.362361100283747785e-08
8.139830278433059860e-18
1.338714737275279308e-10
2.011233528124311427e-13
4.886349514063032271e-18
-6.786774848421774674e-13
4.434451976750195740e-14
2.875222760026133586e-05
-4.083872038934500350e-14
3.969402989374969658e-10
-2.089206301770219216e-07
1.351653340754624474e-14
1.354711692710811703e-13
1.245784876944271587e-11
8.146233219150500168e-13
-7.173137137549211629e-07
2.318105238438521569e-11
8.926690842412402204e-19
-2.827705137841508475e-08
-1.315811734388320795e-11
3.391182696729267830e-15
8.150781068461891681e-12
-2.690912223882040614e-14
-7.929270902106106563e-13
-7.176788361002129363e-16
1.175968676843807223e-13
-1.056625745451200108e-10
-2.673778295600784301e-14
-1.005945738934458948e-11
-5.299318640895833598e-13
6.285616912358990206e-12
7.627910752931870178e-12
1.270609182372806089e-10
-1.097911431878157284e-08
-1.000439043869599593e-11
-1.302180400943879762e-14
-1.652098129364882980e-12
-1.000782137351570536e-08
1.949463868334045602e-13
-5.724758030486765597e-14
3.262909691292501131e-13
5.456849884416469147e-19
5.689254187413931666e-11
2.136092562764536706e-10
1.151307304240323237e-08
-1.931506197051044155e-09
-1.476384001972784253e-09
-3.520552232538071479e-10
-4.918596319020580310e-11
3.063016915303938075e-14
-2.368294074073138389e-10
4.803531928903016638e-14
3.507171095009872547e-15
-2.635443844738855491e-11
-4.233693693353006914e-08
-6.340266814189646342e-15
2.111341304390740268e-10
-1.902196789730137291e-11
8.750395630132499244e-12
-2.506586675655668849e-10
1.072697381477566454e-05
5.524001932009432979e-12
-3.298397437976084646e-13
-8.283207127017841646e-09
-7.635131176825542651e-12
2.179898071003668257e-15
9.331507860743978022e-13
-9.105276452077144172e-07
1.692281446645927212e-14
1.007425902425186271e-09
-2.415162780712921403e-14
5.424139701900021283e-11
-9.002083860388225050e-09
-4.549140256012639642e-12
6.838190970741699373e-12
-1.243698321697150160e-08
-4.676555652045296891e-12
-4.672479941062225349e-10
4.613558558721463762e-13
-4.079798471746853638e-11
-7.491492632280654244e-12
1.831854503021943261e-11
4.914229443015981044e-10
-2.484125498776130469e-05
1.271874580138709535e-13
-2.698440297967667726e-10
-2.033580715789517903e-07
9.927316600407013461e-12
-5.466891961401147046e-11
-1.164684825450463993e-09
3.057131680829240971e-11
-2.527074216394471401e-12
-3.787370677957127708e-12
1.690725099694403389e-07
3.611776451520118337e-16
-5.454644804309583823e-11
-1.233472828066996858e-09
-2.333493709157148510e-10
-7.314842338440083593e-12
1.819591177063087096e-13
4.038987696916571789e-09
-3.467032472803575876e-09
-9.174077638388515441e-13
3.320998842007593744e-12
-1.209313082778478296e-12
8.756356684555819809e-13
-1.084152981111272001e-11
-1.067811201710285420e-15
-4.902092777699316837e-11
2.406234383027533923e-09
5.476775339716001295e-09
-8.445935685693469441e-14
-8.097169024891369297e-12
-7.338561366606708921e-10
-2.340075548449753396e-06
-7.306160528191491753e-12
-1.399075452599785984e-12
1.369333422603257360e-06
-1.308689346791472809e-12
1.314383921151007970e-15
4.878143175505732358e-12
-3.813106883091571860e-11
4.776608792507260224e-10
5.375376411700442582e-15
-8.870704825507514600e-13
1.052041702288865679e-14
3.325479486201884573e-11
-9.244358836806983940e-13
1.375222705263777292e-11
6.184958490980916844e-14
-1.153795936331540418e-08
-1.427424215331331314e-11
-4.245655955270833224e-11
7.989816808792219001e-14
-3.884357725941753478e-14
4.288213644804034828e-06
-1.633297106271500640e-08
4.574378530404995924e-15
1.735876891861750806e-11
1.228461648459492477e-08
-2.867603708370272788e-14
-2.257566681347240720e-13
2.316771849386642395e-11
-4.882248261176095024e-08
2.041058676910344480e-08
4.606101656861460447e-10
6.689664838645187189e-18
8.232500717766428655e-12
-1.188876017559672852e-03
2.752556842278312841e-13
4.263258339524831544e-09
-3.129516157803141723e-11
-1.323368758484677671e-08
-7.502477372373398309e-10
4.307274751956637980e-12
3.653161151635465299e-10
-1.602842794163710931e-12
-6.574299745121705795e-13
1.575962991710833762e-09
6.642229103659049542e-12
8.202433493479793013e-17
-5.789913439025356471e-12
-7.708025880463606408e-11
5.224914019221552621e-12
1.714108820642957775e-10
-1.195877187697572196e-08
-6.302240263097144494e-14
-1.058928898094624323e-10
-3.029388728651260037e-09
7.740125690496986398e-18
2.117048499706708022e-12
-3.844691426552278012e-07
5.213328826132468914e-12
1.588652210086183339e-11
1.735803347377643099e-04
-2.229139681233396156e-12
-2.915087958138817899e-10
5.139204332366824921e-13
6.193107691083287728e-14
8.371287773938782502e-15
1.097740906226453669e-13
9.869522429182215005e-08
9.370205797840244237e-06
-2.513421984338030562e-10
-3.103725045646326117e-15
-2.551324970268397449e-11
2.342028053676028642e-11
2.305781590750362760e-07
4.671226534745486560e-11
1.395358403417280524e-13
-8.816089511445333917e-09
4.910910550452161450e-09
-4.150581614967764919e-05
1.169481750573826794e-13
-6.981316773116614172e-11
3.502014446050784528e-10
-5.507640088757765074e-12
-1.543470800616065675e-13
2.146990626562156492e-14
-8.857654472723641531e-16
2.519447170358500210e-10
1.731104026405916949e-10
4.791948806759296790e-13
-1.883416677217046722e-10
3.897559086395471451e-14
1.592958681252047460e-13
-1.174040096182540837e-10
-1.213429891766141413e-14
5.009734931849096181e-12
1.019539479410063530e-11
4.194787143373325903e-09
8.982988878028943181e-12
-7.223612292127738740e-13
6.169372958255375686e-13
-3.512892556951350335e-08
-1.101338645862247168e-15
-1.236158136205230899e-12
2.213579730152114830e-12
2.980971807829164128e-12
-5.873737893520413928e-11
3.864249101856298816e-12
-2.102390168689040323e-10
1.038409374957934347e-14
-2.099577720702700636e-16
-4.884103952807761694e-11
-4.360926934117548057e-11
5.090994048253449147e-11
1.720070460859144669e-08
-2.613809250449263763e-14
7.115653883718078157e-11
-7.012080881398034328e-10
-1.691417756348998367e-10
-3.250194650479476238e-13
-2.712838164093236244e-09
-3.254275247033823853e-12
-3.157312025747243235e-08
-1.116662887634275028e-09
2.131881688494056292e-10
-1.185131687082149343e-10
1.364667705403119509e-10
-3.642585858836637485e-15
-8.683467929895389332e-12
-1.506871723194716419e-04
-9.555687336749756753e-14
-1.849323226617171324e-05
-2.485211897164311256e-09
-4.838874917320202255e-05
6.076640466744528386e-12
-3.550134900142371052e-10
-4.338672730953470396e-15
1.019078815658597228e-09
-7.261682009554261476e-09
-8.161439621592445368e-09
7.087238782072521194e-15
-9.639897446968841508e-09
-2.118332233026871649e-13
7.931743468210425456e-09
-1.617071517128891207e-13
-1.148576762231870025e-05
4.881943837709916384e-16
-1.420466012381585364e-12
-1.312339843653170687e-07
6.529920745365843787e-15
-5.597916188799446422e-09
-2.097815182016202423e-08
-1.384914057027955096e-14
-2.393100227232929982e-08
4.195444635225743262e-14
-6.173555290442312331e-10
-4.486119509127712727e-06
-7.214081721073586162e-12
2.228094024719312251e-08
-3.123291213744762556e-11
-5.441268543228519140e-07
1.406629916469588399e-06
1.433425530173520834e-17
-9.437771957407064402e-11
-5.098124159261852654e-10
3.323040974203409260e-11
3.044038652540974493e-12
1.676103426925447738e-10
-6.098753825311457356e-13
-1.299142345792581639e-10
6.065427264111272590e-15
2.038654384752239008e-15
-1.095533403423954681e-06
-1.426433921022053708e-09
-9.664091510051645287e-14
2.576447255618695094e-11
3.411917288238467729e-14
-6.377990627768024429e-17
2.317766885701368292e-08
3.526851366339640128e-11
-5.518915343637190228e-13
-2.156890461501621299e-13
4.263362634223908779e-14
-7.756092996406577915e-14
-1.020408882731399497e-13
-2.027539186405332116e-11
5.779428960887256652e-12
5.594918256430536835e-10
-9.908370774761093771e-05
1.426735177750236514e-11
-1.104192902867199619e-07
-2.029545079355095378e-12
-2.101635139095144852e-05
-4.472589430218273244e-07
-7.893557573926395911e-09
-3.750114669384428780e-14
7.333975590671471351e-13
-2.290880243115852063e-08
9.744444046802288996e-18
7.842257867207978035e-16
1.053420438696481728e-08
-1.086956189437039386e-15
-5.730785912178277959e-14
4.433775071109372634e-01
-7.310766111443522303e-17
-1.974700588998580455e-04
1.629096269672912897e-12
1.140816398999082493e-10
-3.375547723395047313e-16
-5.379129404086115877e-05
-2.856384292175192000e-08
-6.661790678489813629e-13
-6.680267648735606670e-10
7.543122469655639360e-08
-7.449401753554487985e-08
2.309513419659300390e-14
-1.067765777618049228e-10
1.300991236358626157e-10
-1.234476806487582772e-12
-3.097705677001642052e-05
-9.283139883714840722e-11
-1.192405013567336220e-11
6.220608907842088885e-12
-1.722181778150757826e-11
-2.956651109412088194e-07
-1.558720637173687446e-07
8.139127798449614345e-13
9.261471999778469942e-16
-1.342272712562241186e-11
9.826487918575224154e-16
-2.942099015276476549e-11
1.546248469994139858e-15
-8.160933012025216683e-15
-6.752228249847612795e-08
5.052407284864495751e-10
1.946989898891202991e-11
-6.631527366441986462e-19
-1.250373498577701967e-12
-2.242949612183035646e-11
2.353620478795484463e-09
-3.566722611513144263e-14
-1.413576384861283805e-12
-2.022104228057632444e-13
3.120679211931265826e-20
-3.973532569371312000e-12
-1.311389755084755256e-15
-7.240538252975562093e-12
1.491686730286815965e-14
-8.943631538250136114e-10
-1.990067751176390106e-05
-4.216886074719747305e-12
1.940324443795413242e-12
-8.147017994595574564e-11
1.653896348332513688e-15
-1.231423986379618346e-10
-3.174431833922222703e-13
-2.449660685674627218e-11
1.284409733352596084e-11
-2.973616466224742759e-14
-2.375744255355478046e-12
1.381654221783332999e-06
4.546505404211695457e-13
2.686796736332886040e-14
-2.498988115781344593e-06
4.246136770289891699e-13
-1.575979970175143866e-07
1.697325181877266863e-10
1.336436160675360692e-11
3.241128457237517455e-10
5.903002813837991578e-11
1.394233164485923171e-14
8.247527408331543820e-10
-6.396006332431857755e-12
3.182370784915171413e-10
8.375030389870447292e-11
-2.721077755606140212e-11
-8.670770166794883953e-09
-2.145817636116643508e-12
-3.679428003920451453e-12
-7.996833076472252170e-09
-2.279995318251093502e-09
9.929674959335270481e-16
-3.315760286196898815e-04
-1.007995975780782611e-12
-2.486036893219690189e-12
8.731704609360186303e-17
6.822007623537932590e-11
-4.750238323039313746e-09
-1.530507900004326852e-09
1.418339248947557854e-14
-2.503025512079931414e-13
-7.771739446235146055e-13
3.811796406956489105e-13
-3.405880569173405714e-11
3.001442997636939438e-14
-5.050481936477897703e-09
-2.342273224952130037e-09
-3.365456802103256377e-14
-1.228108442697496232e-07
-6.317547563946179319e-10
7.501450181626782979e-10
-1.518725712094617280e-05
1.982018040598152627e-12
-4.161929213757755497e-10
-1.056256144445415366e-11
4.514151824975830927e-11
-6.634755725332006963e-11
6.014178236291280536e-10
7.022503169388125643e-13
-2.685400716341837430e-10
-3.775951194666676429e-11
5.078241494622512567e-07
-4.673962426223401534e-12
4.137964769573845310e-11
7.694152888711528728e-11
1.240424536855254792e-13
-2.081641906329671966e-12
-1.358928675198581214e-11
-8.398139782626049152e-14
-3.745835013264583075e-07
8.343616981527229117e-10
2.690866479719980202e-09
-5.692865961866121407e-17
6.513065737249858323e-09
3.105463464880148656e-13
2.099733423109828196e-09
-1.736929020556633353e-17
6.562238870759122021e-18
4.498800574722586776e-09
-9.651598895355288409e-08
2.558806031594823077e-14
2.170064219998766600e-16
-5.757184540305464741e-12
-1.128064816378188082e-10
-5.426171999267960032e-08
1.669660198188810996e-12
-9.983258882889663799e-12
1.306949997896724724e-16
1.804758321924642405e-11
-1.120326216434285600e-10
-6.571417576553921542e-07
4.823069950555958205e-11
1.313552354475250209e-12
7.331012881683037258e-12
-4.324000352836890988e-12
4.609051954383879305e-14
-8.043459070388462050e-15
8.541789328109619220e-12
-5.993977143148710618e-13
-2.657703593209905717e-12
4.988572800076152384e-14
8.097461191446177547e-11
5.073090534784444533e-14
1.019389337675588689e-07
-9.215285855927116668e-12
-6.323986395032826420e-10
-1.122407808761484668e-10
-1.054794845874326323e-10
2.724297728741137894e-12
2.118362009123373837e-16
-4.976284970176546392e-13
3.091913474260697605e-17
-1.255361875268950916e-13
-2.579162491097617289e-11
6.162385682526884304e-15
3.079882402281062591e-12
-2.308965705472397653e-08
1.384530859507898983e-15
6.386969764883517675e-09
7.838659722496377616e-14
3.015281685143110622e-13
-3.135472468622530217e-09
1.257832017667258562e-11
1.848770018409162630e-11
-1.699685862970106962e-13
-4.150402079833239091e-12
5.405473530592158703e-10
-3.047224083385230182e-14
2.686209171046039725e-11
-1.445143496169362436e-08
-8.453663783968422371e-07
3.578990838847748191e-12
-3.166514229003729693e-09
-7.074320739088165411e-08
4.790756255108883605e-14
-1.473573556435723922e-11
-1.753560474732579475e-10
3.577507193812278022e-12
4.480377075893525607e-19
-3.403424297792135806e-13
2.326748179051395853e-12
-1.819424124526024136e-06
2.781364615411174920e-09
-2.499907678823582876e-12
-1.691871664401685863e-06
-3.444255371486740446e-13
1.131814692297540804e-12
-6.971020000400282126e-14
1.316227609654362107e-11
-3.243174088113059905e-17
3.696841252149928485e-13
5.871246152320057691e-12
-8.876430919777633903e-15
-2.959884519070972496e-14
-1.045030800121951760e-09
-2.263121787062232020e-10
-2.749272347225534323e-11
-5.066901463840252828e-09
5.974306222993581717e-11
-3.687733385142679687e-10
2.867359449633308583e-08
-5.998293029555769712e-09
-4.372442663908599947e-12
4.579223161125075192e-06
-3.599797458451439332e-13
-4.293694893943694052e-05
5.490644218995454265e-13
4.935043093513684636e-10
2.616614663215111558e-10
8.894560474613319937e-15
4.198988731488062841e-11
8.980647875803162127e-10
-6.588855392815665336e-17
9.345647670379028822e-17
-1.592467030562508670e-15
-6.857161596234211945e-13
-9.412166796861740613e-13
-3.339603177017437375e-11
2.284872614485942649e-15
3.311209887179817772e-09
-6.073595931160407162e-15
-1.434583369262041518e-07
8.007060981385594982e-21
-1.226784093929427199e-09
1.015171613735592484e-12
-1.288663821764031120e-06
1.854992199530978960e-07
-1.272956558050907753e-10
-2.982853926950667379e-12
3.168278887914143276e-09
-2.623823358864940201e-13
9.161884145226076644e-11
-1.402196208255757619e-15
-5.091759879543135260e-12
2.277500097457995214e-10
-5.554311163936508095e-08
-2.634335455399410200e-10
-2.026770517478461190e-08
1.836042578268801790e-05
7.514026513765390092e-12
3.681561764426109568e-11
1.278468595634679838e-14
8.021891369838134935e-13
-3.475333766943102089e-16
-3.032868228681220481e-06
8.834000435652475860e-06
-6.860244881192604383e-08
-8.121059225259597231e-07
4.254947446616506860e-15
-2.480791425117812141e-09
1.675717647159768848e-12
7.059221001070191551e-11
-4.240127729335002476e-08
3.497517838772119687e-17
1.692312809897970195e-09
