# id Eave Estd E_Sti
0 -0.87530 0.00867 1.408389408e-07
1 -0.88074 0.01800 9.870760833e-06
2 -0.88757 0.02346 1.996468607e-06
3 -0.81755 0.02318 2.685286540e-08
4 -0.84030 0.01327 1.054716648e-04
5 -0.77539 0.01728 2.051437398e-09
6 -0.80798 0.03473 7.338485154e-10
7 -0.83027 0.02495 1.178594606e-05
8 -0.84219 0.00807 6.177261823e-07
9 -0.87218 0.02581 5.173329456e-04
10 -0.82448 0.01442 2.257890772e-08
11 -0.85720 0.01089 1.147806982e-08
12 -0.92570 0.01775 1.590766438e-05
13 -0.83882 0.01442 3.900319774e-06
14 -0.79135 0.02109 1.767317804e-06
15 -0.84741 0.01876 7.341631256e-06
16 -0.90009 0.01866 1.150794257e-05
17 -0.96513 0.03405 3.199416973e-06
18 -0.68032 0.01940 9.028744417e-08
19 -1.00218 0.01992 1.288166034e-06
20 -0.87159 0.02233 2.562850620e-07
21 -0.72878 0.01841 1.495282270e-08
22 -0.88380 0.02440 1.435617041e-06
23 -0.85531 0.01656 1.376059151e-06
24 -0.92359 0.03494 2.519860266e-07
25 -0.87466 0.02790 6.218559213e-04
26 -1.03601 0.02456 1.800483342e-04
27 -0.81865 0.01719 4.391920026e-07
28 -0.83398 0.01992 1.152487769e-07
29 -0.86517 0.01434 2.837418534e-09
30 -0.95703 0.02766 4.341612767e-06
31 -0.98000 0.02345 3.082714678e-06
32 -0.86195 0.02064 1.040967754e-05
33 -0.86982 0.02778 2.892426540e-05
34 -0.93814 0.03372 1.145087651e-06
35 -0.92705 0.01583 6.028267359e-08
36 -0.82541 0.03171 2.414043976e-08
37 -0.95236 0.02325 7.158996435e-07
38 -0.99567 0.02057 1.020353212e-05
39 -0.82166 0.01940 8.567333556e-08
40 -0.90374 0.01262 4.501759187e-08
41 -0.89563 0.01744 8.375529731e-09
42 -0.78549 0.01092 1.215535873e-06
43 -0.72657 0.02462 8.828184674e-10
44 -0.80332 0.02549 1.027659652e-08
45 -0.69127 0.02259 6.536159809e-09
46 -0.74552 0.02697 4.924857678e-09
47 -0.85775 0.01669 7.011944786e-05
48 -0.78888 0.01955 7.814824443e-08
49 -0.96488 0.02639 1.557202117e-06
50 -0.74426 0.02723 1.034988337e-09
51 -0.98301 0.02596 8.140134717e-06
52 -1.00109 0.02043 9.805884912e-06
53 -0.78811 0.02057 1.419645773e-07
54 -0.91714 0.01984 1.649415135e-05
55 -0.91627 0.02402 1.239613889e-07
56 -0.86384 0.01274 7.402411574e-09
57 -0.91207 0.01928 5.045686105e-08
58 -0.76912 0.03378 1.127884749e-08
59 -0.90756 0.01827 6.510258259e-07
60 -0.92698 0.01689 2.252994426e-06
61 -0.83804 0.03538 2.275448243e-04
62 -0.85270 0.02388 9.029431984e-06
63 -0.90445 0.02319 1.800587353e-07
64 -0.90758 0.01785 1.439702283e-07
65 -0.75901 0.01064 3.891253670e-08
66 -0.92129 0.03455 1.713973490e-05
67 -0.96718 0.04726 1.473780164e-04
68 -0.92390 0.02385 6.272675641e-07
69 -0.88218 0.02057 1.333703671e-07
70 -0.82813 0.01819 5.019641862e-07
71 -0.85043 0.02499 7.009877556e-07
72 -0.80411 0.02315 6.001988832e-07
73 -0.69725 0.01638 3.624125064e-10
74 -0.88078 0.01972 4.216383861e-06
75 -0.82641 0.02483 2.734702093e-07
76 -0.95704 0.01956 4.919319836e-07
77 -0.96588 0.00843 1.102858495e-06
78 -0.73338 0.01725 7.623632589e-08
79 -0.93968 0.01772 5.950294488e-08
80 -0.94264 0.02448 4.518141388e-07
81 -0.74188 0.01578 7.561382808e-09
82 -0.87392 0.02038 4.146103371e-07
83 -0.85346 0.01560 7.559537490e-08
84 -0.84163 0.02096 1.058421458e-04
85 -0.82532 0.03072 3.551234226e-08
86 -0.71149 0.02075 7.018399061e-09
87 -0.93658 0.03614 1.793113516e-09
88 -0.92307 0.02182 4.239371791e-05
89 -0.84827 0.02601 7.700247572e-07
90 -0.91668 0.02404 2.261596310e-07
91 -0.95263 0.02242 1.248814215e-08
92 -0.70237 0.01430 8.448484062e-10
93 -0.89775 0.01540 5.224497595e-08
94 -0.87403 0.01870 3.055806576e-06
95 -0.89001 0.01316 1.170864086e-05
96 -0.93090 0.03229 1.099647403e-06
97 -0.85472 0.01583 4.164877756e-07
98 -0.80669 0.02487 1.028152758e-07
99 -0.81465 0.01391 1.933522687e-08
100 -0.86593 0.02751 6.159485178e-07
101 -0.83373 0.01531 7.627571177e-07
102 -0.90702 0.02281 1.586331129e-05
103 -0.89879 0.00860 2.964522116e-07
104 -0.77614 0.01190 1.039388886e-08
105 -0.86348 0.02161 2.618703403e-06
106 -0.82465 0.02606 1.926978995e-07
107 -0.80576 0.01850 2.334356918e-08
108 -0.86161 0.02022 5.347548469e-06
109 -1.03593 0.01761 6.314026200e-05
110 -0.87005 0.02721 7.752932240e-06
111 -0.81326 0.02623 4.686824212e-07
112 -0.75718 0.03001 1.031189658e-06
113 -0.95618 0.01979 1.647222186e-05
114 -0.82079 0.02490 9.253760968e-08
115 -0.97372 0.02431 2.375238194e-08
116 -1.02150 0.02070 3.509338099e-05
117 -0.81328 0.04391 1.028202782e-07
118 -0.72151 0.01119 1.485195719e-11
119 -1.02915 0.01488 1.589854891e-05
120 -0.92154 0.01506 5.855811702e-05
121 -0.83102 0.02105 1.192156178e-07
122 -0.91643 0.01951 2.480693750e-04
123 -0.87831 0.02985 4.220664118e-07
124 -0.90752 0.01337 2.153088745e-06
125 -0.91012 0.02489 1.893749711e-06
126 -0.87486 0.03436 7.744158336e-08
127 -0.80130 0.01750 1.397195682e-09
128 -0.84172 0.02368 2.282893683e-07
129 -0.82431 0.03396 2.771940720e-07
130 -0.90841 0.00947 2.508362994e-08
131 -0.78483 0.01471 1.992616977e-08
132 -0.81828 0.01822 2.661815214e-06
133 -0.75747 0.03010 3.001158660e-08
134 -1.01341 0.01433 3.770605809e-06
135 -0.79683 0.03044 8.347502597e-06
136 -0.83813 0.02005 1.421981896e-07
137 -0.79466 0.01458 1.153039701e-09
138 -0.87427 0.01924 2.293324302e-08
139 -0.79263 0.03477 4.967644517e-07
140 -0.85703 0.01740 3.838969296e-06
141 -0.66141 0.05169 3.833464292e-07
142 -0.93942 0.01655 9.066235192e-08
143 -0.89692 0.01787 3.745559611e-09
144 -0.82357 0.01488 4.222701353e-06
145 -0.83482 0.01835 9.914025720e-08
146 -0.92779 0.02629 2.435557444e-06
147 -0.76761 0.02087 6.720943354e-07
148 -0.94787 0.01519 6.494054190e-07
149 -0.78774 0.02253 1.080264065e-09
150 -0.94567 0.03150 4.624700442e-07
151 -0.87078 0.02751 7.090408446e-05
152 -0.91227 0.02132 2.140676176e-05
153 -0.73669 0.02381 7.607905877e-09
154 -0.68785 0.02821 5.038473186e-10
155 -0.93400 0.01991 8.349533403e-05
156 -0.83646 0.02843 5.352034071e-08
157 -0.80228 0.01639 2.900770203e-07
158 -0.92112 0.02718 1.939959375e-05
159 -0.77587 0.01232 5.229349912e-11
160 -0.88892 0.03047 3.443185529e-05
161 -0.83359 0.02593 8.031803107e-06
162 -0.97102 0.03428 2.277330487e-06
163 -0.77897 0.02393 5.414260044e-08
164 -0.89999 0.01968 1.101511641e-07
165 -0.85015 0.02309 2.117286665e-07
166 -0.91598 0.01782 2.928537123e-07
167 -0.81532 0.02505 8.987571476e-07
168 -0.85337 0.03000 1.798632046e-07
169 -0.90465 0.00938 1.612709637e-08
170 -0.82518 0.01828 1.722430250e-05
171 -0.76985 0.02208 1.600026231e-10
172 -0.89714 0.01547 1.699645498e-06
173 -0.86977 0.01659 4.225596052e-10
174 -0.81985 0.01298 1.542952183e-08
175 -0.87953 0.01214 5.338899664e-10
176 -0.79921 0.01933 1.330514566e-08
177 -0.79636 0.02168 8.194353128e-08
178 -0.81272 0.02637 1.502026838e-08
179 -0.82296 0.02678 3.122743383e-05
180 -0.91906 0.01964 6.625652442e-07
181 -0.78265 0.01642 4.403344242e-10
182 -0.85211 0.02731 3.676344230e-04
183 -0.93658 0.02363 5.532880326e-06
184 -0.91374 0.01792 4.240532132e-08
185 -0.97776 0.01424 6.886854538e-07
186 -0.80937 0.02996 4.268746085e-06
187 -0.89233 0.01868 9.308874883e-07
188 -0.78286 0.01769 2.615359765e-08
189 -0.79478 0.02119 4.225730433e-09
190 -0.87797 0.02511 9.193632648e-06
191 -0.70131 0.02563 3.088050653e-08
192 -0.86714 0.03084 1.313951350e-07
193 -0.90905 0.03658 1.729749689e-06
194 -0.75218 0.01992 7.316515747e-06
195 -0.89412 0.02641 2.815138427e-07
196 -0.87711 0.01627 3.564797493e-07
197 -0.85431 0.01277 3.658099692e-08
198 -0.90674 0.02756 8.261954753e-07
199 -0.89224 0.02794 5.953058175e-08
200 -0.83203 0.02818 6.627124127e-07
201 -0.90022 0.02548 2.031691342e-08
202 -0.81030 0.01860 1.049142156e-07
203 -0.83727 0.01463 2.056118014e-07
204 -0.85602 0.01835 2.917057066e-07
205 -0.93515 0.02153 8.241060613e-06
206 -0.82198 0.03593 1.838532826e-06
207 -0.93515 0.01886 8.288737763e-08
208 -0.96594 0.01196 1.924350116e-05
209 -0.78872 0.01080 8.997847632e-09
210 -0.82235 0.02598 2.387300817e-07
211 -0.90012 0.04139 6.972126028e-06
212 -0.66536 0.02773 1.195250479e-09
213 -0.87214 0.02475 4.714005902e-05
214 -0.89059 0.01904 6.766092117e-07
215 -0.76565 0.01996 9.124070567e-09
216 -0.89911 0.02140 1.585165423e-07
217 -0.78322 0.02860 9.417195255e-08
218 -0.75897 0.02438 8.593088884e-08
219 -0.81339 0.01344 7.305935671e-07
220 -0.88990 0.00953 4.001597220e-07
221 -0.86577 0.02691 1.662630586e-08
222 -0.83314 0.01152 1.358415067e-07
223 -0.85738 0.01232 4.042076585e-06
224 -0.90683 0.02181 3.194601346e-07
225 -0.87613 0.02699 7.707204708e-06
226 -0.94246 0.02106 9.867039905e-03
227 -0.70308 0.03181 2.384655406e-09
228 -0.90092 0.02490 9.778694391e-08
229 -0.84224 0.02151 7.110889808e-09
230 -0.72277 0.01600 4.467648081e-08
231 -0.93136 0.01880 2.890364824e-07
232 -0.84084 0.00772 5.062863036e-05
233 -0.87974 0.00714 1.522474752e-08
234 -1.02486 0.02108 4.711889337e-08
235 -0.85035 0.02677 3.622598503e-06
236 -0.77582 0.01887 9.992311295e-07
237 -0.80044 0.00802 1.564466221e-07
238 -0.65825 0.01124 2.491973240e-12
239 -0.87058 0.01959 5.559244339e-06
240 -0.97487 0.02103 1.166617922e-06
241 -0.90260 0.01954 1.948965439e-08
242 -0.91157 0.03051 1.087102804e-06
243 -0.84190 0.03373 1.710433600e-06
244 -0.96922 0.02521 1.792109073e-06
245 -0.89480 0.01520 3.266976835e-07
246 -0.95613 0.02577 7.739402675e-07
247 -0.76223 0.02505 2.932385019e-08
248 -0.83152 0.01095 9.427239863e-09
249 -0.88191 0.02254 8.316248157e-08
250 -0.82045 0.01703 8.307859282e-05
251 -0.77891 0.01609 2.559700811e-08
252 -0.92936 0.01123 8.182658506e-05
253 -0.83422 0.01991 5.513366824e-07
254 -1.04862 0.02388 4.406305944e-04
255 -0.95333 0.02740 2.566297281e-05
256 -0.92573 0.00646 1.447408719e-05
257 -0.82347 0.01219 8.689869180e-08
258 -0.82566 0.01437 1.263434701e-08
259 -0.80806 0.02956 8.038913094e-08
260 -0.96710 0.01154 9.217180635e-06
261 -0.89631 0.02653 2.164401012e-08
262 -0.85297 0.02911 2.123985254e-08
263 -0.78238 0.03315 6.567382560e-08
264 -0.87922 0.02239 4.140298934e-08
265 -0.90094 0.02068 1.156584799e-07
266 -0.86532 0.01364 1.082433158e-09
267 -0.83041 0.01751 1.961170512e-06
268 -0.89107 0.01875 1.138684695e-07
269 -0.86349 0.02303 3.874943812e-08
270 -0.91358 0.01926 6.229013937e-08
271 -0.91421 0.01724 2.812408036e-07
272 -0.78144 0.02706 5.732642580e-09
273 -0.81156 0.01630 3.757823950e-08
274 -0.94657 0.02643 1.356250208e-06
275 -0.97004 0.02430 1.097263918e-06
276 -0.82266 0.02366 4.327206948e-06
277 -0.94254 0.00727 8.927740053e-09
278 -0.97657 0.01650 4.131356593e-07
279 -0.77433 0.02843 1.752803605e-06
280 -0.78885 0.02356 4.455637425e-08
281 -0.85090 0.01261 5.403010570e-08
282 -0.82257 0.02324 1.537985060e-05
283 -0.84071 0.02085 3.284176964e-11
284 -0.87848 0.01544 7.403469312e-08
285 -0.92163 0.02622 1.770194306e-05
286 -0.95735 0.02115 6.171837793e-05
287 -0.87791 0.02513 1.551525258e-08
288 -0.82366 0.01463 6.363260356e-08
289 -0.83813 0.01031 3.862952737e-09
290 -0.95438 0.01090 2.132159190e-04
291 -0.68337 0.02432 1.837621426e-11
292 -1.01398 0.02681 6.988029572e-05
293 -0.94154 0.01891 2.873657649e-07
294 -0.78343 0.03107 6.051628171e-08
295 -0.82278 0.01290 1.001179043e-10
296 -0.78264 0.01830 3.026249004e-07
297 -0.77228 0.02351 3.281367119e-09
298 -0.81922 0.03193 1.094432310e-09
299 -0.77250 0.01499 5.443279092e-08
300 -0.82593 0.02698 9.579702190e-06
301 -0.76065 0.02905 1.513390445e-08
302 -0.75410 0.04168 1.577727904e-07
303 -0.89056 0.01010 3.304236723e-09
304 -0.87635 0.01747 4.787272317e-05
305 -0.83547 0.01737 2.308219149e-07
306 -0.82069 0.01782 8.935914880e-06
307 -0.88135 0.02876 2.561179529e-07
308 -0.97335 0.01865 4.717074144e-07
309 -0.83582 0.02586 1.505115140e-05
310 -0.91816 0.02528 1.151340883e-06
311 -0.77032 0.00870 8.883997503e-10
312 -0.83394 0.02518 1.610009739e-07
313 -0.68081 0.02852 2.963021759e-09
314 -0.78055 0.01686 1.857566968e-08
315 -0.88113 0.01402 1.691202555e-07
316 -0.73417 0.01778 1.163949991e-09
317 -0.94815 0.03776 9.924790643e-06
318 -0.77260 0.01773 2.640838141e-08
319 -1.01192 0.02776 1.158850495e-04
320 -0.81989 0.01302 4.809735460e-10
321 -0.81683 0.00487 2.130622754e-07
322 -0.75251 0.02915 7.946642082e-09
323 -0.87802 0.02971 2.351982752e-06
324 -0.90696 0.03112 4.407647748e-05
325 -1.05985 0.02467 8.423864563e-09
326 -0.84580 0.02352 2.072710119e-09
327 -0.84610 0.02906 2.285320786e-06
328 -0.85506 0.02620 7.652415417e-09
329 -0.79146 0.01997 4.450747883e-06
330 -0.86330 0.01999 6.097505454e-05
331 -0.90204 0.02911 6.569859678e-08
332 -0.71779 0.01480 4.420881449e-10
333 -0.84674 0.01850 2.735746872e-07
334 -0.89605 0.01352 1.024847327e-08
335 -0.87101 0.01361 1.357247957e-05
336 -0.96657 0.01301 5.806431788e-07
337 -0.86584 0.01288 1.294049800e-07
338 -0.91418 0.01256 2.420381862e-09
339 -0.87836 0.02359 5.332719221e-08
340 -0.74512 0.01514 2.223880508e-07
341 -0.85667 0.03648 4.225725128e-09
342 -0.73226 0.01893 2.271217282e-08
343 -0.81043 0.02000 2.915821562e-08
344 -0.84550 0.04374 7.481920607e-07
345 -0.91618 0.01431 1.780996690e-07
346 -0.91973 0.01863 3.450191449e-05
347 -0.87303 0.01584 6.567861981e-07
348 -0.94086 0.02700 6.787559315e-05
349 -0.83888 0.01241 1.950442970e-09
350 -0.88366 0.02545 1.645904118e-08
351 -0.83206 0.01999 1.058304508e-05
352 -0.86748 0.02918 2.047632402e-09
353 -0.78121 0.01425 2.780625956e-09
354 -0.78328 0.02810 2.640996552e-10
355 -0.71955 0.01769 2.376267265e-09
356 -0.84756 0.01855 7.075620985e-06
357 -0.75163 0.01617 1.260517269e-08
358 -0.96022 0.03330 2.777163604e-06
359 -0.94194 0.03164 3.068242368e-05
360 -0.89472 0.02860 4.356230111e-08
361 -0.73380 0.03472 2.900052992e-09
362 -0.85013 0.02634 1.327694374e-07
363 -0.82927 0.01096 3.063626392e-08
364 -0.97097 0.01081 4.103617650e-08
365 -0.85558 0.01525 1.839400542e-06
366 -0.93391 0.02032 2.347058627e-07
367 -0.79391 0.01515 4.760905996e-07
368 -0.86483 0.01673 1.444890223e-06
369 -0.97307 0.01686 2.401182130e-06
370 -0.84849 0.01172 1.946160387e-06
371 -0.75459 0.03103 4.042844313e-12
372 -0.85652 0.02056 9.247569323e-05
373 -0.83387 0.01408 3.910795206e-05
374 -0.87172 0.02415 4.426628643e-08
375 -0.82680 0.02877 5.302303214e-07
376 -0.89384 0.02512 8.011488224e-06
377 -0.92882 0.02612 2.070671097e-06
378 -0.79877 0.02428 1.208016421e-09
379 -0.96552 0.01582 1.306514027e-07
380 -0.89608 0.01030 5.127546030e-08
381 -0.72210 0.01514 1.158297709e-08
382 -0.80321 0.01157 4.786455540e-08
383 -0.77324 0.02231 5.980769068e-09
384 -0.71039 0.02237 7.512191208e-09
385 -0.85482 0.02040 3.641204349e-07
386 -0.74940 0.01888 1.982616393e-09
387 -0.86231 0.01035 3.122501032e-07
388 -0.76272 0.02132 3.674217287e-09
389 -0.86562 0.03250 1.048374665e-06
390 -0.78795 0.00905 1.109323132e-09
391 -0.91673 0.01343 4.305015060e-08
392 -0.98106 0.01889 1.056996003e-05
393 -0.79989 0.01360 7.600692481e-09
394 -0.87116 0.04766 8.976252542e-06
395 -0.82803 0.01864 7.821224791e-07
396 -0.92342 0.01987 6.240576276e-05
397 -0.95723 0.01729 4.545073241e-06
398 -0.89597 0.02659 3.196816319e-08
399 -0.99628 0.03658 6.063360397e-05
400 -0.78175 0.01107 1.081299186e-09
401 -0.74797 0.01484 1.536829147e-09
402 -0.85579 0.01179 2.718106355e-07
403 -0.82890 0.02275 5.394735465e-09
404 -0.69453 0.01276 3.889364354e-11
405 -0.92233 0.04205 1.528249701e-05
406 -0.91353 0.01578 1.576385685e-05
407 -0.85301 0.01523 1.356396610e-08
408 -0.84646 0.01624 1.121841133e-05
409 -0.88733 0.01817 1.293760570e-06
410 -0.76439 0.02130 2.223785723e-08
411 -0.66909 0.02006 4.948668205e-09
412 -0.77083 0.02014 7.309204494e-07
413 -0.72098 0.02525 5.875592523e-07
414 -0.91617 0.02678 1.698700451e-06
415 -0.81086 0.01884 1.920727588e-06
416 -0.92870 0.02149 4.888221651e-05
417 -0.80657 0.01777 5.947128866e-06
418 -0.90528 0.03094 2.315569363e-08
419 -0.90202 0.01514 1.215820138e-06
420 -0.71759 0.02518 1.010912842e-10
421 -0.74702 0.00903 4.169311455e-10
422 -0.71144 0.02398 6.095777982e-09
423 -0.79271 0.01801 9.291756206e-08
424 -0.96183 0.01991 2.958161576e-07
425 -0.91480 0.01735 5.728257717e-07
426 -0.93095 0.02047 1.289027161e-06
427 -0.80134 0.02723 4.103883425e-07
428 -0.67443 0.01629 3.242873472e-10
429 -0.90370 0.01732 1.675798474e-08
430 -0.87345 0.03435 3.883527525e-07
431 -0.91632 0.03603 1.814241134e-08
432 -0.91200 0.01835 8.937072720e-07
433 -0.98384 0.02875 8.496470830e-06
434 -0.98014 0.02526 3.752903893e-04
435 -0.86433 0.01044 1.674362515e-08
436 -0.90841 0.01396 2.371653507e-07
437 -0.82006 0.03042 3.777137055e-05
438 -1.01127 0.02810 6.437656542e-05
439 -0.91123 0.03017 3.050102756e-05
440 -0.86789 0.01609 1.560258215e-06
441 -0.76523 0.02865 4.232463877e-07
442 -0.95041 0.01615 5.318979757e-08
443 -0.77332 0.01329 2.097600000e-07
444 -0.89428 0.02331 6.315684123e-09
445 -0.71230 0.02937 4.884964481e-08
446 -1.03529 0.02804 2.245405283e-04
447 -0.90068 0.02438 7.808936462e-08
448 -0.85947 0.01585 3.104967742e-10
449 -0.69721 0.02688 7.219242574e-11
450 -0.71998 0.01892 7.441901070e-12
451 -0.78015 0.03486 2.368778589e-08
452 -0.78926 0.01181 2.639649924e-09
453 -0.88310 0.01781 8.668643018e-08
454 -0.78225 0.01554 3.680950698e-08
455 -0.88554 0.01951 8.986608578e-08
456 -0.80164 0.02609 2.058662017e-07
457 -0.67265 0.01920 5.953317998e-05
458 -0.97348 0.03162 4.710195080e-06
459 -0.91496 0.02016 1.470123256e-06
460 -0.94408 0.01035 1.676317931e-06
461 -0.98494 0.00512 1.093559869e-06
462 -0.97664 0.01848 1.434983820e-06
463 -0.84504 0.02194 2.776235678e-04
464 -0.94425 0.02082 6.255420766e-07
465 -0.81560 0.01860 2.589194784e-06
466 -0.87114 0.01938 2.091864558e-07
467 -0.87664 0.01778 1.452389878e-07
468 -0.82698 0.01482 5.107445513e-09
469 -0.82241 0.02169 6.841589263e-07
470 -0.88641 0.02987 1.407991692e-08
471 -0.79774 0.01999 5.837386048e-09
472 -0.82170 0.02561 1.614343009e-08
473 -0.97923 0.02298 1.776421597e-06
474 -0.88081 0.02344 9.299280078e-07
475 -0.83011 0.02552 1.685264563e-07
476 -0.85547 0.01585 1.460436760e-07
477 -0.88860 0.02105 5.385712308e-07
478 -0.97264 0.03419 1.996789589e-05
479 -0.81829 0.01738 5.989117181e-08
480 -0.71152 0.01907 4.556022501e-11
481 -0.83807 0.02280 2.106115087e-06
482 -0.88719 0.02943 4.482284193e-06
483 -0.73859 0.02567 8.574150066e-09
484 -0.78274 0.02404 6.984903585e-09
485 -0.87470 0.01141 9.629196132e-07
486 -0.91965 0.02949 6.787776543e-06
487 -0.89565 0.01341 6.675496334e-08
488 -0.99938 0.01776 1.377694187e-05
489 -0.95407 0.01428 1.964281019e-06
490 -0.83927 0.02037 3.471460515e-07
491 -0.82952 0.01569 6.720081635e-09
492 -0.81719 0.02678 5.357362192e-07
493 -0.92791 0.04579 2.544036610e-06
494 -0.91710 0.02875 2.354379179e-06
495 -0.89060 0.01719 1.859346426e-09
496 -1.01456 0.01880 1.265115062e-05
497 -0.75084 0.01851 3.570094023e-08
498 -0.89595 0.01061 2.439016235e-08
499 -0.83267 0.00846 6.370744684e-10
500 -0.68427 0.01891 1.157617570e-04
501 -0.91685 0.01347 5.010168180e-08
502 -0.74820 0.01494 5.069746300e-08
503 -0.94690 0.02416 6.250374326e-07
504 -0.73258 0.02074 1.763383326e-07
505 -0.85008 0.03327 9.468615420e-05
506 -0.82977 0.03541 2.050879346e-06
507 -0.64644 0.02094 5.168254144e-11
508 -0.73803 0.01939 5.666465635e-10
509 -0.87724 0.02204 4.662856980e-06
510 -0.87896 0.00885 4.440705495e-08
511 -0.89353 0.01540 4.036122288e-08
512 -0.98033 0.00684 2.462590014e-06
513 -0.88597 0.04087 1.361152888e-07
514 -0.80716 0.00992 8.812885746e-09
515 -0.71842 0.02477 7.055326678e-09
516 -0.88093 0.03768 8.301308724e-09
517 -0.90990 0.02254 1.125763291e-06
518 -0.88939 0.01999 5.141099724e-06
519 -0.81642 0.01559 8.100871216e-06
520 -0.72022 0.03446 1.586124273e-08
521 -0.86376 0.02087 4.440130205e-07
522 -0.93808 0.02498 6.514894738e-05
523 -0.79619 0.01093 4.598330067e-09
524 -0.93588 0.02427 8.907919809e-06
525 -0.78354 0.01910 6.851653924e-09
526 -0.90778 0.02797 1.229100901e-06
527 -0.85760 0.02948 2.209541812e-06
528 -0.89921 0.02266 1.400407907e-08
529 -0.88808 0.01821 3.496696281e-09
530 -0.93310 0.03015 2.101727449e-08
531 -0.88336 0.01918 3.611005753e-08
532 -0.79046 0.01427 6.639608442e-09
533 -0.85543 0.01775 1.762298449e-08
534 -0.88148 0.01973 2.358498688e-06
535 -0.98211 0.01086 5.172621972e-06
536 -0.92642 0.01092 1.197925410e-08
537 -0.88300 0.02708 3.417906607e-07
538 -0.94235 0.01441 4.324962613e-05
539 -0.76836 0.01577 6.157602716e-10
540 -0.92086 0.01760 3.077976999e-06
541 -0.89028 0.02565 3.198177659e-06
542 -0.77445 0.04734 5.660509306e-06
543 -0.77579 0.01149 3.749443229e-08
544 -0.74047 0.01332 1.463573523e-10
545 -0.80760 0.01623 1.525650574e-06
546 -0.86120 0.01993 2.490051656e-06
547 -0.92090 0.02010 6.474729119e-05
548 -0.88140 0.01307 1.989407608e-07
549 -0.88838 0.01951 1.282526793e-05
550 -0.87704 0.02101 8.453790983e-05
551 -0.88431 0.02358 1.342546384e-05
552 -0.93135 0.02012 3.001722911e-06
553 -0.76853 0.01465 2.763596161e-08
554 -0.85736 0.01520 8.076600146e-07
555 -0.83551 0.03351 2.307114802e-09
556 -0.80350 0.01943 2.912389265e-07
557 -0.84410 0.04090 3.917168339e-07
558 -0.89345 0.02905 6.498404461e-05
559 -0.82288 0.02857 1.069295506e-05
560 -0.88165 0.02267 2.354219741e-05
561 -0.90422 0.04018 7.156437619e-06
562 -0.99565 0.01898 1.907895376e-08
563 -0.75110 0.01262 3.221161152e-09
564 -0.84307 0.03143 6.131505624e-05
565 -0.84027 0.01311 3.720616266e-06
566 -0.79476 0.01593 1.528489970e-07
567 -0.87901 0.01785 3.767372230e-05
568 -0.82439 0.01056 3.541310091e-08
569 -0.81829 0.02542 2.954367644e-07
570 -0.89507 0.01449 7.350923660e-07
571 -0.86219 0.01387 4.593284735e-06
572 -0.99598 0.02176 6.422295907e-06
573 -0.99674 0.00812 3.267438832e-07
574 -0.79531 0.02672 2.461672446e-07
575 -0.93129 0.01962 1.878691829e-05
576 -1.04535 0.01717 1.312970282e-06
577 -0.72206 0.02512 4.047696061e-08
578 -0.77069 0.01111 7.417418861e-08
579 -0.96943 0.01590 7.760817388e-05
580 -0.92934 0.01222 4.325486632e-06
581 -0.86816 0.00955 2.713184405e-07
582 -0.66587 0.04573 4.264765240e-09
583 -0.80186 0.02078 1.767425552e-08
584 -0.74844 0.01972 1.976931424e-07
585 -0.94797 0.01441 9.272965663e-05
586 -0.91330 0.01468 2.121486866e-08
587 -0.84577 0.02604 8.833023442e-06
588 -0.83950 0.02295 1.252780964e-06
589 -0.81632 0.04285 7.431883756e-07
590 -0.78353 0.03833 1.401361173e-05
591 -0.88134 0.02306 2.037208234e-08
592 -0.75302 0.01354 3.446221647e-09
593 -0.88898 0.02406 3.213733938e-06
594 -0.91463 0.01242 3.938175731e-08
595 -0.96267 0.01836 9.313626889e-05
596 -0.79918 0.02156 4.190530398e-07
597 -0.82983 0.01568 1.741853380e-07
598 -0.83195 0.02742 1.525017392e-09
599 -0.91386 0.00988 8.211912187e-06
600 -0.85793 0.02125 4.770365778e-08
601 -0.85255 0.01960 6.919747433e-06
602 -0.73593 0.01172 5.003151978e-10
603 -0.93859 0.01973 3.678188387e-05
604 -1.03116 0.02875 1.161201093e-06
605 -0.80433 0.02106 2.214678431e-06
606 -0.79972 0.01908 6.180848049e-09
607 -0.83078 0.00764 4.593343680e-04
608 -0.77183 0.02152 2.437039669e-08
609 -0.89651 0.03233 8.193984372e-07
610 -0.85872 0.03969 6.362443531e-07
611 -0.69610 0.01328 3.710437789e-10
612 -0.78453 0.01308 4.542710642e-08
613 -0.75310 0.02692 4.467901837e-07
614 -1.12702 0.03260 9.087239648e-01
615 -0.78304 0.03092 1.470832684e-06
616 -0.82930 0.01833 1.288621035e-07
617 -0.79248 0.02690 3.202286215e-06
618 -0.92089 0.01496 5.642784309e-07
619 -0.86480 0.02725 1.223017661e-04
620 -0.73709 0.01802 1.164379285e-07
621 -0.92199 0.02321 2.157702093e-07
622 -0.84354 0.02438 4.099544389e-07
623 -0.81982 0.02606 2.472524575e-07
624 -0.81702 0.02936 4.503119123e-07
625 -0.74591 0.02059 1.825982174e-07
626 -0.93304 0.02212 2.717369097e-07
627 -0.86728 0.01420 1.580779768e-06
628 -1.01393 0.02082 1.284109853e-05
629 -0.82132 0.03358 4.632392463e-05
630 -0.85503 0.03273 2.526741369e-07
631 -0.78604 0.03029 1.450810894e-09
632 -0.99082 0.02283 9.501223072e-05
633 -0.90614 0.01874 2.907301425e-05
634 -0.91283 0.01943 2.315250559e-04
635 -0.80951 0.03425 1.976765544e-06
636 -0.89728 0.02436 2.001799500e-05
637 -0.97552 0.02113 3.208664890e-09
638 -0.95799 0.01361 2.339307762e-07
639 -0.87559 0.02154 2.285326854e-08
640 -0.92055 0.02260 8.891264931e-07
641 -0.80759 0.03105 1.739770105e-07
642 -0.82372 0.02006 5.340428656e-09
643 -0.87833 0.01717 7.407552720e-11
644 -0.86008 0.02444 6.202726551e-07
645 -0.81583 0.03274 2.522011358e-06
646 -0.83615 0.02358 1.418273685e-06
647 -0.71074 0.02298 7.969496052e-09
648 -0.88820 0.02155 7.251343424e-06
649 -0.76793 0.01787 6.549868750e-09
650 -0.90629 0.01061 2.856133220e-09
651 -0.86639 0.02390 8.328980354e-06
652 -0.85580 0.02270 6.099535455e-08
653 -1.02758 0.01516 1.834084949e-05
654 -0.78061 0.02557 2.067287026e-07
655 -0.83854 0.01679 2.638218317e-06
656 -0.93514 0.02984 2.536342689e-07
657 -0.87965 0.02158 2.080212480e-09
658 -0.71562 0.02150 2.583718046e-09
659 -0.84046 0.02137 1.359805809e-07
660 -0.87797 0.01428 1.452199070e-05
661 -0.83812 0.02025 8.931931897e-07
662 -0.85716 0.02119 8.269597090e-08
663 -0.79535 0.02947 9.813607154e-09
664 -0.83706 0.02592 2.560210189e-06
665 -0.73764 0.01912 7.047489768e-08
666 -0.80731 0.02347 3.505465236e-05
667 -0.76631 0.02959 1.464415576e-06
668 -0.96109 0.02280 8.089396051e-07
669 -0.88970 0.01302 9.481312721e-09
670 -1.01886 0.00917 2.785812326e-06
671 -0.72108 0.03233 3.968867966e-08
672 -0.75493 0.00751 6.350916884e-09
673 -0.84099 0.02145 1.420455348e-04
674 -0.84262 0.00964 3.341532749e-06
675 -0.94165 0.02877 3.968079778e-07
676 -0.92295 0.01676 5.313005486e-08
677 -0.87358 0.01962 4.336713600e-09
678 -0.77539 0.00994 5.211451120e-08
679 -0.76515 0.02189 4.991025118e-08
680 -0.85643 0.01002 3.639677711e-07
681 -0.79259 0.00985 4.698090310e-08
682 -0.92545 0.01914 1.867854061e-05
683 -0.78568 0.02384 5.409580990e-06
684 -0.86005 0.01522 2.737641315e-09
685 -0.81061 0.03121 2.432573656e-05
686 -0.84641 0.01549 1.465977650e-08
687 -0.87987 0.01164 7.750227448e-07
688 -0.87183 0.02171 9.253424045e-09
689 -0.89133 0.02365 9.689073089e-07
690 -0.75146 0.01937 6.082597154e-09
691 -1.03249 0.01662 2.825964458e-05
692 -0.92051 0.01148 9.831696939e-06
693 -0.80695 0.00964 5.804150562e-07
694 -0.75725 0.02740 1.339426706e-02
695 -0.91138 0.02039 9.150906938e-08
696 -0.78166 0.02111 2.506342004e-09
697 -0.77920 0.01650 4.513305478e-07
698 -0.86453 0.02852 6.524548080e-06
699 -0.90802 0.00940 1.750728452e-09
700 -0.87180 0.02315 4.291565144e-07
701 -1.00903 0.01749 5.541284170e-06
702 -0.75967 0.02995 1.825623022e-08
703 -0.85199 0.01589 1.348966539e-04
704 -0.85574 0.01624 6.932614664e-08
705 -1.02014 0.03609 4.655953305e-08
706 -0.98397 0.01930 7.121650603e-05
707 -0.93320 0.02853 4.696952710e-07
708 -0.90218 0.02001 1.659095212e-06
709 -0.75836 0.01804 5.032805191e-07
710 -0.91212 0.03685 2.451939867e-07
711 -0.81178 0.01188 4.010681357e-09
712 -0.89905 0.01986 4.002315086e-05
713 -0.98884 0.02092 2.211360794e-07
714 -0.82935 0.03478 1.100984780e-07
715 -0.78683 0.01668 8.150062514e-08
716 -0.69873 0.01903 1.951615662e-09
717 -0.78576 0.03207 4.458730202e-08
718 -0.81268 0.02633 2.346539480e-07
719 -0.83425 0.01256 4.509278645e-05
720 -0.90014 0.02690 1.455705428e-05
721 -0.77282 0.02585 2.971683872e-07
722 -0.87257 0.02797 1.281513606e-04
723 -0.93533 0.02101 5.359958158e-06
724 -0.76890 0.02992 1.569945843e-06
725 -0.86954 0.03018 1.317916707e-07
726 -0.84430 0.01989 6.865002735e-06
727 -0.86489 0.02863 2.096544049e-08
728 -0.89653 0.02840 8.661215776e-07
729 -1.02887 0.02403 4.935293525e-06
730 -0.95701 0.03445 2.867239885e-06
731 -0.98250 0.00982 2.885762281e-07
732 -0.84799 0.03351 2.918057878e-07
733 -0.95854 0.01546 6.563636813e-08
734 -0.92590 0.03104 1.146052347e-06
735 -0.77026 0.03609 4.920750894e-10
736 -0.94917 0.02335 2.389650885e-07
737 -0.83606 0.03062 2.059674018e-08
738 -0.78394 0.02139 1.648435300e-07
739 -0.83286 0.01819 1.790341282e-05
740 -0.84707 0.01835 3.087694585e-08
741 -0.92023 0.00742 2.409882531e-07
742 -0.81493 0.02876 6.331113818e-08
743 -0.81208 0.02766 5.082427864e-06
744 -0.82795 0.03726 5.076070662e-08
745 -0.81600 0.01798 7.791342753e-09
746 -0.86191 0.01957 1.467282303e-08
747 -0.86533 0.01290 3.656756633e-09
748 -0.85951 0.01928 6.672837741e-10
749 -0.68075 0.01905 3.793745509e-11
750 -0.77094 0.00846 4.662143808e-10
751 -0.81452 0.01781 9.277224101e-08
752 -0.73499 0.02404 7.883295304e-08
753 -0.94805 0.02902 2.680435265e-04
754 -0.83176 0.02474 7.620324648e-06
755 -0.94989 0.02398 2.065325090e-07
756 -0.91406 0.01836 4.503817824e-07
757 -0.93404 0.00839 2.281277847e-06
758 -0.89446 0.01514 2.241687348e-09
759 -0.79337 0.01537 1.659253176e-07
760 -0.84238 0.02282 4.342141578e-07
761 -0.75902 0.01321 2.005341029e-09
762 -0.83797 0.03120 4.805688386e-03
763 -0.94850 0.01900 4.559697610e-06
764 -0.86346 0.00728 2.002628016e-07
765 -0.87145 0.02660 2.949876030e-07
766 -0.79011 0.02880 6.315944672e-08
767 -0.85780 0.02892 5.080846749e-06
768 -0.96474 0.01730 1.544865351e-06
769 -0.87097 0.02101 1.015271093e-08
770 -1.02557 0.02201 4.267986520e-06
771 -0.87230 0.03134 3.132642611e-07
772 -0.89329 0.01254 1.130544858e-06
773 -0.83816 0.01632 4.785112868e-09
774 -0.85076 0.02079 9.674495190e-06
775 -0.85796 0.02899 5.500696810e-05
776 -0.87955 0.02086 7.386474333e-08
777 -0.95239 0.02936 3.167701439e-04
778 -0.74354 0.02208 6.606569526e-08
779 -0.87207 0.01486 2.307003133e-07
780 -0.85919 0.01827 1.334834804e-07
781 -0.76060 0.03494 2.051643312e-07
782 -0.82282 0.02827 1.174041349e-06
783 -0.91475 0.02090 1.083043471e-06
784 -0.74931 0.01860 1.739106762e-08
785 -0.89682 0.03597 1.055251185e-06
786 -0.81754 0.01818 5.249685855e-08
787 -0.77915 0.02809 9.028563506e-11
788 -0.82467 0.01864 2.364163015e-05
789 -0.86008 0.02662 8.821993575e-09
790 -0.82189 0.01472 4.302692211e-09
791 -1.03988 0.02036 1.451245061e-04
792 -0.91647 0.01766 8.357522236e-08
793 -0.75220 0.01475 3.148058914e-09
794 -0.89876 0.03946 8.012721151e-07
795 -0.89599 0.01620 1.096988921e-06
796 -0.90400 0.01718 2.140460724e-09
797 -0.93521 0.02001 4.256332550e-04
798 -0.76074 0.03419 5.129801988e-08
799 -0.95311 0.01920 3.028450639e-05
800 -0.87008 0.01810 1.226471038e-06
801 -0.95612 0.02017 2.167371775e-07
802 -0.90441 0.01157 2.532422325e-05
803 -0.85972 0.01617 2.744155513e-06
804 -0.78016 0.02101 1.914495347e-07
805 -0.86729 0.00733 9.498389464e-09
806 -0.85123 0.02429 2.882717954e-08
807 -0.75621 0.03169 6.244505991e-08
808 -0.97566 0.01741 7.229303980e-07
809 -0.77791 0.01855 1.196700079e-07
810 -0.74216 0.02968 1.589831666e-07
811 -0.87699 0.02760 8.644151341e-06
812 -0.80658 0.01150 5.328580509e-08
813 -0.84370 0.03169 3.826005200e-08
814 -0.91987 0.03001 7.919149935e-04
815 -0.76845 0.02276 2.411383278e-09
816 -0.84539 0.01022 3.110012419e-07
817 -0.91329 0.02718 7.114826503e-06
818 -0.90681 0.02885 1.023445619e-05
819 -0.81683 0.02335 3.031590366e-07
820 -0.96133 0.01848 1.530769385e-07
821 -0.91109 0.04490 4.386680521e-07
822 -0.94304 0.03147 4.091066679e-05
823 -0.88529 0.03177 1.195652920e-07
824 -0.68390 0.01913 1.314824608e-09
825 -0.91528 0.01086 3.631018464e-06
826 -0.84307 0.01711 4.588933519e-07
827 -0.80458 0.02000 2.430644465e-06
828 -0.83058 0.02258 9.186581286e-06
829 -0.72315 0.01804 4.027071489e-08
830 -0.87970 0.02146 5.872842845e-06
831 -0.75845 0.04523 4.467990770e-07
832 -0.85607 0.02440 4.112950378e-07
833 -0.99857 0.02896 3.044063766e-08
834 -0.85067 0.01373 3.057726408e-07
835 -0.76368 0.02014 7.995992593e-09
836 -0.81031 0.01666 2.301378873e-07
837 -0.95344 0.01670 1.684868678e-08
838 -0.84776 0.02519 2.518427558e-06
839 -0.73915 0.02491 9.778271492e-08
840 -0.82117 0.01829 2.942779544e-07
841 -0.79502 0.04519 9.624773429e-07
842 -0.85763 0.01774 8.297764135e-08
843 -0.86961 0.02391 3.227996140e-04
844 -0.90376 0.02127 1.041738843e-08
845 -0.74926 0.01335 1.795817580e-09
846 -0.82517 0.03520 1.321386699e-05
847 -0.92263 0.01046 3.807037087e-08
848 -0.72865 0.02506 2.597863447e-08
849 -0.83209 0.01205 5.803212939e-08
850 -0.92380 0.01085 5.559772198e-08
851 -0.77407 0.02750 2.283894280e-07
852 -0.80027 0.02149 1.746928024e-07
853 -0.84871 0.01335 2.489093935e-09
854 -0.79720 0.02366 5.488443195e-07
855 -0.84725 0.01945 9.673086053e-06
856 -0.83364 0.01257 6.382608671e-08
857 -0.93429 0.02834 1.850381813e-07
858 -0.90391 0.02800 1.084614669e-07
859 -0.84939 0.01782 5.701910234e-07
860 -0.97082 0.02343 9.447315900e-07
861 -0.73561 0.00917 3.345589932e-08
862 -0.89862 0.02773 1.507758533e-04
863 -0.88765 0.01701 6.902507021e-07
864 -0.79473 0.01987 5.014913902e-08
865 -0.96329 0.03038 1.825682319e-06
866 -0.82636 0.02356 5.299167465e-07
867 -0.89767 0.02590 8.835898189e-05
868 -0.76047 0.01935 2.993965885e-07
869 -0.81296 0.02474 1.118191807e-07
870 -0.91749 0.01521 2.715095035e-08
871 -0.79647 0.01186 1.954125800e-09
872 -0.97925 0.01614 5.176838546e-07
873 -0.91229 0.01751 6.026890106e-08
874 -0.86260 0.03283 1.047860187e-06
875 -0.93178 0.01821 3.843329215e-05
876 -0.91595 0.01422 1.585808067e-07
877 -0.81951 0.00851 5.859023223e-10
878 -0.83418 0.02431 6.011633735e-09
879 -0.92456 0.01643 7.752404526e-07
880 -0.81097 0.01687 1.563483915e-09
881 -0.98473 0.03634 1.117847103e-04
882 -0.83256 0.02869 1.588736576e-04
883 -0.86861 0.01463 1.926220745e-08
884 -0.81154 0.02310 1.018544060e-07
885 -0.92824 0.02852 2.250580962e-05
886 -0.75398 0.02753 4.542252410e-06
887 -0.80385 0.02168 1.589194678e-06
888 -0.87655 0.01384 2.248551481e-05
889 -0.79706 0.02202 1.736600084e-07
890 -0.77998 0.03805 1.103149304e-06
891 -0.91304 0.02396 9.419300943e-08
892 -0.81798 0.01839 4.365193504e-07
893 -0.97726 0.05083 1.246974592e-05
894 -0.93021 0.01716 2.573556829e-07
895 -0.95842 0.01672 1.450461764e-10
896 -0.96087 0.03313 3.708471871e-06
897 -0.83838 0.02035 1.759061136e-07
898 -0.98323 0.01359 1.342834442e-06
899 -0.85564 0.03240 2.200256868e-06
900 -0.81677 0.01225 5.374978451e-08
901 -0.81879 0.01508 1.314479059e-07
902 -0.97121 0.01850 3.700137268e-08
903 -0.80245 0.01339 4.516956115e-09
904 -0.91009 0.02122 1.074557429e-07
905 -0.82214 0.02001 1.898228285e-07
906 -0.81740 0.02463 1.415323267e-06
907 -0.76047 0.02129 6.542834270e-08
908 -0.87692 0.02402 3.974942359e-06
909 -0.82264 0.03936 2.579415473e-07
910 -0.90109 0.02890 8.740042065e-07
911 -0.92850 0.01723 1.844064418e-04
912 -0.92921 0.00968 1.898806099e-07
913 -0.83504 0.02759 1.023274532e-07
914 -0.86040 0.01226 8.271558369e-08
915 -0.79108 0.00578 2.853108245e-07
916 -0.81809 0.03048 1.210807682e-09
917 -0.94538 0.01900 9.007212714e-06
918 -0.80260 0.02215 2.213549750e-05
919 -0.78002 0.01483 1.240236688e-07
920 -0.82045 0.04123 5.018858138e-06
921 -0.78507 0.02147 1.136803665e-09
922 -0.82720 0.02956 5.886275172e-07
923 -0.80450 0.01498 1.012744127e-07
924 -0.98385 0.02603 2.048798184e-06
925 -0.90464 0.02369 1.764441450e-07
926 -0.93724 0.01296 3.078820446e-06
927 -0.85658 0.01861 2.213553709e-06
928 -0.86969 0.03205 4.021401111e-08
929 -0.79654 0.02417 2.685429951e-09
930 -1.02999 0.01583 2.518648714e-05
931 -0.86068 0.01027 2.152289582e-07
932 -0.86799 0.01602 3.289722380e-06
933 -0.87465 0.01987 1.077489155e-04
934 -0.85094 0.01807 1.687932256e-08
935 -0.80134 0.01840 5.496419392e-10
936 -0.90614 0.02967 4.419183436e-08
937 -1.01734 0.01270 6.066558336e-08
938 -0.83077 0.03137 5.827585831e-05
939 -0.93670 0.02100 1.475719580e-06
940 -0.71646 0.01561 1.880624499e-08
941 -0.79015 0.02692 3.529964614e-07
942 -0.91924 0.01792 2.208484882e-06
943 -0.89281 0.01922 1.958492151e-06
944 -0.78453 0.03738 1.650410623e-09
945 -1.05221 0.01477 1.171516822e-04
946 -0.92920 0.02127 1.769042035e-07
947 -0.84869 0.02707 6.542220609e-08
948 -0.83330 0.01835 6.053566966e-06
949 -0.81007 0.03021 9.843158177e-08
950 -0.95412 0.01691 4.306875862e-08
951 -0.96853 0.02061 8.614681605e-07
952 -0.89038 0.03012 1.349668408e-07
953 -0.87383 0.02773 3.335544987e-06
954 -0.82276 0.01836 9.194045209e-07
955 -0.83708 0.03611 1.539572952e-06
956 -0.77220 0.02108 1.533744306e-07
957 -0.87666 0.02104 2.092831440e-08
958 -0.98774 0.01331 4.015345330e-06
959 -0.83262 0.01652 8.666052971e-07
960 -0.99187 0.02451 2.773899737e-08
961 -0.85700 0.02095 4.846187315e-07
962 -0.82362 0.01958 1.176425333e-06
963 -0.82273 0.01390 4.622660216e-08
964 -0.84685 0.02140 3.776998282e-09
965 -0.74472 0.02420 6.387502131e-07
966 -0.84777 0.00901 2.397401895e-07
967 -0.93440 0.02558 2.210806595e-07
968 -0.91443 0.01867 3.708100377e-06
969 -0.61969 0.01760 3.281468804e-10
970 -0.82395 0.01833 3.311421954e-07
971 -0.80340 0.03177 7.863505608e-07
972 -0.92427 0.02108 3.307899953e-08
973 -0.89627 0.01154 3.446619641e-08
974 -0.86378 0.04325 1.197061347e-07
975 -0.86779 0.02088 2.401844429e-07
976 -0.85158 0.02557 8.453757495e-08
977 -0.79589 0.01619 2.009517859e-07
978 -0.82954 0.01046 7.158550835e-10
979 -0.83841 0.02587 1.462650040e-07
980 -0.89542 0.00559 2.851497023e-08
981 -0.82062 0.01320 2.686791616e-08
982 -0.89149 0.01118 1.737927872e-09
983 -0.80547 0.01133 2.442557667e-07
984 -0.89874 0.02139 8.940799072e-06
985 -0.82573 0.03325 5.554478857e-10
986 -0.98553 0.02724 7.352143365e-06
987 -1.00616 0.01373 4.299668806e-06
988 -0.88306 0.01516 1.063086250e-04
989 -0.73186 0.01146 6.887724608e-08
990 -0.96220 0.02593 8.044508950e-07
991 -0.85899 0.01990 1.887868701e-08
992 -0.83504 0.03682 4.592098490e-08
993 -0.83870 0.01356 3.931959625e-06
994 -0.91386 0.02382 7.068902392e-07
995 -0.82460 0.01844 8.141108607e-09
996 -0.70877 0.00755 5.031539352e-10
997 -0.83039 0.02035 6.251647626e-06
998 -0.80130 0.01196 2.822060238e-10
999 -0.82340 0.01658 1.492754384e-08
